Date,Province,Daily_Case,Daily_Death,Daily_Recovered,Active_Case,Cumulative_Case,Cumulative_Recovered,Cumulative_Death,Cumulative_Active_Case
2020-03-01,DKI JAKARTA,2,0,0,2,2,0,0,2
2020-03-02,DKI JAKARTA,2,0,0,2,4,0,0,4
2020-03-03,DKI JAKARTA,2,0,0,2,6,0,0,6
2020-03-04,DKI JAKARTA,2,0,0,2,8,0,0,8
2020-03-05,DKI JAKARTA,0,1,0,-1,8,0,1,7
2020-03-06,DKI JAKARTA,0,0,0,0,8,0,1,7
2020-03-07,DKI JAKARTA,0,2,0,-2,8,0,3,5
2020-03-08,DKI JAKARTA,0,0,0,0,8,0,3,5
2020-03-09,DKI JAKARTA,0,1,0,-1,8,0,4,4
2020-03-10,DKI JAKARTA,0,0,0,0,8,0,4,4
2020-03-11,DKI JAKARTA,0,0,0,0,8,0,4,4
2020-03-12,DKI JAKARTA,2,1,4,-3,10,4,5,1
2020-03-13,DKI JAKARTA,4,1,3,0,14,7,6,1
2020-03-14,DKI JAKARTA,2,1,1,0,16,8,7,1
2020-03-15,DKI JAKARTA,8,3,0,5,24,8,10,6
2020-03-16,DKI JAKARTA,2,3,0,-1,26,8,13,5
2020-03-17,DKI JAKARTA,2,1,0,1,28,8,14,6
2020-03-18,DKI JAKARTA,1,1,0,0,29,8,15,6
2020-03-19,DKI JAKARTA,2,0,1,1,31,9,15,7
2020-03-20,DKI JAKARTA,5,3,1,1,36,10,18,8
2020-03-21,DKI JAKARTA,8,3,6,-1,44,16,21,7
2020-03-22,DKI JAKARTA,2,0,3,-1,46,19,21,6
2020-03-23,DKI JAKARTA,0,0,0,0,46,19,21,6
2020-03-24,DKI JAKARTA,16,19,3,-6,62,22,40,0
2020-03-25,DKI JAKARTA,1,1,0,0,63,22,41,0
2020-03-26,DKI JAKARTA,57,2,0,55,120,22,43,55
2020-03-27,DKI JAKARTA,74,7,6,61,194,28,50,116
2020-03-28,DKI JAKARTA,48,9,9,30,242,37,59,146
2020-03-29,DKI JAKARTA,52,10,0,42,294,37,69,188
2020-03-30,DKI JAKARTA,33,7,0,26,327,37,76,214
2020-03-31,DKI JAKARTA,44,10,0,34,371,37,86,248
2020-04-01,DKI JAKARTA,59,1,0,58,430,37,87,306
2020-04-02,DKI JAKARTA,70,5,2,63,500,39,92,369
2020-04-03,DKI JAKARTA,71,6,2,63,571,41,98,432
2020-04-04,DKI JAKARTA,57,8,5,44,628,46,106,476
2020-04-05,DKI JAKARTA,87,11,2,74,715,48,117,550
2020-04-06,DKI JAKARTA,103,7,7,89,818,55,124,639
2020-04-07,DKI JAKARTA,113,14,3,96,931,58,138,735
2020-04-08,DKI JAKARTA,90,8,5,77,1021,63,146,812
2020-04-09,DKI JAKARTA,228,34,5,189,1249,68,180,1001
2020-04-10,DKI JAKARTA,53,11,4,38,1302,72,191,1039
2020-04-11,DKI JAKARTA,190,10,7,173,1492,79,201,1212
2020-04-12,DKI JAKARTA,156,33,37,86,1648,116,234,1298
2020-04-13,DKI JAKARTA,135,7,1,127,1783,117,241,1425
2020-04-14,DKI JAKARTA,122,10,0,112,1905,117,251,1537
2020-04-15,DKI JAKARTA,143,9,20,114,2048,137,260,1651
2020-04-16,DKI JAKARTA,174,1,0,173,2222,137,261,1824
2020-04-17,DKI JAKARTA,170,7,35,128,2392,172,268,1952
2020-04-18,DKI JAKARTA,101,7,1,93,2493,173,275,2045
2020-04-19,DKI JAKARTA,113,3,25,85,2606,198,278,2130
2020-04-20,DKI JAKARTA,74,5,7,62,2680,205,283,2192
2020-04-21,DKI JAKARTA,183,2,59,122,2863,264,285,2314
2020-04-22,DKI JAKARTA,110,1,8,101,2973,272,286,2415
2020-04-23,DKI JAKARTA,122,0,4,118,3095,276,286,2533
2020-04-24,DKI JAKARTA,78,0,1,77,3173,277,286,2610
2020-04-25,DKI JAKARTA,78,19,7,52,3251,284,305,2662
2020-04-26,DKI JAKARTA,104,7,1,96,3355,285,312,2758
2020-04-27,DKI JAKARTA,66,13,1,52,3421,286,325,2810
2020-04-28,DKI JAKARTA,124,4,22,98,3545,308,329,2908
2020-04-29,DKI JAKARTA,110,0,75,35,3655,383,329,2943
2020-04-30,DKI JAKARTA,106,0,46,60,3761,429,329,3003
2020-05-01,DKI JAKARTA,135,4,2,129,3896,431,333,3132
2020-05-02,DKI JAKARTA,92,17,24,51,3988,455,350,3183
2020-05-03,DKI JAKARTA,129,5,112,12,4117,567,355,3195
2020-05-04,DKI JAKARTA,80,8,3,69,4197,570,363,3264
2020-05-05,DKI JAKARTA,132,1,66,65,4329,636,364,3329
2020-05-06,DKI JAKARTA,106,5,37,64,4435,673,369,3393
2020-05-07,DKI JAKARTA,82,8,4,70,4517,677,377,3463
2020-05-08,DKI JAKARTA,96,1,0,95,4613,677,378,3558
2020-05-09,DKI JAKARTA,98,3,5,90,4711,682,381,3648
2020-05-10,DKI JAKARTA,125,6,49,70,4836,731,387,3718
2020-05-11,DKI JAKARTA,81,6,9,66,4917,740,393,3784
2020-05-12,DKI JAKARTA,96,2,108,-14,5013,848,395,3770
2020-05-13,DKI JAKARTA,180,6,96,78,5193,944,401,3848
2020-05-14,DKI JAKARTA,135,2,134,-1,5328,1078,403,3847
2020-05-15,DKI JAKARTA,86,7,106,-27,5414,1184,410,3820
2020-05-16,DKI JAKARTA,101,0,18,83,5515,1202,410,3903
2020-05-17,DKI JAKARTA,127,3,11,113,5642,1213,413,4016
2020-05-18,DKI JAKARTA,79,0,0,79,5721,1213,413,4095
2020-05-19,DKI JAKARTA,94,7,21,66,5815,1234,420,4161
2020-05-20,DKI JAKARTA,84,1,3,80,5899,1237,421,4241
2020-05-21,DKI JAKARTA,70,8,130,-68,5969,1367,429,4173
2020-05-22,DKI JAKARTA,106,29,55,22,6075,1422,458,4195
2020-05-23,DKI JAKARTA,111,1,54,56,6186,1476,459,4251
2020-05-24,DKI JAKARTA,112,0,20,92,6298,1496,459,4343
2020-05-25,DKI JAKARTA,76,0,65,11,6374,1561,459,4354
2020-05-26,DKI JAKARTA,87,0,13,74,6461,1574,459,4428
2020-05-27,DKI JAKARTA,109,8,16,85,6570,1590,467,4513
2020-05-28,DKI JAKARTA,100,0,20,80,6670,1610,467,4593
2020-05-29,DKI JAKARTA,125,0,38,87,6795,1648,467,4680
2020-05-30,DKI JAKARTA,108,7,255,-154,6903,1903,474,4526
2020-05-31,DKI JAKARTA,113,1,70,42,7016,1973,475,4568
2020-06-01,DKI JAKARTA,157,2,185,-30,7173,2158,477,4538
2020-06-02,DKI JAKARTA,59,0,120,-61,7232,2278,477,4477
2020-06-03,DKI JAKARTA,91,5,181,-95,7323,2459,482,4382
2020-06-04,DKI JAKARTA,109,0,21,88,7432,2480,482,4470
2020-06-05,DKI JAKARTA,70,1,138,-69,7502,2618,483,4401
2020-06-06,DKI JAKARTA,117,0,86,31,7619,2704,483,4432
2020-06-07,DKI JAKARTA,168,4,287,-123,7787,2991,487,4309
2020-06-08,DKI JAKARTA,90,0,75,15,7877,3066,487,4324
2020-06-09,DKI JAKARTA,239,4,163,72,8116,3229,491,4396
2020-06-10,DKI JAKARTA,166,2,141,23,8282,3370,493,4419
2020-06-11,DKI JAKARTA,131,1,147,-17,8413,3517,494,4402
2020-06-12,DKI JAKARTA,92,4,118,-30,8505,3635,498,4372
2020-06-13,DKI JAKARTA,121,8,58,55,8626,3693,506,4427
2020-06-14,DKI JAKARTA,118,9,246,-137,8744,3939,515,4290
2020-06-15,DKI JAKARTA,141,2,111,28,8885,4050,517,4318
2020-06-16,DKI JAKARTA,97,0,132,-35,8982,4182,517,4283
2020-06-17,DKI JAKARTA,122,5,115,2,9104,4297,522,4285
2020-06-18,DKI JAKARTA,171,30,130,11,9275,4427,552,4296
2020-06-19,DKI JAKARTA,133,1,126,6,9408,4553,553,4302
2020-06-20,DKI JAKARTA,189,8,123,58,9597,4676,561,4360
2020-06-21,DKI JAKARTA,141,1,234,-94,9738,4910,562,4266
2020-06-22,DKI JAKARTA,123,0,75,48,9861,4985,562,4314
2020-06-23,DKI JAKARTA,160,8,109,43,10021,5094,570,4357
2020-06-24,DKI JAKARTA,152,8,97,47,10173,5191,578,4404
2020-06-25,DKI JAKARTA,181,9,220,-48,10354,5411,587,4356
2020-06-26,DKI JAKARTA,197,4,0,193,10551,5411,591,4549
2020-06-27,DKI JAKARTA,192,8,68,116,10743,5479,599,4665
2020-06-28,DKI JAKARTA,132,1,255,-124,10875,5734,600,4541
2020-06-29,DKI JAKARTA,122,0,252,-130,10997,5986,600,4411
2020-06-30,DKI JAKARTA,182,8,394,-220,11179,6380,608,4191
2020-07-01,DKI JAKARTA,215,0,168,47,11394,6548,608,4238
2020-07-02,DKI JAKARTA,200,6,192,2,11594,6740,614,4240
2020-07-03,DKI JAKARTA,140,5,240,-105,11734,6980,619,4135
2020-07-04,DKI JAKARTA,218,0,268,-50,11952,7248,619,4085
2020-07-05,DKI JAKARTA,255,5,286,-36,12207,7534,624,4049
2020-07-06,DKI JAKARTA,221,0,374,-153,12428,7908,624,3896
2020-07-07,DKI JAKARTA,193,12,242,-61,12621,8150,636,3835
2020-07-08,DKI JAKARTA,350,6,147,197,12971,8297,642,4032
2020-07-09,DKI JAKARTA,277,6,223,48,13248,8520,648,4080
2020-07-10,DKI JAKARTA,252,0,180,72,13500,8700,648,4152
2020-07-11,DKI JAKARTA,383,10,215,158,13883,8915,658,4310
2020-07-12,DKI JAKARTA,395,10,159,226,14278,9074,668,4536
2020-07-13,DKI JAKARTA,281,7,208,66,14559,9282,675,4602
2020-07-14,DKI JAKARTA,266,4,120,142,14825,9402,679,4744
2020-07-15,DKI JAKARTA,251,5,197,49,15076,9599,684,4793
2020-07-16,DKI JAKARTA,309,8,135,166,15385,9734,692,4959
2020-07-17,DKI JAKARTA,257,6,139,112,15642,9873,698,5071
2020-07-18,DKI JAKARTA,339,8,121,210,15981,9994,706,5281
2020-07-19,DKI JAKARTA,319,9,327,-17,16300,10321,715,5264
2020-07-20,DKI JAKARTA,381,9,155,217,16681,10476,724,5481
2020-07-21,DKI JAKARTA,432,8,266,158,17113,10742,732,5639
2020-07-22,DKI JAKARTA,387,5,367,15,17500,11109,737,5654
2020-07-23,DKI JAKARTA,462,2,168,292,17962,11277,739,5946
2020-07-24,DKI JAKARTA,293,4,270,19,18255,11547,743,5965
2020-07-25,DKI JAKARTA,369,0,175,194,18624,11722,743,6159
2020-07-26,DKI JAKARTA,384,4,161,219,19008,11883,747,6378
2020-07-27,DKI JAKARTA,501,10,112,379,19509,11995,757,6757
2020-07-28,DKI JAKARTA,409,16,374,19,19918,12369,773,6776
2020-07-29,DKI JAKARTA,617,14,250,353,20535,12619,787,7129
2020-07-30,DKI JAKARTA,397,19,188,190,20932,12807,806,7319
2020-07-31,DKI JAKARTA,430,14,405,11,21362,13212,820,7330
2020-08-01,DKI JAKARTA,368,12,680,-324,21730,13892,832,7006
2020-08-02,DKI JAKARTA,377,0,141,236,22107,14033,832,7242
2020-08-03,DKI JAKARTA,472,16,134,322,22579,14167,848,7564
2020-08-04,DKI JAKARTA,410,14,224,172,22989,14391,862,7736
2020-08-05,DKI JAKARTA,354,14,379,-39,23343,14770,876,7697
2020-08-06,DKI JAKARTA,556,13,248,295,23899,15018,889,7992
2020-08-07,DKI JAKARTA,665,12,196,457,24564,15214,901,8449
2020-08-08,DKI JAKARTA,686,11,509,166,25250,15723,912,8615
2020-08-09,DKI JAKARTA,440,6,560,-126,25690,16283,918,8489
2020-08-10,DKI JAKARTA,433,2,179,252,26123,16462,920,8741
2020-08-11,DKI JAKARTA,462,12,184,266,26585,16646,932,9007
2020-08-12,DKI JAKARTA,529,15,822,-308,27114,17468,947,8699
2020-08-13,DKI JAKARTA,608,11,400,197,27722,17868,958,8896
2020-08-14,DKI JAKARTA,538,4,694,-160,28260,18562,962,8736
2020-08-15,DKI JAKARTA,583,6,527,50,28843,19089,968,8786
2020-08-16,DKI JAKARTA,518,1,654,-137,29361,19743,969,8649
2020-08-17,DKI JAKARTA,552,14,209,329,29913,19952,983,8978
2020-08-18,DKI JAKARTA,513,19,589,-95,30426,20541,1002,8883
2020-08-19,DKI JAKARTA,551,18,570,-37,30977,21111,1020,8846
2020-08-20,DKI JAKARTA,594,16,729,-151,31571,21840,1036,8695
2020-08-21,DKI JAKARTA,657,16,435,206,32228,22275,1052,8901
2020-08-22,DKI JAKARTA,588,17,653,-82,32816,22928,1069,8819
2020-08-23,DKI JAKARTA,614,17,693,-96,33430,23621,1086,8723
2020-08-24,DKI JAKARTA,633,16,1901,-1284,34063,25522,1102,7439
2020-08-25,DKI JAKARTA,638,15,526,97,34701,26048,1117,7536
2020-08-26,DKI JAKARTA,713,7,764,-58,35414,26812,1124,7478
2020-08-27,DKI JAKARTA,760,11,1539,-790,36174,28351,1135,6688
2020-08-28,DKI JAKARTA,869,10,880,-21,37043,29231,1145,6667
2020-08-29,DKI JAKARTA,861,18,600,243,37904,29831,1163,6910
2020-08-30,DKI JAKARTA,1094,9,368,717,38998,30199,1172,7627
2020-08-31,DKI JAKARTA,1049,14,402,633,40047,30601,1186,8260
2020-09-01,DKI JAKARTA,901,17,737,147,40948,31338,1203,8407
2020-09-02,DKI JAKARTA,1054,17,479,558,42002,31817,1220,8965
2020-09-03,DKI JAKARTA,1359,15,702,642,43361,32519,1235,9607
2020-09-04,DKI JAKARTA,880,6,823,51,44241,33342,1241,9658
2020-09-05,DKI JAKARTA,877,14,731,132,45118,34073,1255,9790
2020-09-06,DKI JAKARTA,1176,10,805,361,46294,34878,1265,10151
2020-09-07,DKI JAKARTA,1046,22,662,362,47340,35540,1287,10513
2020-09-08,DKI JAKARTA,1014,21,931,62,48354,36471,1308,10575
2020-09-09,DKI JAKARTA,1004,17,844,143,49358,37315,1325,10718
2020-09-10,DKI JAKARTA,1274,17,1008,249,50632,38323,1342,10967
2020-09-11,DKI JAKARTA,964,17,904,43,51596,39227,1359,11010
2020-09-12,DKI JAKARTA,1205,18,665,522,52801,39892,1377,11532
2020-09-13,DKI JAKARTA,1380,5,957,418,54181,40849,1382,11950
2020-09-14,DKI JAKARTA,879,27,1511,-659,55060,42360,1409,11291
2020-09-15,DKI JAKARTA,1076,33,982,61,56136,43342,1442,11352
2020-09-16,DKI JAKARTA,1294,31,1146,117,57430,44488,1473,11469
2020-09-17,DKI JAKARTA,1113,14,748,351,58543,45236,1487,11820
2020-09-18,DKI JAKARTA,1258,22,1036,200,59801,46272,1509,12020
2020-09-19,DKI JAKARTA,988,10,1032,-54,60789,47304,1519,11966
2020-09-20,DKI JAKARTA,1138,14,1069,55,61927,48373,1533,12021
2020-09-21,DKI JAKARTA,1352,29,1294,29,63279,49667,1562,12050
2020-09-22,DKI JAKARTA,1236,30,849,357,64515,50516,1592,12407
2020-09-23,DKI JAKARTA,1135,28,1105,2,65650,51621,1620,12409
2020-09-24,DKI JAKARTA,1044,20,1162,-138,66694,52783,1640,12271
2020-09-25,DKI JAKARTA,1171,13,1626,-468,67865,54409,1653,11803
2020-09-26,DKI JAKARTA,1323,12,764,547,69188,55173,1665,12350
2020-09-27,DKI JAKARTA,1217,13,1294,-90,70405,56467,1678,12260
2020-09-28,DKI JAKARTA,898,9,1331,-442,71303,57798,1687,11818
2020-09-29,DKI JAKARTA,1238,21,1121,96,72541,58919,1708,11914
2020-09-30,DKI JAKARTA,1159,13,1452,-306,73700,60371,1721,11608
2020-10-01,DKI JAKARTA,1253,6,1118,129,74953,61489,1727,11737
2020-10-02,DKI JAKARTA,1198,3,675,520,76151,62164,1730,12257
2020-10-03,DKI JAKARTA,1265,4,1190,71,77416,63354,1734,12328
2020-10-04,DKI JAKARTA,1398,13,1031,354,78814,64385,1747,12682
2020-10-05,DKI JAKARTA,1022,16,980,26,79836,65365,1763,12708
2020-10-06,DKI JAKARTA,1106,31,1016,59,80942,66381,1794,12767
2020-10-07,DKI JAKARTA,1211,15,987,209,82153,67368,1809,12976
2020-10-08,DKI JAKARTA,1182,17,1047,118,83335,68415,1826,13094
2020-10-09,DKI JAKARTA,943,21,849,73,84278,69264,1847,13167
2020-10-10,DKI JAKARTA,1259,16,1284,-41,85537,70548,1863,13126
2020-10-11,DKI JAKARTA,1389,18,1062,309,86926,71610,1881,13435
2020-10-12,DKI JAKARTA,1211,25,1113,73,88137,72723,1906,13508
2020-10-13,DKI JAKARTA,1054,19,1101,-66,89191,73824,1925,13442
2020-10-14,DKI JAKARTA,1038,17,1203,-182,90229,75027,1942,13260
2020-10-15,DKI JAKARTA,1072,20,1050,2,91301,76077,1962,13262
2020-10-16,DKI JAKARTA,1045,24,982,39,92346,77059,1986,13301
2020-10-17,DKI JAKARTA,974,23,1108,-157,93320,78167,2009,13144
2020-10-18,DKI JAKARTA,971,17,1080,-126,94291,79247,2026,13018
2020-10-19,DKI JAKARTA,926,14,1128,-216,95217,80375,2040,12802
2020-10-20,DKI JAKARTA,964,22,837,105,96181,81212,2062,12907
2020-10-21,DKI JAKARTA,1000,21,1073,-94,97181,82285,2083,12813
2020-10-22,DKI JAKARTA,989,16,1157,-184,98170,83442,2099,12629
2020-10-23,DKI JAKARTA,952,21,1093,-162,99122,84535,2120,12467
2020-10-24,DKI JAKARTA,1062,20,1157,-115,100184,85692,2140,12352
2020-10-25,DKI JAKARTA,771,18,1231,-478,100955,86923,2158,11874
2020-10-26,DKI JAKARTA,906,13,1185,-292,101861,88108,2171,11582
2020-10-27,DKI JAKARTA,781,11,1130,-360,102642,89238,2182,11222
2020-10-28,DKI JAKARTA,844,17,1060,-233,103486,90298,2199,10989
2020-10-29,DKI JAKARTA,713,14,1084,-385,104199,91382,2213,10604
2020-10-30,DKI JAKARTA,612,14,1081,-483,104811,92463,2227,10121
2020-10-31,DKI JAKARTA,750,19,1047,-316,105561,93510,2246,9805
2020-11-01,DKI JAKARTA,608,19,1474,-885,106169,94984,2265,8920
2020-11-02,DKI JAKARTA,1024,18,1058,-52,107193,96042,2283,8868
2020-11-03,DKI JAKARTA,617,10,1025,-418,107810,97067,2293,8450
2020-11-04,DKI JAKARTA,768,14,940,-186,108578,98007,2307,8264
2020-11-05,DKI JAKARTA,797,15,974,-192,109375,98981,2322,8072
2020-11-06,DKI JAKARTA,672,18,1028,-374,110047,100009,2340,7698
2020-11-07,DKI JAKARTA,1118,11,987,120,111165,100996,2351,7818
2020-11-08,DKI JAKARTA,826,8,984,-166,111991,101980,2359,7652
2020-11-09,DKI JAKARTA,716,12,1131,-427,112707,103111,2371,7225
2020-11-10,DKI JAKARTA,1013,13,1257,-257,113720,104368,2384,6968
2020-11-11,DKI JAKARTA,587,13,959,-385,114307,105327,2397,6583
2020-11-12,DKI JAKARTA,831,11,1072,-252,115138,106399,2408,6331
2020-11-13,DKI JAKARTA,1033,10,13,1010,116171,106412,2418,7341
2020-11-14,DKI JAKARTA,1255,5,11,1239,117426,106423,2423,8580
2020-11-15,DKI JAKARTA,1164,2,23,1139,118590,106446,2425,9719
2020-11-16,DKI JAKARTA,1006,2,867,137,119596,107313,2427,9856
2020-11-17,DKI JAKARTA,1037,36,825,176,120633,108138,2463,10032
2020-11-18,DKI JAKARTA,1148,11,2193,-1056,121781,110331,2474,8976
2020-11-19,DKI JAKARTA,1186,14,2671,-1499,122967,113002,2488,7477
2020-11-20,DKI JAKARTA,1240,0,569,671,124207,113571,2488,8148
2020-11-21,DKI JAKARTA,1579,15,1085,479,125786,114656,2503,8627
2020-11-22,DKI JAKARTA,1342,16,1070,256,127128,115726,2519,8883
2020-11-23,DKI JAKARTA,1009,3,1052,-46,128137,116778,2522,8837
2020-11-24,DKI JAKARTA,1015,19,1089,-93,129152,117867,2541,8744
2020-11-25,DKI JAKARTA,1273,17,1090,166,130425,118957,2558,8910
2020-11-26,DKI JAKARTA,1064,14,1134,-84,131489,120091,2572,8826
2020-11-27,DKI JAKARTA,1436,15,838,583,132925,120929,2587,9409
2020-11-28,DKI JAKARTA,1370,15,1232,123,134295,122161,2602,9532
2020-11-29,DKI JAKARTA,1431,19,820,592,135726,122981,2621,10124
2020-11-30,DKI JAKARTA,1099,25,910,164,136825,123891,2646,10288
2020-12-01,DKI JAKARTA,1058,23,1042,-7,137883,124933,2669,10281
2020-12-02,DKI JAKARTA,1166,23,1063,80,139049,125996,2692,10361
2020-12-03,DKI JAKARTA,1153,34,1073,46,140202,127069,2726,10407
2020-12-04,DKI JAKARTA,1032,23,928,81,141234,127997,2749,10488
2020-12-05,DKI JAKARTA,1360,23,1031,306,142594,129028,2772,10794
2020-12-06,DKI JAKARTA,1331,23,1040,268,143925,130068,2795,11062
2020-12-07,DKI JAKARTA,1466,24,944,498,145391,131012,2819,11560
2020-12-08,DKI JAKARTA,1194,21,1203,-30,146585,132215,2840,11530
2020-12-09,DKI JAKARTA,1217,18,1073,126,147802,133288,2858,11656
2020-12-10,DKI JAKARTA,1180,18,1046,116,148982,134334,2876,11772
2020-12-11,DKI JAKARTA,1232,4,1096,132,150214,135430,2880,11904
2020-12-12,DKI JAKARTA,951,17,923,11,151165,136353,2897,11915
2020-12-13,DKI JAKARTA,1298,16,1112,170,152463,137465,2913,12085
2020-12-14,DKI JAKARTA,1506,17,1471,18,153969,138936,2930,12103
2020-12-15,DKI JAKARTA,1116,22,1136,-42,155085,140072,2952,12061
2020-12-16,DKI JAKARTA,1221,22,1142,57,156306,141214,2974,12118
2020-12-17,DKI JAKARTA,1690,20,1372,298,157996,142586,2994,12416
2020-12-18,DKI JAKARTA,1587,19,1234,334,159583,143820,3013,12750
2020-12-19,DKI JAKARTA,1899,20,1097,782,161482,144917,3033,13532
2020-12-20,DKI JAKARTA,1592,19,1874,-301,163074,146791,3052,13231
2020-12-21,DKI JAKARTA,1466,15,1368,83,164540,148159,3067,13314
2020-12-22,DKI JAKARTA,1311,14,1374,-77,165851,149533,3081,13237
2020-12-23,DKI JAKARTA,1954,15,1444,495,167805,150977,3096,13732
2020-12-24,DKI JAKARTA,1933,16,1341,576,169738,152318,3112,14308
2020-12-25,DKI JAKARTA,2096,21,1727,348,171834,154045,3133,14656
2020-12-26,DKI JAKARTA,2058,14,2552,-508,173892,156597,3147,14148
2020-12-27,DKI JAKARTA,1997,22,1824,151,175889,158421,3169,14299
2020-12-28,DKI JAKARTA,1678,21,1713,-56,177567,160134,3190,14243
2020-12-29,DKI JAKARTA,2056,18,1002,1036,179623,161136,3208,15279
2020-12-30,DKI JAKARTA,2053,21,1567,465,181676,162703,3229,15744
2020-12-31,DKI JAKARTA,2022,21,1968,33,183698,164671,3250,15777
2021-01-01,DKI JAKARTA,1956,20,1643,293,185654,166314,3270,16070
2021-01-02,DKI JAKARTA,1894,26,2280,-412,187548,168594,3296,15658
2021-01-03,DKI JAKARTA,1658,10,1691,-43,189206,170285,3306,15615
2021-01-04,DKI JAKARTA,1832,21,2527,-716,191038,172812,3327,14899
2021-01-05,DKI JAKARTA,1824,19,1339,466,192862,174151,3346,15365
2021-01-06,DKI JAKARTA,2402,16,1095,1291,195264,175246,3362,16656
2021-01-07,DKI JAKARTA,2398,21,1446,931,197662,176692,3383,17587
2021-01-08,DKI JAKARTA,2959,24,2690,245,200621,179382,3407,17832
2021-01-09,DKI JAKARTA,2753,27,2118,608,203374,181500,3434,18440
2021-01-10,DKI JAKARTA,2711,31,2898,-218,206085,184398,3465,18222
2021-01-11,DKI JAKARTA,2461,31,2510,-80,208546,186908,3496,18142
2021-01-12,DKI JAKARTA,2669,34,1657,978,211215,188565,3530,19120
2021-01-13,DKI JAKARTA,3476,45,2952,479,214691,191517,3575,19599
2021-01-14,DKI JAKARTA,3165,43,2075,1047,217856,193592,3618,20646
2021-01-15,DKI JAKARTA,2541,35,2490,16,220397,196082,3653,20662
2021-01-16,DKI JAKARTA,3536,32,1772,1732,223933,197854,3685,22394
2021-01-17,DKI JAKARTA,3395,33,3776,-414,227328,201630,3718,21980
2021-01-18,DKI JAKARTA,2361,36,2801,-476,229689,204431,3754,21504
2021-01-19,DKI JAKARTA,2563,40,2500,23,232252,206931,3794,21527
2021-01-20,DKI JAKARTA,3786,33,3770,-17,236038,210701,3827,21510
2021-01-21,DKI JAKARTA,3151,30,2570,551,239189,213271,3857,22061
2021-01-22,DKI JAKARTA,3791,41,2169,1581,242980,215440,3898,23642
2021-01-23,DKI JAKARTA,3285,31,3492,-238,246265,218932,3929,23404
2021-01-24,DKI JAKARTA,3512,39,2328,1145,249777,221260,3968,24549
2021-01-25,DKI JAKARTA,2451,43,2504,-96,252228,223764,4011,24453
2021-01-26,DKI JAKARTA,2313,46,2939,-672,254541,226703,4057,23781
2021-01-27,DKI JAKARTA,1836,34,2970,-1168,256377,229673,4091,22613
2021-01-28,DKI JAKARTA,2889,40,2731,118,259266,232404,4131,22731
2021-01-29,DKI JAKARTA,3448,44,2428,976,262714,234832,4175,23707
2021-01-30,DKI JAKARTA,3491,30,3565,-104,266205,238397,4205,23603
2021-01-31,DKI JAKARTA,3474,42,3355,77,269679,241752,4247,23680
2021-02-01,DKI JAKARTA,3614,45,2352,1217,273293,244104,4292,24897
2021-02-02,DKI JAKARTA,3362,44,4577,-1259,276655,248681,4336,23638
2021-02-03,DKI JAKARTA,3567,44,1391,2132,280222,250072,4380,25770
2021-02-04,DKI JAKARTA,3632,40,3963,-371,283854,254035,4420,25399
2021-02-05,DKI JAKARTA,3340,45,2475,820,287194,256510,4465,26219
2021-02-06,DKI JAKARTA,2379,44,4434,-2099,289573,260944,4509,24120
2021-02-07,DKI JAKARTA,4212,45,4305,-138,293785,265249,4554,23982
2021-02-08,DKI JAKARTA,3142,43,3417,-318,296927,268666,4597,23664
2021-02-09,DKI JAKARTA,3437,57,2786,594,300364,271452,4654,24258
2021-02-10,DKI JAKARTA,3308,43,3245,20,303672,274697,4697,24278
2021-02-11,DKI JAKARTA,2513,51,4097,-1635,306185,278794,4748,22643
2021-02-12,DKI JAKARTA,3807,50,5636,-1879,309992,284430,4798,20764
2021-02-13,DKI JAKARTA,3017,53,5010,-2046,313009,289440,4851,18718
2021-02-14,DKI JAKARTA,2497,48,3977,-1528,315506,293417,4899,17190
2021-02-15,DKI JAKARTA,1879,42,2081,-244,317385,295498,4941,16946
2021-02-16,DKI JAKARTA,1861,62,1580,219,319246,297078,5003,17165
2021-02-17,DKI JAKARTA,1446,31,2591,-1176,320692,299669,5034,15989
2021-02-18,DKI JAKARTA,373,35,2717,-2379,321065,302386,5069,13610
2021-02-19,DKI JAKARTA,1920,6,2758,-844,322985,305144,5075,12766
2021-02-20,DKI JAKARTA,2872,40,2490,342,325857,307634,5115,13108
2021-02-21,DKI JAKARTA,2725,55,2681,-11,328582,310315,5170,13097
2021-02-22,DKI JAKARTA,2465,40,2305,120,331047,312620,5210,13217
2021-02-23,DKI JAKARTA,782,45,2052,-1315,331829,314672,5255,11902
2021-02-24,DKI JAKARTA,782,35,1857,-1110,332611,316529,5290,10792
2021-02-25,DKI JAKARTA,1581,56,2656,-1131,334192,319185,5346,9661
2021-02-26,DKI JAKARTA,1662,42,1864,-244,335854,321049,5388,9417
2021-02-27,DKI JAKARTA,1736,44,1163,529,337590,322212,5432,9946
2021-02-28,DKI JAKARTA,2098,43,891,1164,339688,323103,5475,11110
2021-03-01,DKI JAKARTA,2058,52,3133,-1127,341746,326236,5527,9983
2021-03-02,DKI JAKARTA,577,36,2165,-1624,342323,328401,5563,8359
2021-03-03,DKI JAKARTA,1437,38,2487,-1088,343760,330888,5601,7271
2021-03-04,DKI JAKARTA,2009,46,1750,213,345769,332638,5647,7484
2021-03-05,DKI JAKARTA,1160,45,1290,-175,346929,333928,5692,7309
2021-03-06,DKI JAKARTA,1615,44,1568,3,348544,335496,5736,7312
2021-03-07,DKI JAKARTA,1835,45,1765,25,350379,337261,5781,7337
2021-03-08,DKI JAKARTA,1783,48,1675,60,352162,338936,5829,7397
2021-03-09,DKI JAKARTA,867,45,1643,-821,353029,340579,5874,6576
2021-03-10,DKI JAKARTA,1046,45,1477,-476,354075,342056,5919,6100
2021-03-11,DKI JAKARTA,1754,25,980,749,355829,343036,5944,6849
2021-03-12,DKI JAKARTA,1872,50,1263,559,357701,344299,5994,7408
2021-03-13,DKI JAKARTA,1034,10,577,447,358735,344876,6004,7855
2021-03-14,DKI JAKARTA,1204,36,2367,-1199,359939,347243,6040,6656
2021-03-15,DKI JAKARTA,1555,35,1762,-242,361494,349005,6075,6414
2021-03-16,DKI JAKARTA,835,20,1491,-676,362329,350496,6095,5738
2021-03-17,DKI JAKARTA,1330,3,1183,144,363659,351679,6098,5882
2021-03-18,DKI JAKARTA,1719,20,1168,531,365378,352847,6118,6413
2021-03-19,DKI JAKARTA,1588,24,1175,389,366966,354022,6142,6802
2021-03-20,DKI JAKARTA,1935,22,1184,729,368901,355206,6164,7531
2021-03-21,DKI JAKARTA,1638,23,1884,-269,370539,357090,6187,7262
2021-03-22,DKI JAKARTA,1474,8,1715,-249,372013,358805,6195,7013
2021-03-23,DKI JAKARTA,816,11,1691,-886,372829,360496,6206,6127
2021-03-24,DKI JAKARTA,890,11,1986,-1107,373719,362482,6217,5020
2021-03-25,DKI JAKARTA,1727,12,490,1225,375446,362972,6229,6245
2021-03-26,DKI JAKARTA,1381,11,897,473,376827,363869,6240,6718
2021-03-27,DKI JAKARTA,1354,18,599,737,378181,364468,6258,7455
2021-03-28,DKI JAKARTA,1470,23,1175,272,379651,365643,6281,7727
2021-03-29,DKI JAKARTA,1014,22,1079,-87,380665,366722,6303,7640
2021-03-30,DKI JAKARTA,384,21,1087,-724,381049,367809,6324,6916
2021-03-31,DKI JAKARTA,965,0,1073,-108,382014,368882,6324,6808
2021-04-01,DKI JAKARTA,1337,18,988,331,383351,369870,6342,7139
2021-04-02,DKI JAKARTA,1240,7,1292,-59,384591,371162,6349,7080
2021-04-03,DKI JAKARTA,1098,4,600,494,385689,371762,6353,7574
2021-04-04,DKI JAKARTA,736,6,1600,-870,386425,373362,6359,6704
2021-04-05,DKI JAKARTA,523,4,1187,-668,386948,374549,6363,6036
2021-04-06,DKI JAKARTA,487,4,587,-104,387435,375136,6367,5932
2021-04-07,DKI JAKARTA,862,9,695,158,388297,375831,6376,6090
2021-04-08,DKI JAKARTA,1238,4,485,749,389535,376316,6380,6839
2021-04-09,DKI JAKARTA,1013,10,623,380,390548,376939,6390,7219
2021-04-10,DKI JAKARTA,977,7,856,114,391525,377795,6397,7333
2021-04-11,DKI JAKARTA,1031,7,1396,-372,392556,379191,6404,6961
2021-04-12,DKI JAKARTA,692,7,1357,-672,393248,380548,6411,6289
2021-04-13,DKI JAKARTA,828,6,900,-78,394076,381448,6417,6211
2021-04-14,DKI JAKARTA,661,7,614,40,394737,382062,6424,6251
2021-04-15,DKI JAKARTA,1330,6,690,634,396067,382752,6430,6885
2021-04-16,DKI JAKARTA,980,18,871,91,397047,383623,6448,6976
2021-04-17,DKI JAKARTA,1037,18,999,20,398084,384622,6466,6996
2021-04-18,DKI JAKARTA,950,13,987,-50,399034,385609,6479,6946
2021-04-19,DKI JAKARTA,973,14,971,-12,400007,386580,6493,6934
2021-04-20,DKI JAKARTA,460,14,897,-451,400467,387477,6507,6483
2021-04-21,DKI JAKARTA,602,12,573,17,401069,388050,6519,6500
2021-04-22,DKI JAKARTA,1266,11,652,603,402335,388702,6530,7103
2021-04-23,DKI JAKARTA,884,18,721,145,403219,389423,6548,7248
2021-04-24,DKI JAKARTA,907,12,885,10,404126,390308,6560,7258
2021-04-25,DKI JAKARTA,896,14,962,-80,405022,391270,6574,7178
2021-04-26,DKI JAKARTA,748,14,1339,-605,405770,392609,6588,6573
2021-04-27,DKI JAKARTA,394,17,600,-223,406164,393209,6605,6350
2021-04-28,DKI JAKARTA,639,14,682,-57,406803,393891,6619,6293
2021-04-29,DKI JAKARTA,987,23,480,484,407790,394371,6642,6777
2021-04-30,DKI JAKARTA,789,4,539,246,408579,394910,6646,7023
2021-05-01,DKI JAKARTA,926,15,793,118,409505,395703,6661,7141
2021-05-02,DKI JAKARTA,854,10,984,-140,410359,396687,6671,7001
2021-05-03,DKI JAKARTA,757,20,687,50,411116,397374,6691,7051
2021-05-04,DKI JAKARTA,416,18,586,-188,411532,397960,6709,6863
2021-05-05,DKI JAKARTA,845,12,687,146,412377,398647,6721,7009
2021-05-06,DKI JAKARTA,906,21,566,319,413283,399213,6742,7328
2021-05-07,DKI JAKARTA,783,20,595,168,414066,399808,6762,7496
2021-05-08,DKI JAKARTA,732,26,584,122,414798,400392,6788,7618
2021-05-09,DKI JAKARTA,809,16,690,103,415607,401082,6804,7721
2021-05-10,DKI JAKARTA,694,22,607,65,416301,401689,6826,7786
2021-05-11,DKI JAKARTA,406,20,667,-281,416707,402356,6846,7505
2021-05-12,DKI JAKARTA,656,13,674,-31,417363,403030,6859,7474
2021-05-13,DKI JAKARTA,785,15,585,185,418148,403615,6874,7659
2021-05-14,DKI JAKARTA,632,16,547,69,418780,404162,6890,7728
2021-05-15,DKI JAKARTA,227,15,573,-361,419007,404735,6905,7367
2021-05-16,DKI JAKARTA,161,18,593,-450,419168,405328,6923,6917
2021-05-17,DKI JAKARTA,421,25,0,396,419589,405328,6948,7313
2021-05-18,DKI JAKARTA,219,15,194,10,419808,405522,6963,7323
2021-05-19,DKI JAKARTA,611,19,197,395,420419,405719,6982,7718
2021-05-20,DKI JAKARTA,895,20,96,779,421314,405815,7002,8497
2021-05-21,DKI JAKARTA,856,16,100,740,422170,405915,7018,9237
2021-05-22,DKI JAKARTA,932,12,397,523,423102,406312,7030,9760
2021-05-23,DKI JAKARTA,867,12,340,515,423969,406652,7042,10275
2021-05-24,DKI JAKARTA,819,10,302,507,424788,406954,7052,10782
2021-05-25,DKI JAKARTA,384,14,506,-136,425172,407460,7066,10646
2021-05-26,DKI JAKARTA,617,11,516,90,425789,407976,7077,10736
2021-05-27,DKI JAKARTA,940,18,586,336,426729,408562,7095,11072
2021-05-28,DKI JAKARTA,602,19,908,-325,427331,409470,7114,10747
2021-05-29,DKI JAKARTA,898,12,998,-112,428229,410468,7126,10635
2021-05-30,DKI JAKARTA,1064,13,1004,47,429293,411472,7139,10682
2021-05-31,DKI JAKARTA,726,19,581,126,430019,412053,7158,10808
2021-06-01,DKI JAKARTA,519,11,509,-1,430538,412562,7169,10807
2021-06-02,DKI JAKARTA,602,20,587,-5,431140,413149,7189,10802
2021-06-03,DKI JAKARTA,715,21,501,193,431855,413650,7210,10995
2021-06-04,DKI JAKARTA,906,20,815,71,432761,414465,7230,11066
2021-06-05,DKI JAKARTA,1317,22,828,467,434078,415293,7252,11533
2021-06-06,DKI JAKARTA,1019,20,884,115,435097,416177,7272,11648
2021-06-07,DKI JAKARTA,1197,20,874,303,436294,417051,7292,11951
2021-06-08,DKI JAKARTA,755,20,948,-213,437049,417999,7312,11738
2021-06-09,DKI JAKARTA,1376,14,1112,250,438425,419111,7326,11988
2021-06-10,DKI JAKARTA,2091,25,1105,961,440516,420216,7351,12949
2021-06-11,DKI JAKARTA,2293,21,1182,1090,442809,421398,7372,14039
2021-06-12,DKI JAKARTA,2455,19,746,1690,445264,422144,7391,15729
2021-06-13,DKI JAKARTA,2769,19,935,1815,448033,423079,7410,17544
2021-06-14,DKI JAKARTA,2722,39,1034,1649,450755,424113,7449,19193
2021-06-15,DKI JAKARTA,1502,20,1194,288,452257,425307,7469,19481
2021-06-16,DKI JAKARTA,2376,34,1271,1071,454633,426578,7503,20552
2021-06-17,DKI JAKARTA,4144,50,1877,2217,458777,428455,7553,22769
2021-06-18,DKI JAKARTA,4737,66,2110,2561,463514,430565,7619,25330
2021-06-19,DKI JAKARTA,4894,60,2443,2391,468408,433008,7679,27721
2021-06-20,DKI JAKARTA,5582,69,2457,3056,473990,435465,7748,30777
2021-06-21,DKI JAKARTA,5014,74,2835,2105,479004,438300,7822,32882
2021-06-22,DKI JAKARTA,3221,59,3481,-319,482225,441781,7881,32563
2021-06-23,DKI JAKARTA,4693,47,1191,3455,486918,442972,7928,36018
2021-06-24,DKI JAKARTA,7505,49,2438,5018,494423,445410,7977,41036
2021-06-25,DKI JAKARTA,6934,69,2571,4294,501357,447981,8046,45330
2021-06-26,DKI JAKARTA,9271,51,2725,6495,510628,450706,8097,51825
2021-06-27,DKI JAKARTA,9393,51,3505,5837,520021,454211,8148,57662
2021-06-28,DKI JAKARTA,8348,80,3414,4854,528369,457625,8228,62516
2021-06-29,DKI JAKARTA,7379,80,3505,3794,535748,461130,8308,66310
2021-06-30,DKI JAKARTA,7680,71,3522,4087,543428,464652,8379,70397
2021-07-01,DKI JAKARTA,7541,46,3527,3968,550969,468179,8425,74365
2021-07-02,DKI JAKARTA,9399,70,5013,4316,560368,473192,8495,78681
2021-07-03,DKI JAKARTA,9701,16,5682,4003,570069,478874,8511,82684
2021-07-04,DKI JAKARTA,10485,66,5816,4603,580554,484690,8577,87287
2021-07-05,DKI JAKARTA,10902,120,6597,4185,591456,491287,8697,91472
2021-07-06,DKI JAKARTA,9439,137,6100,3202,600895,497387,8834,94674
2021-07-07,DKI JAKARTA,9365,142,3655,5568,610260,501042,8976,100242
2021-07-08,DKI JAKARTA,12974,136,10857,1981,623234,511899,9112,102223
2021-07-09,DKI JAKARTA,13111,138,15022,-2049,636345,526921,9250,100174
2021-07-10,DKI JAKARTA,12920,87,16839,-4006,649265,543760,9337,96168
2021-07-11,DKI JAKARTA,13133,46,20602,-7515,662398,564362,9383,88653
2021-07-12,DKI JAKARTA,14622,134,20478,-5990,677020,584840,9517,82663
2021-07-13,DKI JAKARTA,12183,68,4571,7544,689203,589411,9585,90207
2021-07-14,DKI JAKARTA,12669,63,3066,9540,701872,592477,9648,99747
2021-07-15,DKI JAKARTA,12691,141,3034,9516,714563,595511,9789,109263
2021-07-16,DKI JAKARTA,12416,132,8450,3834,726979,603961,9921,113097
2021-07-17,DKI JAKARTA,10168,67,11613,-1512,737147,615574,9988,111585
2021-07-18,DKI JAKARTA,9129,158,11857,-2886,746276,627431,10146,108699
2021-07-19,DKI JAKARTA,5000,250,12674,-7924,751276,640105,10396,100775
2021-07-20,DKI JAKARTA,6213,268,12071,-6126,757489,652176,10664,94649
2021-07-21,DKI JAKARTA,5904,95,10546,-4737,763393,662722,10759,89912
2021-07-22,DKI JAKARTA,7060,195,10631,-3766,770453,673353,10954,86146
2021-07-23,DKI JAKARTA,8033,157,14500,-6624,778486,687853,11111,79522
2021-07-24,DKI JAKARTA,8360,151,14528,-6319,786846,702381,11262,73203
2021-07-25,DKI JAKARTA,5394,157,14228,-8991,792240,716609,11419,64212
2021-07-26,DKI JAKARTA,2662,160,14653,-12151,794902,731262,11579,52061
2021-07-27,DKI JAKARTA,3567,184,14850,-11467,798469,746112,11763,40594
2021-07-28,DKI JAKARTA,5525,69,10940,-5484,803994,757052,11832,35110
2021-07-29,DKI JAKARTA,3845,27,11425,-7607,807839,768477,11859,27503
2021-07-30,DKI JAKARTA,3454,43,11151,-7740,811293,779628,11902,19763
2021-07-31,DKI JAKARTA,3328,251,4963,-1886,814621,784591,12153,17877
2021-08-01,DKI JAKARTA,2701,71,4596,-1966,817322,789187,12224,15911
2021-08-02,DKI JAKARTA,1410,154,2161,-905,818732,791348,12378,15006
2021-08-03,DKI JAKARTA,1601,70,2506,-975,820333,793854,12448,14031
2021-08-04,DKI JAKARTA,2981,63,2471,447,823314,796325,12511,14478
2021-08-05,DKI JAKARTA,2312,126,2759,-573,825626,799084,12637,13905
2021-08-06,DKI JAKARTA,2185,53,3211,-1079,827811,802295,12690,12826
2021-08-07,DKI JAKARTA,2008,68,4562,-2622,829819,806857,12758,10204
2021-08-08,DKI JAKARTA,1649,20,1200,429,831468,808057,12778,10633
2021-08-09,DKI JAKARTA,727,14,1010,-297,832195,809067,12792,10336
2021-08-10,DKI JAKARTA,1426,40,1174,212,833621,810241,12832,10548
2021-08-11,DKI JAKARTA,1957,42,1334,581,835578,811575,12874,11129
2021-08-12,DKI JAKARTA,1080,42,2456,-1418,836658,814031,12916,9711
2021-08-13,DKI JAKARTA,1210,68,1570,-428,837868,815601,12984,9283
2021-08-14,DKI JAKARTA,1363,29,1219,115,839231,816820,13013,9398
2021-08-15,DKI JAKARTA,1182,17,1066,99,840413,817886,13030,9497
2021-08-16,DKI JAKARTA,513,28,947,-462,840926,818833,13058,9035
2021-08-17,DKI JAKARTA,655,24,920,-289,841581,819753,13082,8746
2021-08-18,DKI JAKARTA,1029,0,897,132,842610,820650,13082,8878
2020-03-02,JAWA BARAT,3,0,0,3,3,0,0,3
2020-03-03,JAWA BARAT,1,1,0,0,4,0,1,3
2020-03-04,JAWA BARAT,1,0,0,1,5,0,1,4
2020-03-05,JAWA BARAT,1,0,0,1,6,0,1,5
2020-03-06,JAWA BARAT,1,0,0,1,7,0,1,6
2020-03-07,JAWA BARAT,0,0,0,0,7,0,1,6
2020-03-08,JAWA BARAT,0,0,0,0,7,0,1,6
2020-03-09,JAWA BARAT,0,0,0,0,7,0,1,6
2020-03-10,JAWA BARAT,0,0,0,0,7,0,1,6
2020-03-11,JAWA BARAT,0,1,0,-1,7,0,2,5
2020-03-12,JAWA BARAT,1,0,0,1,8,0,2,6
2020-03-13,JAWA BARAT,4,0,4,0,12,4,2,6
2020-03-14,JAWA BARAT,0,0,0,0,12,4,2,6
2020-03-15,JAWA BARAT,0,0,0,0,12,4,2,6
2020-03-16,JAWA BARAT,1,0,0,1,13,4,2,7
2020-03-17,JAWA BARAT,11,0,0,11,24,4,2,18
2020-03-18,JAWA BARAT,5,1,1,3,29,5,3,21
2020-03-19,JAWA BARAT,7,1,0,6,36,5,4,27
2020-03-20,JAWA BARAT,20,3,0,17,56,5,7,44
2020-03-21,JAWA BARAT,5,0,0,5,61,5,7,49
2020-03-22,JAWA BARAT,3,3,0,0,64,5,10,49
2020-03-23,JAWA BARAT,6,4,0,2,70,5,14,51
2020-03-24,JAWA BARAT,2,2,1,-1,72,6,16,50
2020-03-25,JAWA BARAT,5,0,1,4,77,7,16,54
2020-03-26,JAWA BARAT,8,0,0,8,85,7,16,62
2020-03-27,JAWA BARAT,27,4,0,23,112,7,20,85
2020-03-28,JAWA BARAT,23,2,1,20,135,8,22,105
2020-03-29,JAWA BARAT,33,2,1,30,168,9,24,135
2020-03-30,JAWA BARAT,26,2,3,21,194,12,26,156
2020-03-31,JAWA BARAT,9,0,3,6,203,15,26,162
2020-04-01,JAWA BARAT,36,1,0,35,239,15,27,197
2020-04-02,JAWA BARAT,24,4,1,19,263,16,31,216
2020-04-03,JAWA BARAT,2,1,3,-2,265,19,32,214
2020-04-04,JAWA BARAT,24,2,0,22,289,19,34,236
2020-04-05,JAWA BARAT,10,0,1,9,299,20,34,245
2020-04-06,JAWA BARAT,20,2,1,17,319,21,36,262
2020-04-07,JAWA BARAT,79,2,3,74,398,24,38,336
2020-04-08,JAWA BARAT,24,5,1,18,422,25,43,354
2020-04-09,JAWA BARAT,22,5,1,16,444,26,48,370
2020-04-10,JAWA BARAT,10,0,1,9,454,27,48,379
2020-04-11,JAWA BARAT,45,1,1,43,499,28,49,422
2020-04-12,JAWA BARAT,35,4,3,28,534,31,53,450
2020-04-13,JAWA BARAT,76,10,3,63,610,34,63,513
2020-04-14,JAWA BARAT,6,1,1,4,616,35,64,517
2020-04-15,JAWA BARAT,38,3,1,34,654,36,67,551
2020-04-16,JAWA BARAT,23,1,6,16,677,42,68,567
2020-04-17,JAWA BARAT,61,3,16,42,738,58,71,609
2020-04-18,JAWA BARAT,19,0,2,17,757,60,71,626
2020-04-19,JAWA BARAT,54,1,12,41,811,72,72,667
2020-04-20,JAWA BARAT,27,3,4,20,838,76,75,687
2020-04-21,JAWA BARAT,19,5,19,-5,857,95,80,682
2020-04-22,JAWA BARAT,8,3,3,2,865,98,83,684
2020-04-23,JAWA BARAT,29,3,9,17,894,107,86,701
2020-04-24,JAWA BARAT,74,2,3,69,968,110,88,770
2020-04-25,JAWA BARAT,47,0,4,43,1015,114,88,813
2020-04-26,JAWA BARAT,12,0,1,11,1027,115,88,824
2020-04-27,JAWA BARAT,38,1,3,34,1065,118,89,858
2020-04-28,JAWA BARAT,19,1,6,12,1084,124,90,870
2020-04-29,JAWA BARAT,40,0,7,33,1124,131,90,903
2020-04-30,JAWA BARAT,5,4,31,-30,1129,162,94,873
2020-05-01,JAWA BARAT,4,5,3,-4,1133,165,99,869
2020-05-02,JAWA BARAT,36,1,2,33,1169,167,100,902
2020-05-03,JAWA BARAT,14,1,7,6,1183,174,101,908
2020-05-04,JAWA BARAT,182,3,7,172,1365,181,104,1080
2020-05-05,JAWA BARAT,52,1,10,41,1417,191,105,1121
2020-05-06,JAWA BARAT,21,3,8,10,1438,199,108,1131
2020-05-07,JAWA BARAT,53,0,6,47,1491,205,108,1178
2020-05-08,JAWA BARAT,30,2,0,28,1521,205,110,1206
2020-05-09,JAWA BARAT,29,3,19,7,1550,224,113,1213
2020-05-10,JAWA BARAT,0,0,2,-2,1550,226,113,1211
2020-05-11,JAWA BARAT,54,3,11,40,1604,237,116,1251
2020-05-12,JAWA BARAT,54,0,4,50,1658,241,116,1301
2020-05-13,JAWA BARAT,8,0,27,-19,1666,268,116,1282
2020-05-14,JAWA BARAT,11,1,7,3,1677,275,117,1285
2020-05-15,JAWA BARAT,33,1,18,14,1710,293,118,1299
2020-05-16,JAWA BARAT,24,0,3,21,1734,296,118,1320
2020-05-17,JAWA BARAT,32,3,57,-28,1766,353,121,1292
2020-05-18,JAWA BARAT,22,9,74,-61,1788,427,130,1231
2020-05-19,JAWA BARAT,24,1,14,9,1812,441,131,1240
2020-05-20,JAWA BARAT,143,0,2,141,1955,443,131,1381
2020-05-21,JAWA BARAT,68,0,11,57,2023,454,131,1438
2020-05-22,JAWA BARAT,38,2,13,23,2061,467,133,1461
2020-05-23,JAWA BARAT,55,2,40,13,2116,507,135,1474
2020-05-24,JAWA BARAT,49,1,11,37,2165,518,136,1511
2020-05-25,JAWA BARAT,18,0,4,14,2183,522,136,1525
2020-05-26,JAWA BARAT,15,9,21,-15,2198,543,145,1510
2020-05-27,JAWA BARAT,25,5,32,-12,2223,575,150,1498
2020-05-28,JAWA BARAT,26,0,45,-19,2249,620,150,1479
2020-05-29,JAWA BARAT,40,1,6,33,2289,626,151,1512
2020-05-30,JAWA BARAT,20,2,32,-14,2309,658,153,1498
2020-05-31,JAWA BARAT,38,0,8,30,2347,666,153,1528
2020-06-01,JAWA BARAT,41,0,8,33,2388,674,153,1561
2020-06-02,JAWA BARAT,18,7,36,-25,2406,710,160,1536
2020-06-03,JAWA BARAT,4,3,55,-54,2410,765,163,1482
2020-06-04,JAWA BARAT,8,1,20,-13,2418,785,164,1469
2020-06-05,JAWA BARAT,15,3,47,-35,2433,832,167,1434
2020-06-06,JAWA BARAT,13,0,16,-3,2446,848,167,1431
2020-06-07,JAWA BARAT,34,0,106,-72,2480,954,167,1359
2020-06-08,JAWA BARAT,24,3,68,-47,2504,1022,170,1312
2020-06-09,JAWA BARAT,29,0,12,17,2533,1034,170,1329
2020-06-10,JAWA BARAT,49,0,38,11,2582,1072,170,1340
2020-06-11,JAWA BARAT,47,0,20,27,2629,1092,170,1367
2020-06-12,JAWA BARAT,15,0,47,-32,2644,1139,170,1335
2020-06-13,JAWA BARAT,12,0,36,-24,2656,1175,170,1311
2020-06-14,JAWA BARAT,15,0,39,-24,2671,1214,170,1287
2020-06-15,JAWA BARAT,24,1,7,16,2695,1221,171,1303
2020-06-16,JAWA BARAT,37,0,12,25,2732,1233,171,1328
2020-06-17,JAWA BARAT,43,7,28,8,2775,1261,178,1336
2020-06-18,JAWA BARAT,51,2,54,-5,2826,1315,180,1331
2020-06-19,JAWA BARAT,63,0,29,34,2889,1344,180,1365
2020-06-20,JAWA BARAT,19,0,1,18,2908,1345,180,1383
2020-06-21,JAWA BARAT,22,0,2,20,2930,1347,180,1403
2020-06-22,JAWA BARAT,18,0,24,-6,2948,1371,180,1397
2020-06-23,JAWA BARAT,32,0,30,2,2980,1401,180,1399
2020-06-24,JAWA BARAT,46,0,8,38,3026,1409,180,1437
2020-06-25,JAWA BARAT,41,2,57,-18,3067,1466,182,1419
2020-06-26,JAWA BARAT,35,2,109,-76,3102,1575,184,1343
2020-06-27,JAWA BARAT,49,0,14,35,3151,1589,184,1378
2020-06-28,JAWA BARAT,26,0,9,17,3177,1598,184,1395
2020-06-29,JAWA BARAT,42,0,3,39,3219,1601,184,1434
2020-06-30,JAWA BARAT,75,1,84,-10,3294,1685,185,1424
2020-07-01,JAWA BARAT,58,0,15,43,3352,1700,185,1467
2020-07-02,JAWA BARAT,65,0,45,20,3417,1745,185,1487
2020-07-03,JAWA BARAT,32,0,4,28,3449,1749,185,1515
2020-07-04,JAWA BARAT,86,0,23,63,3535,1772,185,1578
2020-07-05,JAWA BARAT,108,0,16,92,3643,1788,185,1670
2020-07-06,JAWA BARAT,129,1,22,106,3772,1810,186,1776
2020-07-07,JAWA BARAT,81,2,44,35,3853,1854,188,1811
2020-07-08,JAWA BARAT,95,2,25,68,3948,1879,190,1879
2020-07-09,JAWA BARAT,964,4,28,932,4912,1907,194,2811
2020-07-10,JAWA BARAT,108,0,33,75,5020,1940,194,2886
2020-07-11,JAWA BARAT,73,1,29,43,5093,1969,195,2929
2020-07-12,JAWA BARAT,44,0,9,35,5137,1978,195,2964
2020-07-13,JAWA BARAT,87,0,19,68,5224,1997,195,3032
2020-07-14,JAWA BARAT,77,1,34,42,5301,2031,196,3074
2020-07-15,JAWA BARAT,74,1,145,-72,5375,2176,197,3002
2020-07-16,JAWA BARAT,40,0,18,22,5415,2194,197,3024
2020-07-17,JAWA BARAT,51,1,33,17,5466,2227,198,3041
2020-07-18,JAWA BARAT,58,1,18,39,5524,2245,199,3080
2020-07-19,JAWA BARAT,24,0,4,20,5548,2249,199,3100
2020-07-20,JAWA BARAT,59,0,96,-37,5607,2345,199,3063
2020-07-21,JAWA BARAT,65,4,32,29,5672,2377,203,3092
2020-07-22,JAWA BARAT,32,0,23,9,5704,2400,203,3101
2020-07-23,JAWA BARAT,63,1,13,49,5767,2413,204,3150
2020-07-24,JAWA BARAT,89,0,19,70,5856,2432,204,3220
2020-07-25,JAWA BARAT,72,0,32,40,5928,2464,204,3260
2020-07-26,JAWA BARAT,50,0,23,27,5978,2487,204,3287
2020-07-27,JAWA BARAT,57,0,406,-349,6035,2893,204,2938
2020-07-28,JAWA BARAT,132,0,606,-474,6167,3499,204,2464
2020-07-29,JAWA BARAT,97,2,48,47,6264,3547,206,2511
2020-07-30,JAWA BARAT,141,2,333,-194,6405,3880,208,2317
2020-07-31,JAWA BARAT,69,0,17,52,6474,3897,208,2369
2020-08-01,JAWA BARAT,59,0,19,40,6533,3916,208,2409
2020-08-02,JAWA BARAT,57,0,7,50,6590,3923,208,2459
2020-08-03,JAWA BARAT,53,0,47,6,6643,3970,208,2465
2020-08-04,JAWA BARAT,93,5,170,-82,6736,4140,213,2383
2020-08-05,JAWA BARAT,124,0,9,115,6860,4149,213,2498
2020-08-06,JAWA BARAT,82,1,32,49,6942,4181,214,2547
2020-08-07,JAWA BARAT,151,4,62,85,7093,4243,218,2632
2020-08-08,JAWA BARAT,241,3,40,198,7334,4283,221,2830
2020-08-09,JAWA BARAT,176,4,66,106,7510,4349,225,2936
2020-08-10,JAWA BARAT,33,0,27,6,7543,4376,225,2942
2020-08-11,JAWA BARAT,92,4,39,49,7635,4415,229,2991
2020-08-12,JAWA BARAT,106,1,70,35,7741,4485,230,3026
2020-08-13,JAWA BARAT,110,1,17,92,7851,4502,231,3118
2020-08-14,JAWA BARAT,362,1,21,340,8213,4523,232,3458
2020-08-15,JAWA BARAT,227,0,36,191,8440,4559,232,3649
2020-08-16,JAWA BARAT,78,2,41,35,8518,4600,234,3684
2020-08-17,JAWA BARAT,44,1,45,-2,8562,4645,235,3682
2020-08-18,JAWA BARAT,45,0,18,27,8607,4663,235,3709
2020-08-19,JAWA BARAT,103,5,50,48,8710,4713,240,3757
2020-08-20,JAWA BARAT,197,2,72,123,8907,4785,242,3880
2020-08-21,JAWA BARAT,93,8,119,-34,9000,4904,250,3846
2020-08-22,JAWA BARAT,153,6,178,-31,9153,5082,256,3815
2020-08-23,JAWA BARAT,68,1,507,-440,9221,5589,257,3375
2020-08-24,JAWA BARAT,132,2,207,-77,9353,5796,259,3298
2020-08-25,JAWA BARAT,256,1,6,249,9609,5802,260,3547
2020-08-26,JAWA BARAT,176,0,30,146,9785,5832,260,3693
2020-08-27,JAWA BARAT,153,0,89,64,9938,5921,260,3757
2020-08-28,JAWA BARAT,557,2,64,491,10495,5985,262,4248
2020-08-29,JAWA BARAT,285,0,8,277,10780,5993,262,4525
2020-08-30,JAWA BARAT,101,0,25,76,10881,6018,262,4601
2020-08-31,JAWA BARAT,146,8,57,81,11027,6075,270,4682
2020-09-01,JAWA BARAT,213,1,47,165,11240,6122,271,4847
2020-09-02,JAWA BARAT,202,1,138,63,11442,6260,272,4910
2020-09-03,JAWA BARAT,236,4,30,202,11678,6290,276,5112
2020-09-04,JAWA BARAT,381,1,83,297,12059,6373,277,5409
2020-09-05,JAWA BARAT,218,0,45,173,12277,6418,277,5582
2020-09-06,JAWA BARAT,171,0,53,118,12448,6471,277,5700
2020-09-07,JAWA BARAT,202,0,88,114,12650,6559,277,5814
2020-09-08,JAWA BARAT,333,2,76,255,12983,6635,279,6069
2020-09-09,JAWA BARAT,284,4,47,233,13267,6682,283,6302
2020-09-10,JAWA BARAT,333,0,111,222,13600,6793,283,6524
2020-09-11,JAWA BARAT,271,7,285,-21,13871,7078,290,6503
2020-09-12,JAWA BARAT,288,1,328,-41,14159,7406,291,6462
2020-09-13,JAWA BARAT,161,5,192,-36,14320,7598,296,6426
2020-09-14,JAWA BARAT,206,0,167,39,14526,7765,296,6465
2020-09-15,JAWA BARAT,354,7,250,97,14880,8015,303,6562
2020-09-16,JAWA BARAT,299,1,206,92,15179,8221,304,6654
2020-09-17,JAWA BARAT,355,4,330,21,15534,8551,308,6675
2020-09-18,JAWA BARAT,347,3,284,60,15881,8835,311,6735
2020-09-19,JAWA BARAT,457,0,552,-95,16338,9387,311,6640
2020-09-20,JAWA BARAT,423,6,402,15,16761,9789,317,6655
2020-09-21,JAWA BARAT,689,2,249,438,17450,10038,319,7093
2020-09-22,JAWA BARAT,600,10,594,-4,18050,10632,329,7089
2020-09-23,JAWA BARAT,512,14,170,328,18562,10802,343,7417
2020-09-24,JAWA BARAT,793,12,251,530,19355,11053,355,7947
2020-09-25,JAWA BARAT,729,13,820,-104,20084,11873,368,7843
2020-09-26,JAWA BARAT,391,16,621,-246,20475,12494,384,7597
2020-09-27,JAWA BARAT,435,2,238,195,20910,12732,386,7792
2020-09-28,JAWA BARAT,492,1,295,196,21402,13027,387,7988
2020-09-29,JAWA BARAT,316,15,113,188,21718,13140,402,8176
2020-09-30,JAWA BARAT,431,15,372,44,22149,13512,417,8220
2020-10-01,JAWA BARAT,577,16,131,430,22726,13643,433,8650
2020-10-02,JAWA BARAT,536,15,186,335,23262,13829,448,8985
2020-10-03,JAWA BARAT,354,15,96,243,23616,13925,463,9228
2020-10-04,JAWA BARAT,246,16,77,153,23862,14002,479,9381
2020-10-05,JAWA BARAT,500,15,789,-304,24362,14791,494,9077
2020-10-06,JAWA BARAT,508,17,205,286,24870,14996,511,9363
2020-10-07,JAWA BARAT,751,13,505,233,25621,15501,524,9596
2020-10-08,JAWA BARAT,591,4,325,262,26212,15826,528,9858
2020-10-09,JAWA BARAT,499,2,550,-53,26711,16376,530,9805
2020-10-10,JAWA BARAT,268,2,389,-123,26979,16765,532,9682
2020-10-11,JAWA BARAT,206,0,551,-345,27185,17316,532,9337
2020-10-12,JAWA BARAT,297,9,238,50,27482,17554,541,9387
2020-10-13,JAWA BARAT,567,0,566,1,28049,18120,541,9388
2020-10-14,JAWA BARAT,444,12,526,-94,28493,18646,553,9294
2020-10-15,JAWA BARAT,599,9,312,278,29092,18958,562,9572
2020-10-16,JAWA BARAT,426,0,384,42,29518,19342,562,9614
2020-10-17,JAWA BARAT,503,0,438,65,30021,19780,562,9679
2020-10-18,JAWA BARAT,211,0,346,-135,30232,20126,562,9544
2020-10-19,JAWA BARAT,515,21,342,152,30747,20468,583,9696
2020-10-20,JAWA BARAT,470,20,211,239,31217,20679,603,9935
2020-10-21,JAWA BARAT,633,16,548,69,31850,21227,619,10004
2020-10-22,JAWA BARAT,722,23,332,367,32572,21559,642,10371
2020-10-23,JAWA BARAT,513,11,318,184,33085,21877,653,10555
2020-10-24,JAWA BARAT,439,19,650,-230,33524,22527,672,10325
2020-10-25,JAWA BARAT,356,11,462,-117,33880,22989,683,10208
2020-10-26,JAWA BARAT,441,14,441,-14,34321,23430,697,10194
2020-10-27,JAWA BARAT,395,14,556,-175,34716,23986,711,10019
2020-10-28,JAWA BARAT,407,7,372,28,35123,24358,718,10047
2020-10-29,JAWA BARAT,458,0,490,-32,35581,24848,718,10015
2020-10-30,JAWA BARAT,321,4,350,-33,35902,25198,722,9982
2020-10-31,JAWA BARAT,422,1,289,132,36324,25487,723,10114
2020-11-01,JAWA BARAT,244,2,625,-383,36568,26112,725,9731
2020-11-02,JAWA BARAT,334,11,385,-62,36902,26497,736,9669
2020-11-03,JAWA BARAT,482,5,392,85,37384,26889,741,9754
2020-11-04,JAWA BARAT,525,16,282,227,37909,27171,757,9981
2020-11-05,JAWA BARAT,639,9,396,234,38548,27567,766,10215
2020-11-06,JAWA BARAT,587,0,462,125,39135,28029,766,10340
2020-11-07,JAWA BARAT,477,0,458,19,39612,28487,766,10359
2020-11-08,JAWA BARAT,479,1,622,-144,40091,29109,767,10215
2020-11-09,JAWA BARAT,330,3,914,-587,40421,30023,770,9628
2020-11-10,JAWA BARAT,748,6,899,-157,41169,30922,776,9471
2020-11-11,JAWA BARAT,668,5,435,228,41837,31357,781,9699
2020-11-12,JAWA BARAT,734,21,627,86,42571,31984,802,9785
2020-11-13,JAWA BARAT,800,5,396,399,43371,32380,807,10184
2020-11-14,JAWA BARAT,808,2,474,332,44179,32854,809,10516
2020-11-15,JAWA BARAT,308,0,995,-687,44487,33849,809,9829
2020-11-16,JAWA BARAT,558,19,654,-115,45045,34503,828,9714
2020-11-17,JAWA BARAT,646,23,906,-283,45691,35409,851,9431
2020-11-18,JAWA BARAT,367,4,882,-519,46058,36291,855,8912
2020-11-19,JAWA BARAT,397,8,636,-247,46455,36927,863,8665
2020-11-20,JAWA BARAT,872,1,101,770,47327,37028,864,9435
2020-11-21,JAWA BARAT,364,0,626,-262,47691,37654,864,9173
2020-11-22,JAWA BARAT,374,0,153,221,48065,37807,864,9394
2020-11-23,JAWA BARAT,602,0,922,-320,48667,38729,864,9074
2020-11-24,JAWA BARAT,299,4,452,-157,48966,39181,868,8917
2020-11-25,JAWA BARAT,741,7,715,19,49707,39896,875,8936
2020-11-26,JAWA BARAT,775,4,831,-60,50482,40727,879,8876
2020-11-27,JAWA BARAT,699,5,734,-40,51181,41461,884,8836
2020-11-28,JAWA BARAT,367,5,996,-634,51548,42457,889,8202
2020-11-29,JAWA BARAT,228,9,861,-642,51776,43318,898,7560
2020-11-30,JAWA BARAT,741,12,723,6,52517,44041,910,7566
2020-12-01,JAWA BARAT,878,12,845,21,53395,44886,922,7587
2020-12-02,JAWA BARAT,764,4,334,426,54159,45220,926,8013
2020-12-03,JAWA BARAT,1648,22,849,777,55807,46069,948,8790
2020-12-04,JAWA BARAT,992,2,814,176,56799,46883,950,8966
2020-12-05,JAWA BARAT,1086,2,591,493,57885,47474,952,9459
2020-12-06,JAWA BARAT,1388,7,1203,178,59273,48677,959,9637
2020-12-07,JAWA BARAT,1171,8,1214,-51,60444,49891,967,9586
2020-12-08,JAWA BARAT,731,6,521,204,61175,50412,973,9790
2020-12-09,JAWA BARAT,908,20,544,344,62083,50956,993,10134
2020-12-10,JAWA BARAT,960,33,685,242,63043,51641,1026,10376
2020-12-11,JAWA BARAT,1029,20,921,88,64072,52562,1046,10464
2020-12-12,JAWA BARAT,1283,2,904,377,65355,53466,1048,10841
2020-12-13,JAWA BARAT,855,5,624,226,66210,54090,1053,11067
2020-12-14,JAWA BARAT,600,14,817,-231,66810,54907,1067,10836
2020-12-15,JAWA BARAT,1256,6,1175,75,68066,56082,1073,10911
2020-12-16,JAWA BARAT,1434,4,1012,418,69500,57094,1077,11329
2020-12-17,JAWA BARAT,1277,13,897,367,70777,57991,1090,11696
2020-12-18,JAWA BARAT,987,1,830,156,71764,58821,1091,11852
2020-12-19,JAWA BARAT,1132,1,736,395,72896,59557,1092,12247
2020-12-20,JAWA BARAT,1052,1,1186,-135,73948,60743,1093,12112
2020-12-21,JAWA BARAT,716,4,628,84,74664,61371,1097,12196
2020-12-22,JAWA BARAT,925,3,771,151,75589,62142,1100,12347
2020-12-23,JAWA BARAT,903,2,940,-39,76492,63082,1102,12308
2020-12-24,JAWA BARAT,702,10,516,176,77194,63598,1112,12484
2020-12-25,JAWA BARAT,903,0,716,187,78097,64314,1112,12671
2020-12-26,JAWA BARAT,601,0,676,-75,78698,64990,1112,12596
2020-12-27,JAWA BARAT,892,43,1172,-323,79590,66162,1155,12273
2020-12-28,JAWA BARAT,403,0,828,-425,79993,66990,1155,11848
2020-12-29,JAWA BARAT,1329,2,1152,175,81322,68142,1157,12023
2020-12-30,JAWA BARAT,1233,2,1180,51,82555,69322,1159,12074
2020-12-31,JAWA BARAT,1024,11,1241,-228,83579,70563,1170,11846
2021-01-01,JAWA BARAT,1504,3,1204,297,85083,71767,1173,12143
2021-01-02,JAWA BARAT,1167,1,912,254,86250,72679,1174,12397
2021-01-03,JAWA BARAT,1232,2,1114,116,87482,73793,1176,12513
2021-01-04,JAWA BARAT,1079,2,1041,36,88561,74834,1178,12549
2021-01-05,JAWA BARAT,1100,8,1081,11,89661,75915,1186,12560
2021-01-06,JAWA BARAT,1470,11,1359,100,91131,77274,1197,12660
2021-01-07,JAWA BARAT,1416,2,1202,212,92547,78476,1199,12872
2021-01-08,JAWA BARAT,1823,4,911,908,94370,79387,1203,13780
2021-01-09,JAWA BARAT,1731,6,1174,551,96101,80561,1209,14331
2021-01-10,JAWA BARAT,1467,8,947,512,97568,81508,1217,14843
2021-01-11,JAWA BARAT,1475,11,1059,405,99043,82567,1228,15248
2021-01-12,JAWA BARAT,1540,15,958,567,100583,83525,1243,15815
2021-01-13,JAWA BARAT,1755,11,1058,686,102338,84583,1254,16501
2021-01-14,JAWA BARAT,2202,11,1348,843,104540,85931,1265,17344
2021-01-15,JAWA BARAT,3095,27,1090,1978,107635,87021,1292,19322
2021-01-16,JAWA BARAT,3460,42,2141,1277,111095,89162,1334,20599
2021-01-17,JAWA BARAT,1491,11,1581,-101,112586,90743,1345,20498
2021-01-18,JAWA BARAT,1486,28,1624,-166,114072,92367,1373,20332
2021-01-19,JAWA BARAT,1684,24,1358,302,115756,93725,1397,20634
2021-01-20,JAWA BARAT,1814,13,1484,317,117570,95209,1410,20951
2021-01-21,JAWA BARAT,1228,73,1593,-438,118798,96802,1483,20513
2021-01-22,JAWA BARAT,2441,8,1358,1075,121239,98160,1491,21588
2021-01-23,JAWA BARAT,1809,16,2115,-322,123048,100275,1507,21266
2021-01-24,JAWA BARAT,2328,8,1763,557,125376,102038,1515,21823
2021-01-25,JAWA BARAT,2022,2,1231,789,127398,103269,1517,22612
2021-01-26,JAWA BARAT,3925,13,2244,1668,131323,105513,1530,24280
2021-01-27,JAWA BARAT,3198,105,1793,1300,134521,107306,1635,25580
2021-01-28,JAWA BARAT,4534,163,2284,2087,139055,109590,1798,27667
2021-01-29,JAWA BARAT,3834,5,2234,1595,142889,111824,1803,29262
2021-01-30,JAWA BARAT,4601,28,2657,1916,147490,114481,1831,31178
2021-01-31,JAWA BARAT,2848,62,2457,329,150338,116938,1893,31507
2021-02-01,JAWA BARAT,2969,5,2536,428,153307,119474,1898,31935
2021-02-02,JAWA BARAT,2068,78,2305,-315,155375,121779,1976,31620
2021-02-03,JAWA BARAT,2241,10,1890,341,157616,123669,1986,31961
2021-02-04,JAWA BARAT,2020,17,2359,-356,159636,126028,2003,31605
2021-02-05,JAWA BARAT,2117,28,2674,-585,161753,128702,2031,31020
2021-02-06,JAWA BARAT,3971,4,3114,853,165724,131816,2035,31873
2021-02-07,JAWA BARAT,1987,2,2074,-89,167711,133890,2037,31784
2021-02-08,JAWA BARAT,1498,12,3218,-1732,169209,137108,2049,30052
2021-02-09,JAWA BARAT,776,17,2127,-1368,169985,139235,2066,28684
2021-02-10,JAWA BARAT,661,16,1059,-414,170646,140294,2082,28270
2021-02-11,JAWA BARAT,1060,18,1127,-85,171706,141421,2100,28185
2021-02-12,JAWA BARAT,683,5,1576,-898,172389,142997,2105,27287
2021-02-13,JAWA BARAT,1736,2,2481,-747,174125,145478,2107,26540
2021-02-14,JAWA BARAT,881,6,1684,-809,175006,147162,2113,25731
2021-02-15,JAWA BARAT,947,5,1265,-323,175953,148427,2118,25408
2021-02-16,JAWA BARAT,4032,14,2099,1919,179985,150526,2132,27327
2021-02-17,JAWA BARAT,4333,3,2688,1642,184318,153214,2135,28969
2021-02-18,JAWA BARAT,4210,9,3334,867,188528,156548,2144,29836
2021-02-19,JAWA BARAT,3846,25,2552,1269,192374,159100,2169,31105
2021-02-20,JAWA BARAT,974,5,1524,-555,193348,160624,2174,30550
2021-02-21,JAWA BARAT,1021,4,1598,-581,194369,162222,2178,29969
2021-02-22,JAWA BARAT,3813,16,2819,978,198182,165041,2194,30947
2021-02-23,JAWA BARAT,4334,23,2045,2266,202516,167086,2217,33213
2021-02-24,JAWA BARAT,2192,7,1376,809,204708,168462,2224,34022
2021-02-25,JAWA BARAT,2544,73,1082,1389,207252,169544,2297,35411
2021-02-26,JAWA BARAT,2314,7,867,1440,209566,170411,2304,36851
2021-02-27,JAWA BARAT,876,5,651,220,210442,171062,2309,37071
2021-02-28,JAWA BARAT,771,51,535,185,211213,171597,2360,37256
2021-03-01,JAWA BARAT,1662,4,1692,-34,212875,173289,2364,37222
2021-03-02,JAWA BARAT,1654,49,2231,-626,214529,175520,2413,36596
2021-03-03,JAWA BARAT,1895,49,2255,-409,216424,177775,2462,36187
2021-03-04,JAWA BARAT,1731,45,1191,495,218155,178966,2507,36682
2021-03-05,JAWA BARAT,1785,7,1686,92,219940,180652,2514,36774
2021-03-06,JAWA BARAT,1094,1,1303,-210,221034,181955,2515,36564
2021-03-07,JAWA BARAT,1365,2,538,825,222399,182493,2517,37389
2021-03-08,JAWA BARAT,1739,72,1940,-273,224138,184433,2589,37116
2021-03-09,JAWA BARAT,1787,50,1004,733,225925,185437,2639,37849
2021-03-10,JAWA BARAT,1570,24,1239,307,227495,186676,2663,38156
2021-03-11,JAWA BARAT,781,6,4212,-3437,228276,190888,2669,34719
2021-03-12,JAWA BARAT,1357,43,2495,-1181,229633,193383,2712,33538
2021-03-13,JAWA BARAT,925,2,1587,-664,230558,194970,2714,32874
2021-03-14,JAWA BARAT,1133,6,944,183,231691,195914,2720,33057
2021-03-15,JAWA BARAT,1334,20,1561,-247,233025,197475,2740,32810
2021-03-16,JAWA BARAT,1617,35,2142,-560,234642,199617,2775,32250
2021-03-17,JAWA BARAT,1347,36,4155,-2844,235989,203772,2811,29406
2021-03-18,JAWA BARAT,1261,44,1185,32,237250,204957,2855,29438
2021-03-19,JAWA BARAT,1361,34,957,370,238611,205914,2889,29808
2021-03-20,JAWA BARAT,822,7,1711,-896,239433,207625,2896,28912
2021-03-21,JAWA BARAT,517,21,1323,-827,239950,208948,2917,28085
2021-03-22,JAWA BARAT,1253,48,1060,145,241203,210008,2965,28230
2021-03-23,JAWA BARAT,1216,41,1389,-214,242419,211397,3006,28016
2021-03-24,JAWA BARAT,1329,7,2464,-1142,243748,213861,3013,26874
2021-03-25,JAWA BARAT,1172,12,1146,14,244920,215007,3025,26888
2021-03-26,JAWA BARAT,855,1,1494,-640,245775,216501,3026,26248
2021-03-27,JAWA BARAT,476,102,1181,-807,246251,217682,3128,25441
2021-03-28,JAWA BARAT,534,7,836,-309,246785,218518,3135,25132
2021-03-29,JAWA BARAT,1610,6,1368,236,248395,219886,3141,25368
2021-03-30,JAWA BARAT,911,8,1037,-134,249306,220923,3149,25234
2021-03-31,JAWA BARAT,975,6,724,245,250281,221647,3155,25479
2021-04-01,JAWA BARAT,904,75,1156,-327,251185,222803,3230,25152
2021-04-02,JAWA BARAT,661,5,482,174,251846,223285,3235,25326
2021-04-03,JAWA BARAT,360,5,389,-34,252206,223674,3240,25292
2021-04-04,JAWA BARAT,338,4,294,40,252544,223968,3244,25332
2021-04-05,JAWA BARAT,910,5,689,216,253454,224657,3249,25548
2021-04-06,JAWA BARAT,963,68,647,248,254417,225304,3317,25796
2021-04-07,JAWA BARAT,811,2,725,84,255228,226029,3319,25880
2021-04-08,JAWA BARAT,673,13,1180,-520,255901,227209,3332,25360
2021-04-09,JAWA BARAT,931,22,451,458,256832,227660,3354,25818
2021-04-10,JAWA BARAT,997,7,475,515,257829,228135,3361,26333
2021-04-11,JAWA BARAT,747,5,665,77,258576,228800,3366,26410
2021-04-12,JAWA BARAT,1470,25,362,1083,260046,229162,3391,27493
2021-04-13,JAWA BARAT,1456,23,1116,317,261502,230278,3414,27810
2021-04-14,JAWA BARAT,1568,17,637,914,263070,230915,3431,28724
2021-04-15,JAWA BARAT,1216,42,1351,-177,264286,232266,3473,28547
2021-04-16,JAWA BARAT,998,5,612,381,265284,232878,3478,28928
2021-04-17,JAWA BARAT,832,9,696,127,266116,233574,3487,29055
2021-04-18,JAWA BARAT,769,9,407,353,266885,233981,3496,29408
2021-04-19,JAWA BARAT,1422,8,852,562,268307,234833,3504,29970
2021-04-20,JAWA BARAT,1399,15,649,735,269706,235482,3519,30705
2021-04-21,JAWA BARAT,1004,44,2304,-1344,270710,237786,3563,29361
2021-04-22,JAWA BARAT,1358,28,1336,-6,272068,239122,3591,29355
2021-04-23,JAWA BARAT,1066,23,1031,12,273134,240153,3614,29367
2021-04-24,JAWA BARAT,630,23,989,-382,273764,241142,3637,28985
2021-04-25,JAWA BARAT,683,7,396,280,274447,241538,3644,29265
2021-04-26,JAWA BARAT,1941,16,835,1090,276388,242373,3660,30355
2021-04-27,JAWA BARAT,1164,17,845,302,277552,243218,3677,30657
2021-04-28,JAWA BARAT,1354,14,1032,308,278906,244250,3691,30965
2021-04-29,JAWA BARAT,1119,25,1146,-52,280025,245396,3716,30913
2021-04-30,JAWA BARAT,1179,29,1178,-28,281204,246574,3745,30885
2021-05-01,JAWA BARAT,754,5,760,-11,281958,247334,3750,30874
2021-05-02,JAWA BARAT,672,7,479,186,282630,247813,3757,31060
2021-05-03,JAWA BARAT,1292,16,944,332,283922,248757,3773,31392
2021-05-04,JAWA BARAT,912,24,1380,-492,284834,250137,3797,30900
2021-05-05,JAWA BARAT,995,25,1287,-317,285829,251424,3822,30583
2021-05-06,JAWA BARAT,1038,6,1591,-559,286867,253015,3828,30024
2021-05-07,JAWA BARAT,1953,35,1318,600,288820,254333,3863,30624
2021-05-08,JAWA BARAT,2209,4,1956,249,291029,256289,3867,30873
2021-05-09,JAWA BARAT,492,8,552,-68,291521,256841,3875,30805
2021-05-10,JAWA BARAT,1070,16,2212,-1158,292591,259053,3891,29647
2021-05-11,JAWA BARAT,1373,18,1073,282,293964,260126,3909,29929
2021-05-12,JAWA BARAT,814,22,769,23,294778,260895,3931,29952
2021-05-13,JAWA BARAT,400,10,602,-212,295178,261497,3941,29740
2021-05-14,JAWA BARAT,610,2,675,-67,295788,262172,3943,29673
2021-05-15,JAWA BARAT,723,9,591,123,296511,262763,3952,29796
2021-05-16,JAWA BARAT,792,6,422,364,297303,263185,3958,30160
2021-05-17,JAWA BARAT,1361,26,1143,192,298664,264328,3984,30352
2021-05-18,JAWA BARAT,1119,39,1602,-522,299783,265930,4023,29830
2021-05-19,JAWA BARAT,1219,8,1518,-307,301002,267448,4031,29523
2021-05-20,JAWA BARAT,1332,14,1323,-5,302334,268771,4045,29518
2021-05-21,JAWA BARAT,1085,16,1482,-413,303419,270253,4061,29105
2021-05-22,JAWA BARAT,997,15,637,345,304416,270890,4076,29450
2021-05-23,JAWA BARAT,970,6,709,255,305386,271599,4082,29705
2021-05-24,JAWA BARAT,1420,19,1449,-48,306806,273048,4101,29657
2021-05-25,JAWA BARAT,1024,13,1017,-6,307830,274065,4114,29651
2021-05-26,JAWA BARAT,660,10,661,-11,308490,274726,4124,29640
2021-05-27,JAWA BARAT,1370,15,1056,299,309860,275782,4139,29939
2021-05-28,JAWA BARAT,1206,18,920,268,311066,276702,4157,30207
2021-05-29,JAWA BARAT,927,7,891,29,311993,277593,4164,30236
2021-05-30,JAWA BARAT,640,10,481,149,312633,278074,4174,30385
2021-05-31,JAWA BARAT,1316,24,1205,87,313949,279279,4198,30472
2021-06-01,JAWA BARAT,892,10,2039,-1157,314841,281318,4208,29315
2021-06-02,JAWA BARAT,930,22,2875,-1967,315771,284193,4230,27348
2021-06-03,JAWA BARAT,1176,26,7632,-6482,316947,291825,4256,20866
2021-06-04,JAWA BARAT,952,22,1736,-806,317899,293561,4278,20060
2021-06-05,JAWA BARAT,993,16,700,277,318892,294261,4294,20337
2021-06-06,JAWA BARAT,870,15,356,499,319762,294617,4309,20836
2021-06-07,JAWA BARAT,1790,22,974,794,321552,295591,4331,21630
2021-06-08,JAWA BARAT,1073,26,999,48,322625,296590,4357,21678
2021-06-09,JAWA BARAT,1562,11,849,702,324187,297439,4368,22380
2021-06-10,JAWA BARAT,1334,19,1258,57,325521,298697,4387,22437
2021-06-11,JAWA BARAT,1302,14,1460,-172,326823,300157,4401,22265
2021-06-12,JAWA BARAT,876,12,768,96,327699,300925,4413,22361
2021-06-13,JAWA BARAT,1243,9,711,523,328942,301636,4422,22884
2021-06-14,JAWA BARAT,1532,16,1757,-241,330474,303393,4438,22643
2021-06-15,JAWA BARAT,1793,11,1286,496,332267,304679,4449,23139
2021-06-16,JAWA BARAT,2599,15,1511,1073,334866,306190,4464,24212
2021-06-17,JAWA BARAT,2800,17,1105,1678,337666,307295,4481,25890
2021-06-18,JAWA BARAT,2791,48,1299,1444,340457,308594,4529,27334
2021-06-19,JAWA BARAT,2104,15,1045,1044,342561,309639,4544,28378
2021-06-20,JAWA BARAT,2009,62,1005,942,344570,310644,4606,29320
2021-06-21,JAWA BARAT,2719,28,1252,1439,347289,311896,4634,30759
2021-06-22,JAWA BARAT,3432,69,995,2368,350721,312891,4703,33127
2021-06-23,JAWA BARAT,2911,38,1044,1829,353632,313935,4741,34956
2021-06-24,JAWA BARAT,3053,84,1666,1303,356685,315601,4825,36259
2021-06-25,JAWA BARAT,3846,84,1260,2502,360531,316861,4909,38761
2021-06-26,JAWA BARAT,3787,75,1196,2516,364318,318057,4984,41277
2021-06-27,JAWA BARAT,3988,94,1261,2633,368306,319318,5078,43910
2021-06-28,JAWA BARAT,4771,73,1190,3508,373077,320508,5151,47418
2021-06-29,JAWA BARAT,3908,112,1139,2657,376985,321647,5263,50075
2021-06-30,JAWA BARAT,4473,91,2206,2176,381458,323853,5354,52251
2021-07-01,JAWA BARAT,6179,64,1298,4817,387637,325151,5418,57068
2021-07-02,JAWA BARAT,4920,37,1594,3289,392557,326745,5455,60357
2021-07-03,JAWA BARAT,5393,37,2274,3082,397950,329019,5492,63439
2021-07-04,JAWA BARAT,4458,66,2124,2268,402408,331143,5558,65707
2021-07-05,JAWA BARAT,6971,38,1666,5267,409379,332809,5596,70974
2021-07-06,JAWA BARAT,7239,49,3523,3667,416618,336332,5645,74641
2021-07-07,JAWA BARAT,8591,68,3715,4808,425209,340047,5713,79449
2021-07-08,JAWA BARAT,7772,136,3257,4379,432981,343304,5849,83828
2021-07-09,JAWA BARAT,7401,160,4967,2274,440382,348271,6009,86102
2021-07-10,JAWA BARAT,4926,165,3992,769,445308,352263,6174,86871
2021-07-11,JAWA BARAT,6704,271,3618,2815,452012,355881,6445,89686
2021-07-12,JAWA BARAT,7939,171,4446,3322,459951,360327,6616,93008
2021-07-13,JAWA BARAT,7193,144,4173,2876,467144,364500,6760,95884
2021-07-14,JAWA BARAT,10444,142,4117,6185,477588,368617,6902,102069
2021-07-15,JAWA BARAT,11099,126,5128,5845,488687,373745,7028,107914
2021-07-16,JAWA BARAT,10729,137,7338,3254,499416,381083,7165,111168
2021-07-17,JAWA BARAT,9399,84,4888,4427,508815,385971,7249,115595
2021-07-18,JAWA BARAT,7776,91,3937,3748,516591,389908,7340,119343
2021-07-19,JAWA BARAT,7288,82,5217,1989,523879,395125,7422,121332
2021-07-20,JAWA BARAT,6928,70,3064,3794,530807,398189,7492,125126
2021-07-21,JAWA BARAT,5950,119,6893,-1062,536757,405082,7611,124064
2021-07-22,JAWA BARAT,10499,141,7308,3050,547256,412390,7752,127114
2021-07-23,JAWA BARAT,8925,156,6879,1890,556181,419269,7908,129004
2021-07-24,JAWA BARAT,7587,115,6785,687,563768,426054,8023,129691
2021-07-25,JAWA BARAT,5302,123,5139,40,569070,431193,8146,129731
2021-07-26,JAWA BARAT,4368,226,4887,-745,573438,436080,8372,128986
2021-07-27,JAWA BARAT,8589,309,9334,-1054,582027,445414,8681,127932
2021-07-28,JAWA BARAT,8366,205,8066,95,590393,453480,8886,128027
2021-07-29,JAWA BARAT,7519,210,7844,-535,597912,461324,9096,127492
2021-07-30,JAWA BARAT,6912,88,7435,-611,604824,468759,9184,126881
2021-07-31,JAWA BARAT,4204,179,6937,-2912,609028,475696,9363,123969
2021-08-01,JAWA BARAT,2769,189,3452,-872,611797,479148,9552,123097
2021-08-02,JAWA BARAT,2341,127,6223,-4009,614138,485371,9679,119088
2021-08-03,JAWA BARAT,4301,139,5088,-926,618439,490459,9818,118162
2021-08-04,JAWA BARAT,3994,142,5382,-1530,622433,495841,9960,116632
2021-08-05,JAWA BARAT,4718,173,9637,-5092,627151,505478,10133,111540
2021-08-06,JAWA BARAT,4580,107,8027,-3554,631731,513505,10240,107986
2021-08-07,JAWA BARAT,3004,79,4925,-2000,634735,518430,10319,105986
2021-08-08,JAWA BARAT,2248,58,18813,-16623,636983,537243,10377,89363
2021-08-09,JAWA BARAT,2422,120,8808,-6506,639405,546051,10497,82857
2021-08-10,JAWA BARAT,4163,491,7445,-3773,643568,553496,10988,79084
2021-08-11,JAWA BARAT,3174,120,8120,-5066,646742,561616,11108,74018
2021-08-12,JAWA BARAT,1867,90,4525,-2748,648609,566141,11198,71270
2021-08-13,JAWA BARAT,2968,70,8764,-5866,651577,574905,11268,65404
2021-08-14,JAWA BARAT,2163,43,2507,-387,653740,577412,11311,65017
2021-08-15,JAWA BARAT,1298,46,2104,-852,655038,579516,11357,64165
2021-08-16,JAWA BARAT,2095,65,4163,-2133,657133,583679,11422,62032
2021-08-17,JAWA BARAT,1644,90,3899,-2345,658777,587578,11512,59687
2021-08-18,JAWA BARAT,1374,48,4677,-3351,660151,592255,11560,56336
2020-01-08,JAWA TIMUR,9,3,1,5,9,1,3,5
2020-01-09,JAWA TIMUR,0,1,23,-24,9,24,4,-19
2020-01-10,JAWA TIMUR,0,1,14,-15,9,38,5,-34
2020-01-11,JAWA TIMUR,0,3,8,-11,9,46,8,-45
2020-01-12,JAWA TIMUR,0,3,1,-4,9,47,11,-49
2020-01-13,JAWA TIMUR,0,0,0,0,9,47,11,-49
2020-01-14,JAWA TIMUR,0,0,0,0,9,47,11,-49
2020-01-15,JAWA TIMUR,0,0,0,0,9,47,11,-49
2020-01-16,JAWA TIMUR,0,0,0,0,9,47,11,-49
2020-01-17,JAWA TIMUR,0,0,4,-4,9,51,11,-53
2020-01-18,JAWA TIMUR,0,0,8,-8,9,59,11,-61
2020-01-19,JAWA TIMUR,0,0,0,0,9,59,11,-61
2020-01-20,JAWA TIMUR,0,0,0,0,9,59,11,-61
2020-01-21,JAWA TIMUR,0,0,0,0,9,59,11,-61
2020-01-22,JAWA TIMUR,0,0,0,0,9,59,11,-61
2020-01-23,JAWA TIMUR,0,0,0,0,9,59,11,-61
2020-01-24,JAWA TIMUR,0,0,0,0,9,59,11,-61
2020-01-25,JAWA TIMUR,0,0,0,0,9,59,11,-61
2020-01-26,JAWA TIMUR,0,0,0,0,9,59,11,-61
2020-01-27,JAWA TIMUR,0,0,0,0,9,59,11,-61
2020-01-28,JAWA TIMUR,0,0,0,0,9,59,11,-61
2020-01-29,JAWA TIMUR,0,0,0,0,9,59,11,-61
2020-01-30,JAWA TIMUR,0,0,0,0,9,59,11,-61
2020-01-31,JAWA TIMUR,0,0,0,0,9,59,11,-61
2020-02-01,JAWA TIMUR,0,0,0,0,9,59,11,-61
2020-02-02,JAWA TIMUR,0,0,0,0,9,59,11,-61
2020-02-03,JAWA TIMUR,0,0,2,-2,9,61,11,-63
2020-02-04,JAWA TIMUR,0,0,0,0,9,61,11,-63
2020-02-05,JAWA TIMUR,0,0,0,0,9,61,11,-63
2020-02-06,JAWA TIMUR,0,0,4,-4,9,65,11,-67
2020-02-07,JAWA TIMUR,0,0,0,0,9,65,11,-67
2020-02-08,JAWA TIMUR,0,0,13,-13,9,78,11,-80
2020-02-09,JAWA TIMUR,0,4,27,-31,9,105,15,-111
2020-02-10,JAWA TIMUR,0,0,20,-20,9,125,15,-131
2020-02-11,JAWA TIMUR,0,3,7,-10,9,132,18,-141
2020-02-12,JAWA TIMUR,0,5,0,-5,9,132,23,-146
2020-02-13,JAWA TIMUR,0,0,0,0,9,132,23,-146
2020-02-14,JAWA TIMUR,0,0,0,0,9,132,23,-146
2020-02-15,JAWA TIMUR,0,0,0,0,9,132,23,-146
2020-02-16,JAWA TIMUR,0,0,0,0,9,132,23,-146
2020-02-17,JAWA TIMUR,0,0,0,0,9,132,23,-146
2020-02-18,JAWA TIMUR,0,0,0,0,9,132,23,-146
2020-02-19,JAWA TIMUR,0,0,0,0,9,132,23,-146
2020-02-20,JAWA TIMUR,0,0,0,0,9,132,23,-146
2020-02-21,JAWA TIMUR,0,0,0,0,9,132,23,-146
2020-02-22,JAWA TIMUR,0,0,0,0,9,132,23,-146
2020-02-23,JAWA TIMUR,0,0,0,0,9,132,23,-146
2020-02-24,JAWA TIMUR,0,0,0,0,9,132,23,-146
2020-02-25,JAWA TIMUR,0,0,0,0,9,132,23,-146
2020-02-26,JAWA TIMUR,0,0,0,0,9,132,23,-146
2020-02-27,JAWA TIMUR,0,0,0,0,9,132,23,-146
2020-02-28,JAWA TIMUR,0,0,0,0,9,132,23,-146
2020-02-29,JAWA TIMUR,0,0,0,0,9,132,23,-146
2020-03-01,JAWA TIMUR,0,0,0,0,9,132,23,-146
2020-03-02,JAWA TIMUR,0,0,0,0,9,132,23,-146
2020-03-03,JAWA TIMUR,0,0,0,0,9,132,23,-146
2020-03-04,JAWA TIMUR,0,0,0,0,9,132,23,-146
2020-03-05,JAWA TIMUR,0,0,0,0,9,132,23,-146
2020-03-06,JAWA TIMUR,0,0,0,0,9,132,23,-146
2020-03-07,JAWA TIMUR,0,0,0,0,9,132,23,-146
2020-03-08,JAWA TIMUR,0,2,0,-2,9,132,25,-148
2020-03-09,JAWA TIMUR,0,2,27,-29,9,159,27,-177
2020-03-10,JAWA TIMUR,0,1,19,-20,9,178,28,-197
2020-03-11,JAWA TIMUR,0,0,9,-9,9,187,28,-206
2020-03-12,JAWA TIMUR,0,2,8,-10,9,195,30,-216
2020-03-13,JAWA TIMUR,0,0,0,0,9,195,30,-216
2020-03-14,JAWA TIMUR,0,0,0,0,9,195,30,-216
2020-03-15,JAWA TIMUR,0,0,0,0,9,195,30,-216
2020-03-16,JAWA TIMUR,0,0,0,0,9,195,30,-216
2020-03-17,JAWA TIMUR,0,0,0,0,9,195,30,-216
2020-03-18,JAWA TIMUR,7,1,0,6,16,195,31,-210
2020-03-19,JAWA TIMUR,3,0,0,3,19,195,31,-207
2020-03-20,JAWA TIMUR,9,0,0,9,28,195,31,-198
2020-03-21,JAWA TIMUR,8,0,0,8,36,195,31,-190
2020-03-22,JAWA TIMUR,14,0,0,14,50,195,31,-176
2020-03-23,JAWA TIMUR,2,1,0,1,52,195,32,-175
2020-03-24,JAWA TIMUR,3,1,0,2,55,195,33,-173
2020-03-25,JAWA TIMUR,9,0,1,8,64,196,33,-165
2020-03-26,JAWA TIMUR,13,1,0,12,77,196,34,-153
2020-03-27,JAWA TIMUR,3,1,0,2,80,196,35,-151
2020-03-28,JAWA TIMUR,14,2,2,10,94,198,37,-141
2020-03-29,JAWA TIMUR,12,1,28,-17,106,226,38,-158
2020-03-30,JAWA TIMUR,7,2,0,5,113,226,40,-153
2020-03-31,JAWA TIMUR,1,0,0,1,114,226,40,-152
2020-04-01,JAWA TIMUR,9,4,77,-72,123,303,44,-224
2020-04-02,JAWA TIMUR,0,12,91,-103,123,394,56,-327
2020-04-03,JAWA TIMUR,47,1,7,39,170,401,57,-288
2020-04-04,JAWA TIMUR,5,2,3,0,175,404,59,-288
2020-04-05,JAWA TIMUR,35,2,8,25,210,412,61,-263
2020-04-06,JAWA TIMUR,9,5,11,-7,219,423,66,-270
2020-04-07,JAWA TIMUR,5,5,2,-2,224,425,71,-272
2020-04-08,JAWA TIMUR,15,24,15,-24,239,440,95,-296
2020-04-09,JAWA TIMUR,36,12,43,-19,275,483,107,-315
2020-04-10,JAWA TIMUR,30,4,34,-8,305,517,111,-323
2020-04-11,JAWA TIMUR,15,9,27,-21,320,544,120,-344
2020-04-12,JAWA TIMUR,111,1,7,103,431,551,121,-241
2020-04-13,JAWA TIMUR,52,3,6,43,483,557,124,-198
2020-04-14,JAWA TIMUR,36,2,10,24,519,567,126,-174
2020-04-15,JAWA TIMUR,25,4,4,17,544,571,130,-157
2020-04-16,JAWA TIMUR,13,5,3,5,557,574,135,-152
2020-04-17,JAWA TIMUR,10,6,3,1,567,577,141,-151
2020-04-18,JAWA TIMUR,34,3,7,24,601,584,144,-127
2020-04-19,JAWA TIMUR,43,6,2,35,644,586,150,-92
2020-04-20,JAWA TIMUR,5,3,1,1,649,587,153,-91
2020-04-21,JAWA TIMUR,10,5,2,3,659,589,158,-88
2020-04-22,JAWA TIMUR,36,5,30,1,695,619,163,-87
2020-04-23,JAWA TIMUR,27,4,12,11,722,631,167,-76
2020-04-24,JAWA TIMUR,20,11,14,-5,742,645,178,-81
2020-04-25,JAWA TIMUR,75,7,19,49,817,664,185,-32
2020-04-26,JAWA TIMUR,19,8,4,7,836,668,193,-25
2020-04-27,JAWA TIMUR,12,5,9,-2,848,677,198,-27
2020-04-28,JAWA TIMUR,58,1,21,36,906,698,199,9
2020-04-29,JAWA TIMUR,20,3,10,7,926,708,202,16
2020-04-30,JAWA TIMUR,75,5,8,62,1001,716,207,78
2020-05-01,JAWA TIMUR,83,5,33,45,1084,749,212,123
2020-05-02,JAWA TIMUR,7,10,46,-49,1091,795,222,74
2020-05-03,JAWA TIMUR,77,6,9,62,1168,804,228,136
2020-05-04,JAWA TIMUR,13,8,7,-2,1181,811,236,134
2020-05-05,JAWA TIMUR,41,7,21,13,1222,832,243,147
2020-05-06,JAWA TIMUR,48,13,11,24,1270,843,256,171
2020-05-07,JAWA TIMUR,34,14,9,11,1304,852,270,182
2020-05-08,JAWA TIMUR,30,19,46,-35,1334,898,289,147
2020-05-09,JAWA TIMUR,158,12,63,83,1492,961,301,230
2020-05-10,JAWA TIMUR,78,7,48,23,1570,1009,308,253
2020-05-11,JAWA TIMUR,54,13,70,-29,1624,1079,321,224
2020-05-12,JAWA TIMUR,111,11,28,72,1735,1107,332,296
2020-05-13,JAWA TIMUR,141,7,47,87,1876,1154,339,383
2020-05-14,JAWA TIMUR,85,14,17,54,1961,1171,353,437
2020-05-15,JAWA TIMUR,57,13,12,32,2018,1183,366,469
2020-05-16,JAWA TIMUR,168,11,24,133,2186,1207,377,602
2020-05-17,JAWA TIMUR,57,11,30,16,2243,1237,388,618
2020-05-18,JAWA TIMUR,124,13,15,96,2367,1252,401,714
2020-05-19,JAWA TIMUR,84,13,48,23,2451,1300,414,737
2020-05-20,JAWA TIMUR,124,19,43,62,2575,1343,433,799
2020-05-21,JAWA TIMUR,431,14,13,404,3006,1356,447,1203
2020-05-22,JAWA TIMUR,155,9,51,95,3161,1407,456,1298
2020-05-23,JAWA TIMUR,465,21,90,354,3626,1497,477,1652
2020-05-24,JAWA TIMUR,72,11,55,6,3698,1552,488,1658
2020-05-25,JAWA TIMUR,200,15,34,151,3898,1586,503,1809
2020-05-26,JAWA TIMUR,86,14,67,5,3984,1653,517,1814
2020-05-27,JAWA TIMUR,166,15,44,107,4150,1697,532,1921
2020-05-28,JAWA TIMUR,168,13,55,100,4318,1752,545,2021
2020-05-29,JAWA TIMUR,132,8,52,72,4450,1804,553,2093
2020-05-30,JAWA TIMUR,180,12,54,114,4630,1858,565,2207
2020-05-31,JAWA TIMUR,232,16,203,13,4862,2061,581,2220
2020-06-01,JAWA TIMUR,95,16,96,-17,4957,2157,597,2203
2020-06-02,JAWA TIMUR,171,19,298,-146,5128,2455,616,2057
2020-06-03,JAWA TIMUR,173,14,304,-145,5301,2759,630,1912
2020-06-04,JAWA TIMUR,108,15,179,-86,5409,2938,645,1826
2020-06-05,JAWA TIMUR,144,22,172,-50,5553,3110,667,1776
2020-06-06,JAWA TIMUR,84,19,117,-52,5637,3227,686,1724
2020-06-07,JAWA TIMUR,271,18,147,106,5908,3374,704,1830
2020-06-08,JAWA TIMUR,319,20,161,138,6227,3535,724,1968
2020-06-09,JAWA TIMUR,189,25,127,37,6416,3662,749,2005
2020-06-10,JAWA TIMUR,275,29,203,43,6691,3865,778,2048
2020-06-11,JAWA TIMUR,251,33,88,130,6942,3953,811,2178
2020-06-12,JAWA TIMUR,245,29,185,31,7187,4138,840,2209
2020-06-13,JAWA TIMUR,219,23,93,103,7406,4231,863,2312
2020-06-14,JAWA TIMUR,194,22,63,109,7600,4294,885,2421
2020-06-15,JAWA TIMUR,312,30,95,187,7912,4389,915,2608
2020-06-16,JAWA TIMUR,205,22,59,124,8117,4448,937,2732
2020-06-17,JAWA TIMUR,210,26,240,-56,8327,4688,963,2676
2020-06-18,JAWA TIMUR,319,23,269,27,8646,4957,986,2703
2020-06-19,JAWA TIMUR,196,22,115,59,8842,5072,1008,2762
2020-06-20,JAWA TIMUR,300,18,257,25,9142,5329,1026,2787
2020-06-21,JAWA TIMUR,131,16,126,-11,9273,5455,1042,2776
2020-06-22,JAWA TIMUR,329,11,116,202,9602,5571,1053,2978
2020-06-23,JAWA TIMUR,241,17,130,94,9843,5701,1070,3072
2020-06-24,JAWA TIMUR,183,19,161,3,10026,5862,1089,3075
2020-06-25,JAWA TIMUR,304,23,135,146,10330,5997,1112,3221
2020-06-26,JAWA TIMUR,360,32,186,142,10690,6183,1144,3363
2020-06-27,JAWA TIMUR,287,25,106,156,10977,6289,1169,3519
2020-06-28,JAWA TIMUR,236,21,182,33,11213,6471,1190,3552
2020-06-29,JAWA TIMUR,226,21,102,103,11439,6573,1211,3655
2020-06-30,JAWA TIMUR,394,24,198,172,11833,6771,1235,3827
2020-07-01,JAWA TIMUR,305,25,116,164,12138,6887,1260,3991
2020-07-02,JAWA TIMUR,342,28,222,92,12480,7109,1288,4083
2020-07-03,JAWA TIMUR,372,20,160,192,12852,7269,1308,4275
2020-07-04,JAWA TIMUR,384,31,155,198,13236,7424,1339,4473
2020-07-05,JAWA TIMUR,411,14,262,135,13647,7686,1353,4608
2020-07-06,JAWA TIMUR,280,18,219,43,13927,7905,1371,4651
2020-07-07,JAWA TIMUR,321,21,153,147,14248,8058,1392,4798
2020-07-08,JAWA TIMUR,393,16,164,213,14641,8222,1408,5011
2020-07-09,JAWA TIMUR,416,27,180,209,15057,8402,1435,5220
2020-07-10,JAWA TIMUR,295,17,311,-33,15352,8713,1452,5187
2020-07-11,JAWA TIMUR,392,19,310,63,15744,9023,1471,5250
2020-07-12,JAWA TIMUR,388,21,261,106,16132,9284,1492,5356
2020-07-13,JAWA TIMUR,197,22,165,10,16329,9449,1514,5366
2020-07-14,JAWA TIMUR,278,26,272,-20,16607,9721,1540,5346
2020-07-15,JAWA TIMUR,261,39,315,-93,16868,10036,1579,5253
2020-07-16,JAWA TIMUR,191,17,254,-80,17059,10290,1596,5173
2020-07-17,JAWA TIMUR,249,21,306,-78,17308,10596,1617,5095
2020-07-18,JAWA TIMUR,257,26,224,7,17565,10820,1643,5102
2020-07-19,JAWA TIMUR,302,44,285,-27,17867,11105,1687,5075
2020-07-20,JAWA TIMUR,287,25,258,4,18154,11363,1712,5079
2020-07-21,JAWA TIMUR,305,25,370,-90,18459,11733,1737,4989
2020-07-22,JAWA TIMUR,359,32,311,16,18818,12044,1769,5005
2020-07-23,JAWA TIMUR,323,37,363,-77,19141,12407,1806,4928
2020-07-24,JAWA TIMUR,563,31,349,183,19704,12756,1837,5111
2020-07-25,JAWA TIMUR,270,22,353,-105,19974,13109,1859,5006
2020-07-26,JAWA TIMUR,302,33,260,9,20276,13369,1892,5015
2020-07-27,JAWA TIMUR,286,18,309,-41,20562,13678,1910,4974
2020-07-28,JAWA TIMUR,273,31,311,-69,20835,13989,1941,4905
2020-07-29,JAWA TIMUR,286,19,366,-99,21121,14355,1960,4806
2020-07-30,JAWA TIMUR,315,20,283,12,21436,14638,1980,4818
2020-07-31,JAWA TIMUR,294,22,261,11,21730,14899,2002,4829
2020-08-01,JAWA TIMUR,581,19,238,324,22311,15137,2021,5153
2020-08-02,JAWA TIMUR,330,23,220,87,22641,15357,2044,5240
2020-08-03,JAWA TIMUR,321,16,259,46,22962,15616,2060,5286
2020-08-04,JAWA TIMUR,391,19,246,126,23353,15862,2079,5412
2020-08-05,JAWA TIMUR,414,11,347,56,23767,16209,2090,5468
2020-08-06,JAWA TIMUR,265,19,490,-244,24032,16699,2109,5224
2020-08-07,JAWA TIMUR,365,21,576,-232,24397,17275,2130,4992
2020-08-08,JAWA TIMUR,402,24,345,33,24799,17620,2154,5025
2020-08-09,JAWA TIMUR,367,29,317,21,25166,17937,2183,5046
2020-08-10,JAWA TIMUR,298,18,382,-102,25464,18319,2201,4944
2020-08-11,JAWA TIMUR,288,22,278,-12,25752,18597,2223,4932
2020-08-12,JAWA TIMUR,298,34,450,-186,26050,19047,2257,4746
2020-08-13,JAWA TIMUR,327,36,569,-278,26377,19616,2293,4468
2020-08-14,JAWA TIMUR,402,41,359,2,26779,19975,2334,4470
2020-08-15,JAWA TIMUR,416,27,366,23,27195,20341,2361,4493
2020-08-16,JAWA TIMUR,471,23,389,59,27666,20730,2384,4552
2020-08-17,JAWA TIMUR,313,27,389,-103,27979,21119,2411,4449
2020-08-18,JAWA TIMUR,318,24,363,-69,28297,21482,2435,4380
2020-08-19,JAWA TIMUR,338,27,485,-174,28635,21967,2462,4206
2020-08-20,JAWA TIMUR,366,25,368,-27,29001,22335,2487,4179
2020-08-21,JAWA TIMUR,451,39,367,45,29452,22702,2526,4224
2020-08-22,JAWA TIMUR,343,30,382,-69,29795,23084,2556,4155
2020-08-23,JAWA TIMUR,282,28,369,-115,30077,23453,2584,4040
2020-08-24,JAWA TIMUR,340,22,491,-173,30417,23944,2606,3867
2020-08-25,JAWA TIMUR,364,20,460,-116,30781,24404,2626,3751
2020-08-26,JAWA TIMUR,322,31,398,-107,31103,24802,2657,3644
2020-08-27,JAWA TIMUR,362,31,353,-22,31465,25155,2688,3622
2020-08-28,JAWA TIMUR,424,32,337,55,31889,25492,2720,3677
2020-08-29,JAWA TIMUR,616,25,264,327,32505,25756,2745,4004
2020-08-30,JAWA TIMUR,458,34,398,26,32963,26154,2779,4030
2020-08-31,JAWA TIMUR,315,38,493,-216,33278,26647,2817,3814
2020-09-01,JAWA TIMUR,351,19,405,-73,33629,27052,2836,3741
2020-09-02,JAWA TIMUR,359,17,361,-19,33988,27413,2853,3722
2020-09-03,JAWA TIMUR,371,34,331,6,34359,27744,2887,3728
2020-09-04,JAWA TIMUR,330,43,347,-60,34689,28091,2930,3668
2020-09-05,JAWA TIMUR,322,26,336,-40,35011,28427,2956,3628
2020-09-06,JAWA TIMUR,306,32,391,-117,35317,28818,2988,3511
2020-09-07,JAWA TIMUR,290,26,375,-111,35607,29193,3014,3400
2020-09-08,JAWA TIMUR,425,27,348,50,36032,29541,3041,3450
2020-09-09,JAWA TIMUR,356,40,391,-75,36388,29932,3081,3375
2020-09-10,JAWA TIMUR,370,27,316,27,36758,30248,3108,3402
2020-09-11,JAWA TIMUR,370,34,359,-23,37128,30607,3142,3379
2020-09-12,JAWA TIMUR,364,24,442,-102,37492,31049,3166,3277
2020-09-13,JAWA TIMUR,236,30,711,-505,37728,31760,3196,2772
2020-09-14,JAWA TIMUR,358,31,346,-19,38086,32106,3227,2753
2020-09-15,JAWA TIMUR,371,24,346,1,38457,32452,3251,2754
2020-09-16,JAWA TIMUR,357,24,340,-7,38814,32792,3275,2747
2020-09-17,JAWA TIMUR,323,29,333,-39,39137,33125,3304,2708
2020-09-18,JAWA TIMUR,488,23,538,-73,39625,33663,3327,2635
2020-09-19,JAWA TIMUR,351,31,353,-33,39976,34016,3358,2602
2020-09-20,JAWA TIMUR,350,21,321,8,40326,34337,3379,2610
2020-09-21,JAWA TIMUR,336,16,286,34,40662,34623,3395,2644
2020-09-22,JAWA TIMUR,336,22,379,-65,40998,35002,3417,2579
2020-09-23,JAWA TIMUR,342,23,335,-16,41340,35337,3440,2563
2020-09-24,JAWA TIMUR,359,25,363,-29,41699,35700,3465,2534
2020-09-25,JAWA TIMUR,285,22,374,-111,41984,36074,3487,2423
2020-09-26,JAWA TIMUR,269,17,344,-92,42253,36418,3504,2331
2020-09-27,JAWA TIMUR,197,19,460,-282,42450,36878,3523,2049
2020-09-28,JAWA TIMUR,280,22,451,-193,42730,37329,3545,1856
2020-09-29,JAWA TIMUR,275,24,322,-71,43005,37651,3569,1785
2020-09-30,JAWA TIMUR,531,51,565,-85,43536,38216,3620,1700
2020-10-01,JAWA TIMUR,601,22,372,207,44137,38588,3642,1907
2020-10-02,JAWA TIMUR,269,22,363,-116,44406,38951,3664,1791
2020-10-03,JAWA TIMUR,319,15,343,-39,44725,39294,3679,1752
2020-10-04,JAWA TIMUR,238,18,331,-111,44963,39625,3697,1641
2020-10-05,JAWA TIMUR,245,8,290,-53,45208,39915,3705,1588
2020-10-06,JAWA TIMUR,275,9,247,19,45483,40162,3714,1607
2020-10-07,JAWA TIMUR,326,23,299,4,45809,40461,3737,1611
2020-10-08,JAWA TIMUR,343,20,328,-5,46152,40789,3757,1606
2020-10-09,JAWA TIMUR,303,25,378,-100,46455,41167,3782,1506
2020-10-10,JAWA TIMUR,310,20,371,-81,46765,41538,3802,1425
2020-10-11,JAWA TIMUR,260,15,317,-72,47025,41855,3817,1353
2020-10-12,JAWA TIMUR,297,19,317,-39,47322,42172,3836,1314
2020-10-13,JAWA TIMUR,330,22,365,-57,47652,42537,3858,1257
2020-10-14,JAWA TIMUR,300,21,346,-67,47952,42883,3879,1190
2020-10-15,JAWA TIMUR,294,20,372,-98,48246,43255,3899,1092
2020-10-16,JAWA TIMUR,286,21,402,-137,48532,43657,3920,955
2020-10-17,JAWA TIMUR,250,22,382,-154,48782,44039,3942,801
2020-10-18,JAWA TIMUR,236,21,318,-103,49018,44357,3963,698
2020-10-19,JAWA TIMUR,232,21,351,-140,49250,44708,3984,558
2020-10-20,JAWA TIMUR,295,12,339,-56,49545,45047,3996,502
2020-10-21,JAWA TIMUR,332,17,342,-27,49877,45389,4013,475
2020-10-22,JAWA TIMUR,272,22,380,-130,50149,45769,4035,345
2020-10-23,JAWA TIMUR,282,22,376,-116,50431,46145,4057,229
2020-10-24,JAWA TIMUR,292,18,349,-75,50723,46494,4075,154
2020-10-25,JAWA TIMUR,246,18,269,-41,50969,46763,4093,113
2020-10-26,JAWA TIMUR,288,13,285,-10,51257,47048,4106,103
2020-10-27,JAWA TIMUR,286,11,270,5,51543,47318,4117,108
2020-10-28,JAWA TIMUR,232,15,260,-43,51775,47578,4132,65
2020-10-29,JAWA TIMUR,242,15,282,-55,52017,47860,4147,10
2020-10-30,JAWA TIMUR,218,46,542,-370,52235,48402,4193,-360
2020-10-31,JAWA TIMUR,225,22,277,-74,52460,48679,4215,-434
2020-11-01,JAWA TIMUR,627,23,345,259,53087,49024,4238,-175
2020-11-02,JAWA TIMUR,284,12,291,-19,53371,49315,4250,-194
2020-11-03,JAWA TIMUR,261,24,280,-43,53632,49595,4274,-237
2020-11-04,JAWA TIMUR,231,15,280,-64,53863,49875,4289,-301
2020-11-05,JAWA TIMUR,270,9,274,-13,54133,50149,4298,-314
2020-11-06,JAWA TIMUR,261,13,308,-60,54394,50457,4311,-374
2020-11-07,JAWA TIMUR,269,24,283,-38,54663,50740,4335,-412
2020-11-08,JAWA TIMUR,279,21,275,-17,54942,51015,4356,-429
2020-11-09,JAWA TIMUR,243,28,278,-63,55185,51293,4384,-492
2020-11-10,JAWA TIMUR,303,25,311,-33,55488,51604,4409,-525
2020-11-11,JAWA TIMUR,185,21,272,-108,55673,51876,4430,-633
2020-11-12,JAWA TIMUR,233,24,238,-29,55906,52114,4454,-662
2020-11-13,JAWA TIMUR,224,21,291,-88,56130,52405,4475,-750
2020-11-14,JAWA TIMUR,240,21,303,-84,56370,52708,4496,-834
2020-11-15,JAWA TIMUR,189,10,278,-99,56559,52986,4506,-933
2020-11-16,JAWA TIMUR,263,30,259,-26,56822,53245,4536,-959
2020-11-17,JAWA TIMUR,317,29,248,40,57139,53493,4565,-919
2020-11-18,JAWA TIMUR,372,18,283,71,57511,53776,4583,-848
2020-11-19,JAWA TIMUR,408,33,248,127,57919,54024,4616,-721
2020-11-20,JAWA TIMUR,361,26,305,30,58280,54329,4642,-691
2020-11-21,JAWA TIMUR,354,23,265,66,58634,54594,4665,-625
2020-11-22,JAWA TIMUR,274,27,276,-29,58908,54870,4692,-654
2020-11-23,JAWA TIMUR,341,29,268,44,59249,55138,4721,-610
2020-11-24,JAWA TIMUR,331,29,259,43,59580,55397,4750,-567
2020-11-25,JAWA TIMUR,378,35,284,59,59958,55681,4785,-508
2020-11-26,JAWA TIMUR,361,34,283,44,60319,55964,4819,-464
2020-11-27,JAWA TIMUR,375,43,338,-6,60694,56302,4862,-470
2020-11-28,JAWA TIMUR,442,32,394,16,61136,56696,4894,-454
2020-11-29,JAWA TIMUR,393,32,267,94,61529,56963,4926,-360
2020-11-30,JAWA TIMUR,389,94,675,-380,61918,57638,5020,-740
2020-12-01,JAWA TIMUR,419,30,403,-14,62337,58041,5050,-754
2020-12-02,JAWA TIMUR,462,23,317,122,62799,58358,5073,-632
2020-12-03,JAWA TIMUR,532,36,372,124,63331,58730,5109,-508
2020-12-04,JAWA TIMUR,586,17,364,205,63917,59094,5126,-303
2020-12-05,JAWA TIMUR,541,27,395,119,64458,59489,5153,-184
2020-12-06,JAWA TIMUR,536,31,351,154,64994,59840,5184,-30
2020-12-07,JAWA TIMUR,572,30,397,145,65566,60237,5214,115
2020-12-08,JAWA TIMUR,572,45,541,-14,66138,60778,5259,101
2020-12-09,JAWA TIMUR,670,46,527,97,66808,61305,5305,198
2020-12-10,JAWA TIMUR,726,31,610,85,67534,61915,5336,283
2020-12-11,JAWA TIMUR,812,32,444,336,68346,62359,5368,619
2020-12-12,JAWA TIMUR,765,49,451,265,69111,62810,5417,884
2020-12-13,JAWA TIMUR,708,30,563,115,69819,63373,5447,999
2020-12-14,JAWA TIMUR,704,22,501,181,70523,63874,5469,1180
2020-12-15,JAWA TIMUR,705,47,747,-89,71228,64621,5516,1091
2020-12-16,JAWA TIMUR,724,45,463,216,71952,65084,5561,1307
2020-12-17,JAWA TIMUR,832,36,612,184,72784,65696,5597,1491
2020-12-18,JAWA TIMUR,831,46,598,187,73615,66294,5643,1678
2020-12-19,JAWA TIMUR,736,50,518,168,74351,66812,5693,1846
2020-12-20,JAWA TIMUR,643,45,725,-127,74994,67537,5738,1719
2020-12-21,JAWA TIMUR,803,35,600,168,75797,68137,5773,1887
2020-12-22,JAWA TIMUR,705,47,618,40,76502,68755,5820,1927
2020-12-23,JAWA TIMUR,812,44,648,120,77314,69403,5864,2047
2020-12-24,JAWA TIMUR,731,55,668,8,78045,70071,5919,2055
2020-12-25,JAWA TIMUR,734,56,514,164,78779,70585,5975,2219
2020-12-26,JAWA TIMUR,779,48,647,84,79558,71232,6023,2303
2020-12-27,JAWA TIMUR,675,39,543,93,80233,71775,6062,2396
2020-12-28,JAWA TIMUR,813,62,602,149,81046,72377,6124,2545
2020-12-29,JAWA TIMUR,765,56,661,48,81811,73038,6180,2593
2020-12-30,JAWA TIMUR,957,58,745,154,82768,73783,6238,2747
2020-12-31,JAWA TIMUR,1644,163,1257,224,84412,75040,6401,2971
2021-01-01,JAWA TIMUR,862,65,641,156,85274,75681,6466,3127
2021-01-02,JAWA TIMUR,763,69,678,16,86037,76359,6535,3143
2021-01-03,JAWA TIMUR,570,49,535,-14,86607,76894,6584,3129
2021-01-04,JAWA TIMUR,673,49,501,123,87280,77395,6633,3252
2021-01-05,JAWA TIMUR,675,61,501,113,87955,77896,6694,3365
2021-01-06,JAWA TIMUR,800,51,906,-157,88755,78802,6745,3208
2021-01-07,JAWA TIMUR,879,81,560,238,89634,79362,6826,3446
2021-01-08,JAWA TIMUR,977,70,625,282,90611,79987,6896,3728
2021-01-09,JAWA TIMUR,1015,51,591,373,91626,80578,6947,4101
2021-01-10,JAWA TIMUR,946,55,818,73,92572,81396,7002,4174
2021-01-11,JAWA TIMUR,844,46,485,313,93416,81881,7048,4487
2021-01-12,JAWA TIMUR,832,68,726,38,94248,82607,7116,4525
2021-01-13,JAWA TIMUR,885,75,883,-73,95133,83490,7191,4452
2021-01-14,JAWA TIMUR,1007,66,766,175,96140,84256,7257,4627
2021-01-15,JAWA TIMUR,1256,69,788,399,97396,85044,7326,5026
2021-01-16,JAWA TIMUR,1219,48,707,464,98615,85751,7374,5490
2021-01-17,JAWA TIMUR,906,50,766,90,99521,86517,7424,5580
2021-01-18,JAWA TIMUR,863,39,705,119,100384,87222,7463,5699
2021-01-19,JAWA TIMUR,946,53,675,218,101330,87897,7516,5917
2021-01-20,JAWA TIMUR,940,59,700,181,102270,88597,7575,6098
2021-01-21,JAWA TIMUR,1122,52,914,156,103392,89511,7627,6254
2021-01-22,JAWA TIMUR,1046,52,813,181,104438,90324,7679,6435
2021-01-23,JAWA TIMUR,935,34,886,15,105373,91210,7713,6450
2021-01-24,JAWA TIMUR,895,44,765,86,106268,91975,7757,6536
2021-01-25,JAWA TIMUR,890,35,726,129,107158,92701,7792,6665
2021-01-26,JAWA TIMUR,933,57,744,132,108091,93445,7849,6797
2021-01-27,JAWA TIMUR,1089,44,770,275,109180,94215,7893,7072
2021-01-28,JAWA TIMUR,1035,45,753,237,110215,94968,7938,7309
2021-01-29,JAWA TIMUR,997,33,932,32,111212,95900,7971,7341
2021-01-30,JAWA TIMUR,854,38,804,12,112066,96704,8009,7353
2021-01-31,JAWA TIMUR,851,33,710,108,112917,97414,8042,7461
2021-02-01,JAWA TIMUR,669,36,929,-296,113586,98343,8078,7165
2021-02-02,JAWA TIMUR,809,51,918,-160,114395,99261,8129,7005
2021-02-03,JAWA TIMUR,719,64,662,-7,115114,99923,8193,6998
2021-02-04,JAWA TIMUR,595,57,874,-336,115709,100797,8250,6662
2021-02-05,JAWA TIMUR,753,61,835,-143,116462,101632,8311,6519
2021-02-06,JAWA TIMUR,693,62,678,-47,117155,102310,8373,6472
2021-02-07,JAWA TIMUR,569,32,696,-159,117724,103006,8405,6313
2021-02-08,JAWA TIMUR,666,26,753,-113,118390,103759,8431,6200
2021-02-09,JAWA TIMUR,447,25,349,73,118837,104108,8456,6273
2021-02-10,JAWA TIMUR,605,21,386,198,119442,104494,8477,6471
2021-02-11,JAWA TIMUR,1051,46,455,550,120493,104949,8523,7021
2021-02-12,JAWA TIMUR,778,93,577,108,121271,105526,8616,7129
2021-02-13,JAWA TIMUR,559,32,490,37,121830,106016,8648,7166
2021-02-14,JAWA TIMUR,516,37,395,84,122346,106411,8685,7250
2021-02-15,JAWA TIMUR,432,36,473,-77,122778,106884,8721,7173
2021-02-16,JAWA TIMUR,473,16,287,170,123251,107171,8737,7343
2021-02-17,JAWA TIMUR,579,15,265,299,123830,107436,8752,7642
2021-02-18,JAWA TIMUR,559,22,385,152,124389,107821,8774,7794
2021-02-19,JAWA TIMUR,571,24,635,-88,124960,108456,8798,7706
2021-02-20,JAWA TIMUR,625,32,570,23,125585,109026,8830,7729
2021-02-21,JAWA TIMUR,446,26,534,-114,126031,109560,8856,7615
2021-02-22,JAWA TIMUR,434,44,645,-255,126465,110205,8900,7360
2021-02-23,JAWA TIMUR,546,35,492,19,127011,110697,8935,7379
2021-02-24,JAWA TIMUR,580,30,697,-147,127591,111394,8965,7232
2021-02-25,JAWA TIMUR,556,37,560,-41,128147,111954,9002,7191
2021-02-26,JAWA TIMUR,543,21,599,-77,128690,112553,9023,7114
2021-02-27,JAWA TIMUR,445,20,444,-19,129135,112997,9043,7095
2021-02-28,JAWA TIMUR,324,26,555,-257,129459,113552,9069,6838
2021-03-01,JAWA TIMUR,341,21,420,-100,129800,113972,9090,6738
2021-03-02,JAWA TIMUR,412,21,652,-261,130212,114624,9111,6477
2021-03-03,JAWA TIMUR,430,25,480,-75,130642,115104,9136,6402
2021-03-04,JAWA TIMUR,404,21,439,-56,131046,115543,9157,6346
2021-03-05,JAWA TIMUR,404,16,447,-59,131450,115990,9173,6287
2021-03-06,JAWA TIMUR,393,25,466,-98,131843,116456,9198,6189
2021-03-07,JAWA TIMUR,328,16,380,-68,132171,116836,9214,6121
2021-03-08,JAWA TIMUR,328,23,410,-105,132499,117246,9237,6016
2021-03-09,JAWA TIMUR,391,22,434,-65,132890,117680,9259,5951
2021-03-10,JAWA TIMUR,400,18,481,-99,133290,118161,9277,5852
2021-03-11,JAWA TIMUR,341,17,384,-60,133631,118545,9294,5792
2021-03-12,JAWA TIMUR,339,15,419,-95,133970,118964,9309,5697
2021-03-13,JAWA TIMUR,346,18,362,-34,134316,119326,9327,5663
2021-03-14,JAWA TIMUR,278,14,214,50,134594,119540,9341,5713
2021-03-15,JAWA TIMUR,257,20,292,-55,134851,119832,9361,5658
2021-03-16,JAWA TIMUR,291,24,248,19,135142,120080,9385,5677
2021-03-17,JAWA TIMUR,321,89,1005,-773,135463,121085,9474,4904
2021-03-18,JAWA TIMUR,339,38,820,-519,135802,121905,9512,4385
2021-03-19,JAWA TIMUR,305,47,356,-98,136107,122261,9559,4287
2021-03-20,JAWA TIMUR,289,74,333,-118,136396,122594,9633,4169
2021-03-21,JAWA TIMUR,292,22,552,-282,136688,123146,9655,3887
2021-03-22,JAWA TIMUR,270,28,322,-80,136958,123468,9683,3807
2021-03-23,JAWA TIMUR,238,27,376,-165,137196,123844,9710,3642
2021-03-24,JAWA TIMUR,289,23,564,-298,137485,124408,9733,3344
2021-03-25,JAWA TIMUR,348,21,345,-18,137833,124753,9754,3326
2021-03-26,JAWA TIMUR,340,26,403,-89,138173,125156,9780,3237
2021-03-27,JAWA TIMUR,275,17,452,-194,138448,125608,9797,3043
2021-03-28,JAWA TIMUR,266,19,339,-92,138714,125947,9816,2951
2021-03-29,JAWA TIMUR,251,30,811,-590,138965,126758,9846,2361
2021-03-30,JAWA TIMUR,279,31,494,-246,139244,127252,9877,2115
2021-03-31,JAWA TIMUR,301,37,273,-9,139545,127525,9914,2106
2021-04-01,JAWA TIMUR,281,24,233,24,139826,127758,9938,2130
2021-04-02,JAWA TIMUR,274,25,228,21,140100,127986,9963,2151
2021-04-03,JAWA TIMUR,230,21,222,-13,140330,128208,9984,2138
2021-04-04,JAWA TIMUR,221,21,196,4,140551,128404,10005,2142
2021-04-05,JAWA TIMUR,230,30,233,-33,140781,128637,10035,2109
2021-04-06,JAWA TIMUR,295,25,216,54,141076,128853,10060,2163
2021-04-07,JAWA TIMUR,346,45,370,-69,141422,129223,10105,2094
2021-04-08,JAWA TIMUR,297,26,219,52,141719,129442,10131,2146
2021-04-09,JAWA TIMUR,308,19,249,40,142027,129691,10150,2186
2021-04-10,JAWA TIMUR,277,28,225,24,142304,129916,10178,2210
2021-04-11,JAWA TIMUR,249,23,341,-115,142553,130257,10201,2095
2021-04-12,JAWA TIMUR,251,35,251,-35,142804,130508,10236,2060
2021-04-13,JAWA TIMUR,249,32,225,-8,143053,130733,10268,2052
2021-04-14,JAWA TIMUR,262,23,279,-40,143315,131012,10291,2012
2021-04-15,JAWA TIMUR,294,27,228,39,143609,131240,10318,2051
2021-04-16,JAWA TIMUR,290,23,311,-44,143899,131551,10341,2007
2021-04-17,JAWA TIMUR,285,27,250,8,144184,131801,10368,2015
2021-04-18,JAWA TIMUR,241,20,224,-3,144425,132025,10388,2012
2021-04-19,JAWA TIMUR,253,30,235,-12,144678,132260,10418,2000
2021-04-20,JAWA TIMUR,258,37,212,9,144936,132472,10455,2009
2021-04-21,JAWA TIMUR,303,28,230,45,145239,132702,10483,2054
2021-04-22,JAWA TIMUR,291,25,235,31,145530,132937,10508,2085
2021-04-23,JAWA TIMUR,300,28,263,9,145830,133200,10536,2094
2021-04-24,JAWA TIMUR,257,18,299,-60,146087,133499,10554,2034
2021-04-25,JAWA TIMUR,236,20,216,0,146323,133715,10574,2034
2021-04-26,JAWA TIMUR,247,24,263,-40,146570,133978,10598,1994
2021-04-27,JAWA TIMUR,237,27,245,-35,146807,134223,10625,1959
2021-04-28,JAWA TIMUR,297,24,260,13,147104,134483,10649,1972
2021-04-29,JAWA TIMUR,325,26,253,46,147429,134736,10675,2018
2021-04-30,JAWA TIMUR,316,22,265,29,147745,135001,10697,2047
2021-05-01,JAWA TIMUR,231,21,202,8,147976,135203,10718,2055
2021-05-02,JAWA TIMUR,206,29,208,-31,148182,135411,10747,2024
2021-05-03,JAWA TIMUR,215,20,252,-57,148397,135663,10767,1967
2021-05-04,JAWA TIMUR,290,33,250,7,148687,135913,10800,1974
2021-05-05,JAWA TIMUR,271,28,226,17,148958,136139,10828,1991
2021-05-06,JAWA TIMUR,255,28,249,-22,149213,136388,10856,1969
2021-05-07,JAWA TIMUR,232,22,283,-73,149445,136671,10878,1896
2021-05-08,JAWA TIMUR,225,20,207,-2,149670,136878,10898,1894
2021-05-09,JAWA TIMUR,230,19,196,15,149900,137074,10917,1909
2021-05-10,JAWA TIMUR,206,21,213,-28,150106,137287,10938,1881
2021-05-11,JAWA TIMUR,258,34,215,9,150364,137502,10972,1890
2021-05-12,JAWA TIMUR,248,22,224,2,150612,137726,10994,1892
2021-05-13,JAWA TIMUR,148,12,151,-15,150760,137877,11006,1877
2021-05-14,JAWA TIMUR,141,15,174,-48,150901,138051,11021,1829
2021-05-15,JAWA TIMUR,183,29,322,-168,151084,138373,11050,1661
2021-05-16,JAWA TIMUR,164,17,164,-17,151248,138537,11067,1644
2021-05-17,JAWA TIMUR,202,25,273,-96,151450,138810,11092,1548
2021-05-18,JAWA TIMUR,227,22,230,-25,151677,139040,11114,1523
2021-05-19,JAWA TIMUR,254,32,195,27,151931,139235,11146,1550
2021-05-20,JAWA TIMUR,259,22,243,-6,152190,139478,11168,1544
2021-05-21,JAWA TIMUR,244,16,177,51,152434,139655,11184,1595
2021-05-22,JAWA TIMUR,233,16,196,21,152667,139851,11200,1616
2021-05-23,JAWA TIMUR,228,17,204,7,152895,140055,11217,1623
2021-05-24,JAWA TIMUR,227,20,205,2,153122,140260,11237,1625
2021-05-25,JAWA TIMUR,217,24,183,10,153339,140443,11261,1635
2021-05-26,JAWA TIMUR,257,21,126,110,153596,140569,11282,1745
2021-05-27,JAWA TIMUR,218,25,182,11,153814,140751,11307,1756
2021-05-28,JAWA TIMUR,246,21,206,19,154060,140957,11328,1775
2021-05-29,JAWA TIMUR,255,20,295,-60,154315,141252,11348,1715
2021-05-30,JAWA TIMUR,217,18,159,40,154532,141411,11366,1755
2021-05-31,JAWA TIMUR,249,31,226,-8,154781,141637,11397,1747
2021-06-01,JAWA TIMUR,225,24,208,-7,155006,141845,11421,1740
2021-06-02,JAWA TIMUR,239,29,206,4,155245,142051,11450,1744
2021-06-03,JAWA TIMUR,260,25,208,27,155505,142259,11475,1771
2021-06-04,JAWA TIMUR,301,25,255,21,155806,142514,11500,1792
2021-06-05,JAWA TIMUR,244,27,180,37,156050,142694,11527,1829
2021-06-06,JAWA TIMUR,276,22,191,63,156326,142885,11549,1892
2021-06-07,JAWA TIMUR,301,27,197,77,156627,143082,11576,1969
2021-06-08,JAWA TIMUR,389,35,249,105,157016,143331,11611,2074
2021-06-09,JAWA TIMUR,401,34,217,150,157417,143548,11645,2224
2021-06-10,JAWA TIMUR,425,33,228,164,157842,143776,11678,2388
2021-06-11,JAWA TIMUR,441,38,256,147,158283,144032,11716,2535
2021-06-12,JAWA TIMUR,358,30,198,130,158641,144230,11746,2665
2021-06-13,JAWA TIMUR,418,31,296,91,159059,144526,11777,2756
2021-06-14,JAWA TIMUR,403,35,280,88,159462,144806,11812,2844
2021-06-15,JAWA TIMUR,499,41,245,213,159961,145051,11853,3057
2021-06-16,JAWA TIMUR,702,49,256,397,160663,145307,11902,3454
2021-06-17,JAWA TIMUR,722,58,338,326,161385,145645,11960,3780
2021-06-18,JAWA TIMUR,731,40,409,282,162116,146054,12000,4062
2021-06-19,JAWA TIMUR,693,45,345,303,162809,146399,12045,4365
2021-06-20,JAWA TIMUR,739,53,376,310,163548,146775,12098,4675
2021-06-21,JAWA TIMUR,719,55,366,298,164267,147141,12153,4973
2021-06-22,JAWA TIMUR,746,44,383,319,165013,147524,12197,5292
2021-06-23,JAWA TIMUR,873,57,422,394,165886,147946,12254,5686
2021-06-24,JAWA TIMUR,945,57,393,495,166831,148339,12311,6181
2021-06-25,JAWA TIMUR,975,56,508,411,167806,148847,12367,6592
2021-06-26,JAWA TIMUR,989,54,577,358,168795,149424,12421,6950
2021-06-27,JAWA TIMUR,889,67,493,329,169684,149917,12488,7279
2021-06-28,JAWA TIMUR,1081,67,557,457,170765,150474,12555,7736
2021-06-29,JAWA TIMUR,1065,88,632,345,171830,151106,12643,8081
2021-06-30,JAWA TIMUR,1203,104,753,346,173033,151859,12747,8427
2021-07-01,JAWA TIMUR,1397,77,695,625,174430,152554,12824,9052
2021-07-02,JAWA TIMUR,1388,88,797,503,175818,153351,12912,9555
2021-07-03,JAWA TIMUR,1439,89,743,607,177257,154094,13001,10162
2021-07-04,JAWA TIMUR,1468,103,733,632,178725,154827,13104,10794
2021-07-05,JAWA TIMUR,1543,118,1095,330,180268,155922,13222,11124
2021-07-06,JAWA TIMUR,1808,123,1269,416,182076,157191,13345,11540
2021-07-07,JAWA TIMUR,2548,162,1211,1175,184624,158402,13507,12715
2021-07-08,JAWA TIMUR,2551,180,1292,1079,187175,159694,13687,13794
2021-07-09,JAWA TIMUR,2530,179,1724,627,189705,161418,13866,14421
2021-07-10,JAWA TIMUR,2237,185,1419,633,191942,162837,14051,15054
2021-07-11,JAWA TIMUR,2419,283,1456,680,194361,164293,14334,15734
2021-07-12,JAWA TIMUR,2742,176,1666,900,197103,165959,14510,16634
2021-07-13,JAWA TIMUR,6268,179,2152,3937,203371,168111,14689,20571
2021-07-14,JAWA TIMUR,7088,234,1835,5019,210459,169946,14923,25590
2021-07-15,JAWA TIMUR,8228,212,1987,6029,218687,171933,15135,31619
2021-07-16,JAWA TIMUR,7832,348,2225,5259,226519,174158,15483,36878
2021-07-17,JAWA TIMUR,6920,284,2700,3936,233439,176858,15767,40814
2021-07-18,JAWA TIMUR,5727,327,3054,2346,239166,179912,16094,43160
2021-07-19,JAWA TIMUR,4422,358,2862,1202,243588,182774,16452,44362
2021-07-20,JAWA TIMUR,5654,271,2580,2803,249242,185354,16723,47165
2021-07-21,JAWA TIMUR,3859,402,2985,472,253101,188339,17125,47637
2021-07-22,JAWA TIMUR,6625,279,3193,3153,259726,191532,17404,50790
2021-07-23,JAWA TIMUR,6912,351,4143,2418,266638,195675,17755,53208
2021-07-24,JAWA TIMUR,5699,358,4448,893,272337,200123,18113,54101
2021-07-25,JAWA TIMUR,4763,321,4914,-472,277100,205037,18434,53629
2021-07-26,JAWA TIMUR,3157,373,4487,-1703,280257,209524,18807,51926
2021-07-27,JAWA TIMUR,6337,340,4956,1041,286594,214480,19147,52967
2021-07-28,JAWA TIMUR,6422,402,4657,1363,293016,219137,19549,54330
2021-07-29,JAWA TIMUR,5506,343,4025,1138,298522,223162,19892,55468
2021-07-30,JAWA TIMUR,5210,389,4972,-151,303732,228134,20281,55317
2021-07-31,JAWA TIMUR,4697,322,5168,-793,308429,233302,20603,54524
2021-08-01,JAWA TIMUR,3671,330,5992,-2651,312100,239294,20933,51873
2021-08-02,JAWA TIMUR,2489,343,4664,-2518,314589,243958,21276,49355
2021-08-03,JAWA TIMUR,4113,319,4386,-592,318702,248344,21595,48763
2021-08-04,JAWA TIMUR,4030,339,4188,-497,322732,252532,21934,48266
2021-08-05,JAWA TIMUR,4074,313,4649,-888,326806,257181,22247,47378
2021-08-06,JAWA TIMUR,4490,343,5023,-876,331296,262204,22590,46502
2021-08-07,JAWA TIMUR,3438,323,4532,-1417,334734,266736,22913,45085
2021-08-08,JAWA TIMUR,2537,305,3526,-1294,337271,270262,23218,43791
2021-08-09,JAWA TIMUR,1965,295,3476,-1806,339236,273738,23513,41985
2021-08-10,JAWA TIMUR,3618,257,4471,-1110,342854,278209,23770,40875
2021-08-11,JAWA TIMUR,2885,322,4170,-1607,345739,282379,24092,39268
2021-08-12,JAWA TIMUR,3161,303,4038,-1180,348900,286417,24395,38088
2021-08-13,JAWA TIMUR,4178,253,4383,-458,353078,290800,24648,37630
2021-08-14,JAWA TIMUR,3232,274,4491,-1533,356310,295291,24922,36097
2021-08-15,JAWA TIMUR,1725,231,3495,-2001,358035,298786,25153,34096
2021-08-16,JAWA TIMUR,1559,228,3785,-2454,359594,302571,25381,31642
2021-08-17,JAWA TIMUR,2346,244,3971,-1869,361940,306542,25625,29773
2021-08-18,JAWA TIMUR,1499,224,3217,-1942,363439,309759,25849,27831
2020-03-08,JAWA TENGAH,1,1,0,0,1,0,1,0
2020-03-09,JAWA TENGAH,0,0,0,0,1,0,1,0
2020-03-10,JAWA TENGAH,0,0,0,0,1,0,1,0
2020-03-11,JAWA TENGAH,2,1,1,0,3,1,2,0
2020-03-12,JAWA TENGAH,0,0,0,0,3,1,2,0
2020-03-13,JAWA TENGAH,0,0,0,0,3,1,2,0
2020-03-14,JAWA TENGAH,2,0,1,1,5,2,2,1
2020-03-15,JAWA TENGAH,1,0,1,0,6,3,2,1
2020-03-16,JAWA TENGAH,1,0,0,1,7,3,2,2
2020-03-17,JAWA TENGAH,1,0,1,0,8,4,2,2
2020-03-18,JAWA TENGAH,3,1,0,2,11,4,3,4
2020-03-19,JAWA TENGAH,2,0,0,2,13,4,3,6
2020-03-20,JAWA TENGAH,4,0,1,3,17,5,3,9
2020-03-21,JAWA TENGAH,1,1,0,0,18,5,4,9
2020-03-22,JAWA TENGAH,1,0,1,0,19,6,4,9
2020-03-23,JAWA TENGAH,3,0,0,3,22,6,4,12
2020-03-24,JAWA TENGAH,3,1,1,1,25,7,5,13
2020-03-25,JAWA TENGAH,23,1,1,21,48,8,6,34
2020-03-26,JAWA TENGAH,4,0,1,3,52,9,6,37
2020-03-27,JAWA TENGAH,8,1,1,6,60,10,7,43
2020-03-28,JAWA TENGAH,15,2,2,11,75,12,9,54
2020-03-29,JAWA TENGAH,11,3,0,8,86,12,12,62
2020-03-30,JAWA TENGAH,17,1,1,15,103,13,13,77
2020-03-31,JAWA TENGAH,15,2,0,13,118,13,15,90
2020-04-01,JAWA TENGAH,19,8,16,-5,137,29,23,85
2020-04-02,JAWA TENGAH,5,2,2,1,142,31,25,86
2020-04-03,JAWA TENGAH,19,1,5,13,161,36,26,99
2020-04-04,JAWA TENGAH,15,1,3,11,176,39,27,110
2020-04-05,JAWA TENGAH,3,0,0,3,179,39,27,113
2020-04-06,JAWA TENGAH,19,5,1,13,198,40,32,126
2020-04-07,JAWA TENGAH,8,0,0,8,206,40,32,134
2020-04-08,JAWA TENGAH,15,3,2,10,221,42,35,144
2020-04-09,JAWA TENGAH,11,1,5,5,232,47,36,149
2020-04-10,JAWA TENGAH,2,0,0,2,234,47,36,151
2020-04-11,JAWA TENGAH,7,1,0,6,241,47,37,157
2020-04-12,JAWA TENGAH,57,1,1,55,298,48,38,212
2020-04-13,JAWA TENGAH,13,1,3,9,311,51,39,221
2020-04-14,JAWA TENGAH,81,1,3,77,392,54,40,298
2020-04-15,JAWA TENGAH,25,2,2,21,417,56,42,319
2020-04-16,JAWA TENGAH,15,3,4,8,432,60,45,327
2020-04-17,JAWA TENGAH,14,4,16,-6,446,76,49,321
2020-04-18,JAWA TENGAH,38,0,7,31,484,83,49,352
2020-04-19,JAWA TENGAH,24,2,0,22,508,83,51,374
2020-04-20,JAWA TENGAH,7,2,7,-2,515,90,53,372
2020-04-21,JAWA TENGAH,104,2,2,100,619,92,55,472
2020-04-22,JAWA TENGAH,40,2,10,28,659,102,57,500
2020-04-23,JAWA TENGAH,68,2,11,55,727,113,59,555
2020-04-24,JAWA TENGAH,41,4,4,33,768,117,63,588
2020-04-25,JAWA TENGAH,52,2,11,39,820,128,65,627
2020-04-26,JAWA TENGAH,38,0,3,35,858,131,65,662
2020-04-27,JAWA TENGAH,22,2,13,7,880,144,67,669
2020-04-28,JAWA TENGAH,22,1,13,8,902,157,68,677
2020-04-29,JAWA TENGAH,41,3,8,30,943,165,71,707
2020-04-30,JAWA TENGAH,19,1,13,5,962,178,72,712
2020-05-01,JAWA TENGAH,28,3,11,14,990,189,75,726
2020-05-02,JAWA TENGAH,28,1,10,17,1018,199,76,743
2020-05-03,JAWA TENGAH,16,1,11,4,1034,210,77,747
2020-05-04,JAWA TENGAH,27,0,10,17,1061,220,77,764
2020-05-05,JAWA TENGAH,51,0,22,29,1112,242,77,793
2020-05-06,JAWA TENGAH,54,1,35,18,1166,277,78,811
2020-05-07,JAWA TENGAH,15,1,23,-9,1181,300,79,802
2020-05-08,JAWA TENGAH,45,0,39,6,1226,339,79,808
2020-05-09,JAWA TENGAH,31,2,17,12,1257,356,81,820
2020-05-10,JAWA TENGAH,23,1,6,16,1280,362,82,836
2020-05-11,JAWA TENGAH,3,0,6,-3,1283,368,82,833
2020-05-12,JAWA TENGAH,18,2,5,11,1301,373,84,844
2020-05-13,JAWA TENGAH,36,0,7,29,1337,380,84,873
2020-05-14,JAWA TENGAH,59,1,10,48,1396,390,85,921
2020-05-15,JAWA TENGAH,48,0,10,38,1444,400,85,959
2020-05-16,JAWA TENGAH,43,1,8,34,1487,408,86,993
2020-05-17,JAWA TENGAH,25,0,5,20,1512,413,86,1013
2020-05-18,JAWA TENGAH,15,2,9,4,1527,422,88,1017
2020-05-19,JAWA TENGAH,25,0,14,11,1552,436,88,1028
2020-05-20,JAWA TENGAH,25,0,9,16,1577,445,88,1044
2020-05-21,JAWA TENGAH,28,0,10,18,1605,455,88,1062
2020-05-22,JAWA TENGAH,34,0,10,24,1639,465,88,1086
2020-05-23,JAWA TENGAH,69,0,15,54,1708,480,88,1140
2020-05-24,JAWA TENGAH,24,0,5,19,1732,485,88,1159
2020-05-25,JAWA TENGAH,10,0,3,7,1742,488,88,1166
2020-05-26,JAWA TENGAH,10,0,28,-18,1752,516,88,1148
2020-05-27,JAWA TENGAH,17,1,1,15,1769,517,89,1163
2020-05-28,JAWA TENGAH,17,1,7,9,1786,524,90,1172
2020-05-29,JAWA TENGAH,19,1,64,-46,1805,588,91,1126
2020-05-30,JAWA TENGAH,29,0,26,3,1834,614,91,1129
2020-05-31,JAWA TENGAH,45,0,10,35,1879,624,91,1164
2020-06-01,JAWA TENGAH,27,2,11,14,1906,635,93,1178
2020-06-02,JAWA TENGAH,36,0,13,23,1942,648,93,1201
2020-06-03,JAWA TENGAH,40,4,11,25,1982,659,97,1226
2020-06-04,JAWA TENGAH,46,4,16,26,2028,675,101,1252
2020-06-05,JAWA TENGAH,77,9,42,26,2105,717,110,1278
2020-06-06,JAWA TENGAH,63,2,22,39,2168,739,112,1317
2020-06-07,JAWA TENGAH,82,22,17,43,2250,756,134,1360
2020-06-08,JAWA TENGAH,100,5,53,42,2350,809,139,1402
2020-06-09,JAWA TENGAH,54,7,89,-42,2404,898,146,1360
2020-06-10,JAWA TENGAH,175,4,128,43,2579,1026,150,1403
2020-06-11,JAWA TENGAH,63,4,17,42,2642,1043,154,1445
2020-06-12,JAWA TENGAH,59,1,50,8,2701,1093,155,1453
2020-06-13,JAWA TENGAH,101,3,37,61,2802,1130,158,1514
2020-06-14,JAWA TENGAH,128,7,27,94,2930,1157,165,1608
2020-06-15,JAWA TENGAH,149,21,49,79,3079,1206,186,1687
2020-06-16,JAWA TENGAH,83,6,23,54,3162,1229,192,1741
2020-06-17,JAWA TENGAH,144,8,79,57,3306,1308,200,1798
2020-06-18,JAWA TENGAH,83,14,39,30,3389,1347,214,1828
2020-06-19,JAWA TENGAH,120,14,37,69,3509,1384,228,1897
2020-06-20,JAWA TENGAH,151,2,37,112,3660,1421,230,2009
2020-06-21,JAWA TENGAH,130,2,36,92,3790,1457,232,2101
2020-06-22,JAWA TENGAH,88,7,43,38,3878,1500,239,2139
2020-06-23,JAWA TENGAH,99,8,64,27,3977,1564,247,2166
2020-06-24,JAWA TENGAH,122,6,33,83,4099,1597,253,2249
2020-06-25,JAWA TENGAH,145,3,35,107,4244,1632,256,2356
2020-06-26,JAWA TENGAH,241,7,60,174,4485,1692,263,2530
2020-06-27,JAWA TENGAH,239,5,43,191,4724,1735,268,2721
2020-06-28,JAWA TENGAH,208,3,32,173,4932,1767,271,2894
2020-06-29,JAWA TENGAH,250,3,84,163,5182,1851,274,3057
2020-06-30,JAWA TENGAH,201,32,178,-9,5383,2029,306,3048
2020-07-01,JAWA TENGAH,220,3,118,99,5603,2147,309,3147
2020-07-02,JAWA TENGAH,195,4,35,156,5798,2182,313,3303
2020-07-03,JAWA TENGAH,166,15,104,47,5964,2286,328,3350
2020-07-04,JAWA TENGAH,145,25,134,-14,6109,2420,353,3336
2020-07-05,JAWA TENGAH,237,20,38,179,6346,2458,373,3515
2020-07-06,JAWA TENGAH,219,28,84,107,6565,2542,401,3622
2020-07-07,JAWA TENGAH,202,6,99,97,6767,2641,407,3719
2020-07-08,JAWA TENGAH,247,18,121,108,7014,2762,425,3827
2020-07-09,JAWA TENGAH,180,5,39,136,7194,2801,430,3963
2020-07-10,JAWA TENGAH,154,22,199,-67,7348,3000,452,3896
2020-07-11,JAWA TENGAH,170,7,24,139,7518,3024,459,4035
2020-07-12,JAWA TENGAH,121,18,27,76,7639,3051,477,4111
2020-07-13,JAWA TENGAH,166,9,47,110,7805,3098,486,4221
2020-07-14,JAWA TENGAH,138,7,38,93,7943,3136,493,4314
2020-07-15,JAWA TENGAH,355,10,112,233,8298,3248,503,4547
2020-07-16,JAWA TENGAH,304,8,252,44,8602,3500,511,4591
2020-07-17,JAWA TENGAH,321,7,224,90,8923,3724,518,4681
2020-07-18,JAWA TENGAH,325,6,291,28,9248,4015,524,4709
2020-07-19,JAWA TENGAH,361,34,424,-97,9609,4439,558,4612
2020-07-20,JAWA TENGAH,408,42,316,50,10017,4755,600,4662
2020-07-21,JAWA TENGAH,197,23,211,-37,10214,4966,623,4625
2020-07-22,JAWA TENGAH,385,76,215,94,10599,5181,699,4719
2020-07-23,JAWA TENGAH,340,73,240,27,10939,5421,772,4746
2020-07-24,JAWA TENGAH,160,48,137,-25,11099,5558,820,4721
2020-07-25,JAWA TENGAH,222,16,177,29,11321,5735,836,4750
2020-07-26,JAWA TENGAH,94,15,176,-97,11415,5911,851,4653
2020-07-27,JAWA TENGAH,212,4,223,-15,11627,6134,855,4638
2020-07-28,JAWA TENGAH,185,15,360,-190,11812,6494,870,4448
2020-07-29,JAWA TENGAH,314,20,319,-25,12126,6813,890,4423
2020-07-30,JAWA TENGAH,165,19,409,-263,12291,7222,909,4160
2020-07-31,JAWA TENGAH,235,8,95,132,12526,7317,917,4292
2020-08-01,JAWA TENGAH,143,16,334,-207,12669,7651,933,4085
2020-08-02,JAWA TENGAH,73,26,147,-100,12742,7798,959,3985
2020-08-03,JAWA TENGAH,96,3,175,-82,12838,7973,962,3903
2020-08-04,JAWA TENGAH,60,1,142,-83,12898,8115,963,3820
2020-08-05,JAWA TENGAH,148,15,195,-62,13046,8310,978,3758
2020-08-06,JAWA TENGAH,116,20,217,-121,13162,8527,998,3637
2020-08-07,JAWA TENGAH,232,8,212,12,13394,8739,1006,3649
2020-08-08,JAWA TENGAH,87,12,78,-3,13481,8817,1018,3646
2020-08-09,JAWA TENGAH,140,3,68,69,13621,8885,1021,3715
2020-08-10,JAWA TENGAH,68,6,176,-114,13689,9061,1027,3601
2020-08-11,JAWA TENGAH,86,3,136,-53,13775,9197,1030,3548
2020-08-12,JAWA TENGAH,181,20,137,24,13956,9334,1050,3572
2020-08-13,JAWA TENGAH,204,14,118,72,14160,9452,1064,3644
2020-08-14,JAWA TENGAH,192,11,62,119,14352,9514,1075,3763
2020-08-15,JAWA TENGAH,132,5,64,63,14484,9578,1080,3826
2020-08-16,JAWA TENGAH,168,7,62,99,14652,9640,1087,3925
2020-08-17,JAWA TENGAH,36,5,43,-12,14688,9683,1092,3913
2020-08-18,JAWA TENGAH,118,12,100,6,14806,9783,1104,3919
2020-08-19,JAWA TENGAH,135,8,145,-18,14941,9928,1112,3901
2020-08-20,JAWA TENGAH,173,4,135,34,15114,10063,1116,3935
2020-08-21,JAWA TENGAH,94,5,101,-12,15208,10164,1121,3923
2020-08-22,JAWA TENGAH,105,16,151,-62,15313,10315,1137,3861
2020-08-23,JAWA TENGAH,188,12,68,108,15501,10383,1149,3969
2020-08-24,JAWA TENGAH,153,4,103,46,15654,10486,1153,4015
2020-08-25,JAWA TENGAH,200,25,123,52,15854,10609,1178,4067
2020-08-26,JAWA TENGAH,148,30,164,-46,16002,10773,1208,4021
2020-08-27,JAWA TENGAH,253,33,218,2,16255,10991,1241,4023
2020-08-28,JAWA TENGAH,244,28,121,95,16499,11112,1269,4118
2020-08-29,JAWA TENGAH,182,10,90,82,16681,11202,1279,4200
2020-08-30,JAWA TENGAH,140,15,94,31,16821,11296,1294,4231
2020-08-31,JAWA TENGAH,179,9,110,60,17000,11406,1303,4291
2020-09-01,JAWA TENGAH,202,14,129,59,17202,11535,1317,4350
2020-09-02,JAWA TENGAH,266,32,370,-136,17468,11905,1349,4214
2020-09-03,JAWA TENGAH,242,18,141,83,17710,12046,1367,4297
2020-09-04,JAWA TENGAH,191,5,120,66,17901,12166,1372,4363
2020-09-05,JAWA TENGAH,261,10,282,-31,18162,12448,1382,4332
2020-09-06,JAWA TENGAH,233,8,185,40,18395,12633,1390,4372
2020-09-07,JAWA TENGAH,265,6,163,96,18660,12796,1396,4468
2020-09-08,JAWA TENGAH,242,6,152,84,18902,12948,1402,4552
2020-09-09,JAWA TENGAH,283,11,165,107,19185,13113,1413,4659
2020-09-10,JAWA TENGAH,366,19,133,214,19551,13246,1432,4873
2020-09-11,JAWA TENGAH,573,5,195,373,20124,13441,1437,5246
2020-09-12,JAWA TENGAH,386,10,151,225,20510,13592,1447,5471
2020-09-13,JAWA TENGAH,283,6,106,171,20793,13698,1453,5642
2020-09-14,JAWA TENGAH,143,8,239,-104,20936,13937,1461,5538
2020-09-15,JAWA TENGAH,205,12,186,7,21141,14123,1473,5545
2020-09-16,JAWA TENGAH,339,14,123,202,21480,14246,1487,5747
2020-09-17,JAWA TENGAH,291,17,229,45,21771,14475,1504,5792
2020-09-18,JAWA TENGAH,200,9,414,-223,21971,14889,1513,5569
2020-09-19,JAWA TENGAH,273,40,388,-155,22244,15277,1553,5414
2020-09-20,JAWA TENGAH,304,9,296,-1,22548,15573,1562,5413
2020-09-21,JAWA TENGAH,241,20,318,-97,22789,15891,1582,5316
2020-09-22,JAWA TENGAH,233,42,402,-211,23022,16293,1624,5105
2020-09-23,JAWA TENGAH,257,20,371,-134,23279,16664,1644,4971
2020-09-24,JAWA TENGAH,435,26,685,-276,23714,17349,1670,4695
2020-09-25,JAWA TENGAH,330,15,268,47,24044,17617,1685,4742
2020-09-26,JAWA TENGAH,365,14,210,141,24409,17827,1699,4883
2020-09-27,JAWA TENGAH,253,4,117,132,24662,17944,1703,5015
2020-09-28,JAWA TENGAH,307,9,201,97,24969,18145,1712,5112
2020-09-29,JAWA TENGAH,270,12,253,5,25239,18398,1724,5117
2020-09-30,JAWA TENGAH,230,4,204,22,25469,18602,1728,5139
2020-10-01,JAWA TENGAH,302,5,190,107,25771,18792,1733,5246
2020-10-02,JAWA TENGAH,344,18,201,125,26115,18993,1751,5371
2020-10-03,JAWA TENGAH,371,5,201,165,26486,19194,1756,5536
2020-10-04,JAWA TENGAH,312,3,183,126,26798,19377,1759,5662
2020-10-05,JAWA TENGAH,368,7,194,167,27166,19571,1766,5829
2020-10-06,JAWA TENGAH,403,6,330,67,27569,19901,1772,5896
2020-10-07,JAWA TENGAH,385,4,271,110,27954,20172,1776,6006
2020-10-08,JAWA TENGAH,347,10,260,77,28301,20432,1786,6083
2020-10-09,JAWA TENGAH,408,10,199,199,28709,20631,1796,6282
2020-10-10,JAWA TENGAH,410,16,266,128,29119,20897,1812,6410
2020-10-11,JAWA TENGAH,314,8,199,107,29433,21096,1820,6517
2020-10-12,JAWA TENGAH,245,8,270,-33,29678,21366,1828,6484
2020-10-13,JAWA TENGAH,453,10,286,157,30131,21652,1838,6641
2020-10-14,JAWA TENGAH,286,11,885,-610,30417,22537,1849,6031
2020-10-15,JAWA TENGAH,470,26,2173,-1729,30887,24710,1875,4302
2020-10-16,JAWA TENGAH,445,9,391,45,31332,25101,1884,4347
2020-10-17,JAWA TENGAH,414,11,357,46,31746,25458,1895,4393
2020-10-18,JAWA TENGAH,355,3,383,-31,32101,25841,1898,4362
2020-10-19,JAWA TENGAH,316,7,335,-26,32417,26176,1905,4336
2020-10-20,JAWA TENGAH,442,20,587,-165,32859,26763,1925,4171
2020-10-21,JAWA TENGAH,375,13,380,-18,33234,27143,1938,4153
2020-10-22,JAWA TENGAH,510,11,365,134,33744,27508,1949,4287
2020-10-23,JAWA TENGAH,571,14,465,92,34315,27973,1963,4379
2020-10-24,JAWA TENGAH,285,20,423,-158,34600,28396,1983,4221
2020-10-25,JAWA TENGAH,356,8,367,-19,34956,28763,1991,4202
2020-10-26,JAWA TENGAH,158,17,297,-156,35114,29060,2008,4046
2020-10-27,JAWA TENGAH,314,12,317,-15,35428,29377,2020,4031
2020-10-28,JAWA TENGAH,319,10,326,-17,35747,29703,2030,4014
2020-10-29,JAWA TENGAH,368,9,234,125,36115,29937,2039,4139
2020-10-30,JAWA TENGAH,196,14,288,-106,36311,30225,2053,4033
2020-10-31,JAWA TENGAH,617,11,277,329,36928,30502,2064,4362
2020-11-01,JAWA TENGAH,462,10,328,124,37390,30830,2074,4486
2020-11-02,JAWA TENGAH,248,13,356,-121,37638,31186,2087,4365
2020-11-03,JAWA TENGAH,454,25,429,0,38092,31615,2112,4365
2020-11-04,JAWA TENGAH,546,16,352,178,38638,31967,2128,4543
2020-11-05,JAWA TENGAH,361,14,327,20,38999,32294,2142,4563
2020-11-06,JAWA TENGAH,613,12,277,324,39612,32571,2154,4887
2020-11-07,JAWA TENGAH,480,27,289,164,40092,32860,2181,5051
2020-11-08,JAWA TENGAH,638,8,277,353,40730,33137,2189,5404
2020-11-09,JAWA TENGAH,621,13,292,316,41351,33429,2202,5720
2020-11-10,JAWA TENGAH,684,15,315,354,42035,33744,2217,6074
2020-11-11,JAWA TENGAH,164,15,296,-147,42199,34040,2232,5927
2020-11-12,JAWA TENGAH,610,13,340,257,42809,34380,2245,6184
2020-11-13,JAWA TENGAH,1360,31,311,1018,44169,34691,2276,7202
2020-11-14,JAWA TENGAH,1219,23,242,954,45388,34933,2299,8156
2020-11-15,JAWA TENGAH,1042,18,267,757,46430,35200,2317,8913
2020-11-16,JAWA TENGAH,600,10,343,247,47030,35543,2327,9160
2020-11-17,JAWA TENGAH,544,39,532,-27,47574,36075,2366,9133
2020-11-18,JAWA TENGAH,489,18,382,89,48063,36457,2384,9222
2020-11-19,JAWA TENGAH,420,8,331,81,48483,36788,2392,9303
2020-11-20,JAWA TENGAH,476,8,378,90,48959,37166,2400,9393
2020-11-21,JAWA TENGAH,659,16,227,416,49618,37393,2416,9809
2020-11-22,JAWA TENGAH,470,19,574,-123,50088,37967,2435,9686
2020-11-23,JAWA TENGAH,897,10,275,612,50985,38242,2445,10298
2020-11-24,JAWA TENGAH,809,14,284,511,51794,38526,2459,10809
2020-11-25,JAWA TENGAH,998,9,309,680,52792,38835,2468,11489
2020-11-26,JAWA TENGAH,545,35,260,250,53337,39095,2503,11739
2020-11-27,JAWA TENGAH,872,49,368,455,54209,39463,2552,12194
2020-11-28,JAWA TENGAH,1007,20,450,537,55216,39913,2572,12731
2020-11-29,JAWA TENGAH,1650,73,760,817,56866,40673,2645,13548
2020-11-30,JAWA TENGAH,811,12,1287,-488,57677,41960,2657,13060
2020-12-01,JAWA TENGAH,730,8,442,280,58407,42402,2665,13340
2020-12-02,JAWA TENGAH,937,21,283,633,59344,42685,2686,13973
2020-12-03,JAWA TENGAH,771,14,315,442,60115,43000,2700,14415
2020-12-04,JAWA TENGAH,891,9,318,564,61006,43318,2709,14979
2020-12-05,JAWA TENGAH,760,6,328,426,61766,43646,2715,15405
2020-12-06,JAWA TENGAH,527,36,173,318,62293,43819,2751,15723
2020-12-07,JAWA TENGAH,594,8,288,298,62887,44107,2759,16021
2020-12-08,JAWA TENGAH,770,10,388,372,63657,44495,2769,16393
2020-12-09,JAWA TENGAH,735,37,201,497,64392,44696,2806,16890
2020-12-10,JAWA TENGAH,818,30,622,166,65210,45318,2836,17056
2020-12-11,JAWA TENGAH,786,18,284,484,65996,45602,2854,17540
2020-12-12,JAWA TENGAH,890,26,453,411,66886,46055,2880,17951
2020-12-13,JAWA TENGAH,696,45,206,445,67582,46261,2925,18396
2020-12-14,JAWA TENGAH,737,16,840,-119,68319,47101,2941,18277
2020-12-15,JAWA TENGAH,768,22,835,-89,69087,47936,2963,18188
2020-12-16,JAWA TENGAH,420,23,826,-429,69507,48762,2986,17759
2020-12-17,JAWA TENGAH,624,31,243,350,70131,49005,3017,18109
2020-12-18,JAWA TENGAH,354,17,360,-23,70485,49365,3034,18086
2020-12-19,JAWA TENGAH,989,24,215,750,71474,49580,3058,18836
2020-12-20,JAWA TENGAH,879,67,153,659,72353,49733,3125,19495
2020-12-21,JAWA TENGAH,998,79,409,510,73351,50142,3204,20005
2020-12-22,JAWA TENGAH,895,37,553,305,74246,50695,3241,20310
2020-12-23,JAWA TENGAH,913,2,500,411,75159,51195,3243,20721
2020-12-24,JAWA TENGAH,894,46,411,437,76053,51606,3289,21158
2020-12-25,JAWA TENGAH,906,90,916,-100,76959,52522,3379,21058
2020-12-26,JAWA TENGAH,874,19,434,421,77833,52956,3398,21479
2020-12-27,JAWA TENGAH,785,80,567,138,78618,53523,3478,21617
2020-12-28,JAWA TENGAH,978,85,606,287,79596,54129,3563,21904
2020-12-29,JAWA TENGAH,1056,8,982,66,80652,55111,3571,21970
2020-12-30,JAWA TENGAH,952,31,528,393,81604,55639,3602,22363
2020-12-31,JAWA TENGAH,940,18,823,99,82544,56462,3620,22462
2021-01-01,JAWA TENGAH,899,4,574,321,83443,57036,3624,22783
2021-01-02,JAWA TENGAH,971,92,904,-25,84414,57940,3716,22758
2021-01-03,JAWA TENGAH,929,65,405,459,85343,58345,3781,23217
2021-01-04,JAWA TENGAH,1038,12,731,295,86381,59076,3793,23512
2021-01-05,JAWA TENGAH,994,22,1327,-355,87375,60403,3815,23157
2021-01-06,JAWA TENGAH,1023,47,1025,-49,88398,61428,3862,23108
2021-01-07,JAWA TENGAH,996,46,699,251,89394,62127,3908,23359
2021-01-08,JAWA TENGAH,1072,58,820,194,90466,62947,3966,23553
2021-01-09,JAWA TENGAH,1034,23,271,740,91500,63218,3989,24293
2021-01-10,JAWA TENGAH,1046,17,138,891,92546,63356,4006,25184
2021-01-11,JAWA TENGAH,1051,31,790,230,93597,64146,4037,25414
2021-01-12,JAWA TENGAH,1325,100,1295,-70,94922,65441,4137,25344
2021-01-13,JAWA TENGAH,1474,95,736,643,96396,66177,4232,25987
2021-01-14,JAWA TENGAH,1500,88,1005,407,97896,67182,4320,26394
2021-01-15,JAWA TENGAH,1995,32,859,1104,99891,68041,4352,27498
2021-01-16,JAWA TENGAH,1995,44,755,1196,101886,68796,4396,28694
2021-01-17,JAWA TENGAH,1852,41,120,1691,103738,68916,4437,30385
2021-01-18,JAWA TENGAH,1559,85,1061,413,105297,69977,4522,30798
2021-01-19,JAWA TENGAH,1618,106,673,839,106915,70650,4628,31637
2021-01-20,JAWA TENGAH,1775,30,528,1217,108690,71178,4658,32854
2021-01-21,JAWA TENGAH,1976,101,1114,761,110666,72292,4759,33615
2021-01-22,JAWA TENGAH,1800,36,625,1139,112466,72917,4795,34754
2021-01-23,JAWA TENGAH,1873,8,479,1386,114339,73396,4803,36140
2021-01-24,JAWA TENGAH,1515,5,289,1221,115854,73685,4808,37361
2021-01-25,JAWA TENGAH,1519,126,2161,-768,117373,75846,4934,36593
2021-01-26,JAWA TENGAH,1680,118,1582,-20,119053,77428,5052,36573
2021-01-27,JAWA TENGAH,1798,112,1554,132,120851,78982,5164,36705
2021-01-28,JAWA TENGAH,1506,85,893,528,122357,79875,5249,37233
2021-01-29,JAWA TENGAH,1495,25,374,1096,123852,80249,5274,38329
2021-01-30,JAWA TENGAH,1240,24,309,907,125092,80558,5298,39236
2021-01-31,JAWA TENGAH,1116,27,176,913,126208,80734,5325,40149
2021-02-01,JAWA TENGAH,975,137,1977,-1139,127183,82711,5462,39010
2021-02-02,JAWA TENGAH,1119,63,1374,-318,128302,84085,5525,38692
2021-02-03,JAWA TENGAH,1788,23,990,775,130090,85075,5548,39467
2021-02-04,JAWA TENGAH,1776,87,781,908,131866,85856,5635,40375
2021-02-05,JAWA TENGAH,1887,20,511,1356,133753,86367,5655,41731
2021-02-06,JAWA TENGAH,1601,16,115,1470,135354,86482,5671,43201
2021-02-07,JAWA TENGAH,1062,15,78,969,136416,86560,5686,44170
2021-02-08,JAWA TENGAH,826,9,1041,-224,137242,87601,5695,43946
2021-02-09,JAWA TENGAH,949,50,662,237,138191,88263,5745,44183
2021-02-10,JAWA TENGAH,1221,9,1312,-100,139412,89575,5754,44083
2021-02-11,JAWA TENGAH,985,24,748,213,140397,90323,5778,44296
2021-02-12,JAWA TENGAH,663,23,150,490,141060,90473,5801,44786
2021-02-13,JAWA TENGAH,761,116,537,108,141821,91010,5917,44894
2021-02-14,JAWA TENGAH,478,71,49,358,142299,91059,5988,45252
2021-02-15,JAWA TENGAH,880,40,226,614,143179,91285,6028,45866
2021-02-16,JAWA TENGAH,1103,38,14,1051,144282,91299,6066,46917
2021-02-17,JAWA TENGAH,868,6,60,802,145150,91359,6072,47719
2021-02-18,JAWA TENGAH,676,9,488,179,145826,91847,6081,47898
2021-02-19,JAWA TENGAH,1205,36,691,478,147031,92538,6117,48376
2021-02-20,JAWA TENGAH,806,18,489,299,147837,93027,6135,48675
2021-02-21,JAWA TENGAH,484,12,226,246,148321,93253,6147,48921
2021-02-22,JAWA TENGAH,1048,41,1141,-134,149369,94394,6188,48787
2021-02-23,JAWA TENGAH,830,144,645,41,150199,95039,6332,48828
2021-02-24,JAWA TENGAH,1263,78,571,614,151462,95610,6410,49442
2021-02-25,JAWA TENGAH,825,69,1221,-465,152287,96831,6479,48977
2021-02-26,JAWA TENGAH,659,133,1108,-582,152946,97939,6612,48395
2021-02-27,JAWA TENGAH,633,69,2494,-1930,153579,100433,6681,46465
2021-02-28,JAWA TENGAH,310,16,2701,-2407,153889,103134,6697,44058
2021-03-01,JAWA TENGAH,658,24,883,-249,154547,104017,6721,43809
2021-03-02,JAWA TENGAH,985,36,812,137,155532,104829,6757,43946
2021-03-03,JAWA TENGAH,473,27,1312,-866,156005,106141,6784,43080
2021-03-04,JAWA TENGAH,593,19,693,-119,156598,106834,6803,42961
2021-03-05,JAWA TENGAH,872,17,284,571,157470,107118,6820,43532
2021-03-06,JAWA TENGAH,587,8,47,532,158057,107165,6828,44064
2021-03-07,JAWA TENGAH,394,2,572,-180,158451,107737,6830,43884
2021-03-08,JAWA TENGAH,871,85,2348,-1562,159322,110085,6915,42322
2021-03-09,JAWA TENGAH,900,52,1861,-1013,160222,111946,6967,41309
2021-03-10,JAWA TENGAH,304,32,641,-369,160526,112587,6999,40940
2021-03-11,JAWA TENGAH,253,13,329,-89,160779,112916,7012,40851
2021-03-12,JAWA TENGAH,497,32,755,-290,161276,113671,7044,40561
2021-03-13,JAWA TENGAH,156,11,262,-117,161432,113933,7055,40444
2021-03-14,JAWA TENGAH,144,3,106,35,161576,114039,7058,40479
2021-03-15,JAWA TENGAH,657,20,561,76,162233,114600,7078,40555
2021-03-16,JAWA TENGAH,562,41,1389,-868,162795,115989,7119,39687
2021-03-17,JAWA TENGAH,598,43,732,-177,163393,116721,7162,39510
2021-03-18,JAWA TENGAH,659,67,948,-356,164052,117669,7229,39154
2021-03-19,JAWA TENGAH,610,48,842,-280,164662,118511,7277,38874
2021-03-20,JAWA TENGAH,221,9,302,-90,164883,118813,7286,38784
2021-03-21,JAWA TENGAH,102,4,102,-4,164985,118915,7290,38780
2021-03-22,JAWA TENGAH,740,21,1715,-996,165725,120630,7311,37784
2021-03-23,JAWA TENGAH,734,23,1095,-384,166459,121725,7334,37400
2021-03-24,JAWA TENGAH,403,27,1157,-781,166862,122882,7361,36619
2021-03-25,JAWA TENGAH,437,18,568,-149,167299,123450,7379,36470
2021-03-26,JAWA TENGAH,267,8,545,-286,167566,123995,7387,36184
2021-03-27,JAWA TENGAH,141,9,87,45,167707,124082,7396,36229
2021-03-28,JAWA TENGAH,101,1,1,99,167808,124083,7397,36328
2021-03-29,JAWA TENGAH,390,37,870,-517,168198,124953,7434,35811
2021-03-30,JAWA TENGAH,649,17,1108,-476,168847,126061,7451,35335
2021-03-31,JAWA TENGAH,497,10,657,-170,169344,126718,7461,35165
2021-04-01,JAWA TENGAH,670,14,812,-156,170014,127530,7475,35009
2021-04-02,JAWA TENGAH,235,10,138,87,170249,127668,7485,35096
2021-04-03,JAWA TENGAH,270,3,80,187,170519,127748,7488,35283
2021-04-04,JAWA TENGAH,197,46,13,138,170716,127761,7534,35421
2021-04-05,JAWA TENGAH,499,51,2016,-1568,171215,129777,7585,33853
2021-04-06,JAWA TENGAH,594,3,804,-213,171809,130581,7588,33640
2021-04-07,JAWA TENGAH,535,9,2273,-1747,172344,132854,7597,31893
2021-04-08,JAWA TENGAH,798,38,2682,-1922,173142,135536,7635,29971
2021-04-09,JAWA TENGAH,570,27,2752,-2209,173712,138288,7662,27762
2021-04-10,JAWA TENGAH,281,0,292,-11,173993,138580,7662,27751
2021-04-11,JAWA TENGAH,206,22,359,-175,174199,138939,7684,27576
2021-04-12,JAWA TENGAH,741,14,1253,-526,174940,140192,7698,27050
2021-04-13,JAWA TENGAH,860,15,2018,-1173,175800,142210,7713,25877
2021-04-14,JAWA TENGAH,717,21,1745,-1049,176517,143955,7734,24828
2021-04-15,JAWA TENGAH,840,36,2096,-1292,177357,146051,7770,23536
2021-04-16,JAWA TENGAH,669,28,1851,-1210,178026,147902,7798,22326
2021-04-17,JAWA TENGAH,520,2,1782,-1264,178546,149684,7800,21062
2021-04-18,JAWA TENGAH,398,8,1335,-945,178944,151019,7808,20117
2021-04-19,JAWA TENGAH,681,16,1848,-1183,179625,152867,7824,18934
2021-04-20,JAWA TENGAH,685,68,2312,-1695,180310,155179,7892,17239
2021-04-21,JAWA TENGAH,674,81,2042,-1449,180984,157221,7973,15790
2021-04-22,JAWA TENGAH,603,37,1656,-1090,181587,158877,8010,14700
2021-04-23,JAWA TENGAH,376,45,1531,-1200,181963,160408,8055,13500
2021-04-24,JAWA TENGAH,319,54,615,-350,182282,161023,8109,13150
2021-04-25,JAWA TENGAH,247,0,310,-63,182529,161333,8109,13087
2021-04-26,JAWA TENGAH,646,53,488,105,183175,161821,8162,13192
2021-04-27,JAWA TENGAH,353,41,635,-323,183528,162456,8203,12869
2021-04-28,JAWA TENGAH,226,57,635,-466,183754,163091,8260,12403
2021-04-29,JAWA TENGAH,584,74,1412,-902,184338,164503,8334,11501
2021-04-30,JAWA TENGAH,404,73,939,-608,184742,165442,8407,10893
2021-05-01,JAWA TENGAH,201,20,231,-50,184943,165673,8427,10843
2021-05-02,JAWA TENGAH,178,18,80,80,185121,165753,8445,10923
2021-05-03,JAWA TENGAH,538,32,598,-92,185659,166351,8477,10831
2021-05-04,JAWA TENGAH,381,27,659,-305,186040,167010,8504,10526
2021-05-05,JAWA TENGAH,544,59,586,-101,186584,167596,8563,10425
2021-05-06,JAWA TENGAH,372,13,403,-44,186956,167999,8576,10381
2021-05-07,JAWA TENGAH,535,12,763,-240,187491,168762,8588,10141
2021-05-08,JAWA TENGAH,138,54,408,-324,187629,169170,8642,9817
2021-05-09,JAWA TENGAH,139,41,445,-347,187768,169615,8683,9470
2021-05-10,JAWA TENGAH,857,76,739,42,188625,170354,8759,9512
2021-05-11,JAWA TENGAH,546,80,773,-307,189171,171127,8839,9205
2021-05-12,JAWA TENGAH,116,24,289,-197,189287,171416,8863,9008
2021-05-13,JAWA TENGAH,480,2,1144,-666,189767,172560,8865,8342
2021-05-14,JAWA TENGAH,165,21,443,-299,189932,173003,8886,8043
2021-05-15,JAWA TENGAH,251,35,425,-209,190183,173428,8921,7834
2021-05-16,JAWA TENGAH,348,16,392,-60,190531,173820,8937,7774
2021-05-17,JAWA TENGAH,688,43,899,-254,191219,174719,8980,7520
2021-05-18,JAWA TENGAH,575,16,631,-72,191794,175350,8996,7448
2021-05-19,JAWA TENGAH,414,53,182,179,192208,175532,9049,7627
2021-05-20,JAWA TENGAH,576,68,422,86,192784,175954,9117,7713
2021-05-21,JAWA TENGAH,671,44,159,468,193455,176113,9161,8181
2021-05-22,JAWA TENGAH,513,32,117,364,193968,176230,9193,8545
2021-05-23,JAWA TENGAH,367,21,254,92,194335,176484,9214,8637
2021-05-24,JAWA TENGAH,926,14,877,35,195261,177361,9228,8672
2021-05-25,JAWA TENGAH,711,28,332,351,195972,177693,9256,9023
2021-05-26,JAWA TENGAH,549,23,248,278,196521,177941,9279,9301
2021-05-27,JAWA TENGAH,711,5,237,469,197232,178178,9284,9770
2021-05-28,JAWA TENGAH,685,46,632,7,197917,178810,9330,9777
2021-05-29,JAWA TENGAH,1077,21,651,405,198994,179461,9351,10182
2021-05-30,JAWA TENGAH,1016,9,271,736,200010,179732,9360,10918
2021-05-31,JAWA TENGAH,920,22,574,324,200930,180306,9382,11242
2021-06-01,JAWA TENGAH,865,23,121,721,201795,180427,9405,11963
2021-06-02,JAWA TENGAH,801,42,160,599,202596,180587,9447,12562
2021-06-03,JAWA TENGAH,745,29,452,264,203341,181039,9476,12826
2021-06-04,JAWA TENGAH,952,53,572,327,204293,181611,9529,13153
2021-06-05,JAWA TENGAH,1088,19,116,953,205381,181727,9548,14106
2021-06-06,JAWA TENGAH,883,41,395,447,206264,182122,9589,14553
2021-06-07,JAWA TENGAH,1593,28,1217,348,207857,183339,9617,14901
2021-06-08,JAWA TENGAH,1599,33,677,889,209456,184016,9650,15790
2021-06-09,JAWA TENGAH,1578,16,938,624,211034,184954,9666,16414
2021-06-10,JAWA TENGAH,1703,60,592,1051,212737,185546,9726,17465
2021-06-11,JAWA TENGAH,1223,37,814,372,213960,186360,9763,17837
2021-06-12,JAWA TENGAH,1033,39,181,813,214993,186541,9802,18650
2021-06-13,JAWA TENGAH,2679,9,172,2498,217672,186713,9811,21148
2021-06-14,JAWA TENGAH,1834,57,663,1114,219506,187376,9868,22262
2021-06-15,JAWA TENGAH,2148,20,886,1242,221654,188262,9888,23504
2021-06-16,JAWA TENGAH,1782,23,576,1183,223436,188838,9911,24687
2021-06-17,JAWA TENGAH,1904,59,991,854,225340,189829,9970,25541
2021-06-18,JAWA TENGAH,1633,53,772,808,226973,190601,10023,26349
2021-06-19,JAWA TENGAH,2045,40,241,1764,229018,190842,10063,28113
2021-06-20,JAWA TENGAH,2033,89,160,1784,231051,191002,10152,29897
2021-06-21,JAWA TENGAH,3444,48,2204,1192,234495,193206,10200,31089
2021-06-22,JAWA TENGAH,2443,75,1653,715,236938,194859,10275,31804
2021-06-23,JAWA TENGAH,2393,53,2026,314,239331,196885,10328,32118
2021-06-24,JAWA TENGAH,3157,81,2253,823,242488,199138,10409,32941
2021-06-25,JAWA TENGAH,1678,119,1938,-379,244166,201076,10528,32562
2021-06-26,JAWA TENGAH,1908,59,574,1275,246074,201650,10587,33837
2021-06-27,JAWA TENGAH,1827,97,443,1287,247901,202093,10684,35124
2021-06-28,JAWA TENGAH,1811,72,1563,176,249712,203656,10756,35300
2021-06-29,JAWA TENGAH,2919,94,1518,1307,252631,205174,10850,36607
2021-06-30,JAWA TENGAH,2522,84,1966,472,255153,207140,10934,37079
2021-07-01,JAWA TENGAH,2771,180,1727,864,257924,208867,11114,37943
2021-07-02,JAWA TENGAH,2695,220,1194,1281,260619,210061,11334,39224
2021-07-03,JAWA TENGAH,3438,235,1499,1704,264057,211560,11569,40928
2021-07-04,JAWA TENGAH,3048,93,998,1957,267105,212558,11662,42885
2021-07-05,JAWA TENGAH,3372,140,1579,1653,270477,214137,11802,44538
2021-07-06,JAWA TENGAH,3836,230,1732,1874,274313,215869,12032,46412
2021-07-07,JAWA TENGAH,3946,368,2774,804,278259,218643,12400,47216
2021-07-08,JAWA TENGAH,4227,247,2259,1721,282486,220902,12647,48937
2021-07-09,JAWA TENGAH,4605,200,3046,1359,287091,223948,12847,50296
2021-07-10,JAWA TENGAH,3755,163,1543,2049,290846,225491,13010,52345
2021-07-11,JAWA TENGAH,2346,157,2526,-337,293192,228017,13167,52008
2021-07-12,JAWA TENGAH,2869,197,2672,0,296061,230689,13364,52008
2021-07-13,JAWA TENGAH,3372,171,2411,790,299433,233100,13535,52798
2021-07-14,JAWA TENGAH,4943,244,2733,1966,304376,235833,13779,54764
2021-07-15,JAWA TENGAH,4298,248,2223,1827,308674,238056,14027,56591
2021-07-16,JAWA TENGAH,4231,271,2745,1215,312905,240801,14298,57806
2021-07-17,JAWA TENGAH,5015,248,1682,3085,317920,242483,14546,60891
2021-07-18,JAWA TENGAH,4524,178,3445,901,322444,245928,14724,61792
2021-07-19,JAWA TENGAH,4114,271,3651,192,326558,249579,14995,61984
2021-07-20,JAWA TENGAH,3420,268,4092,-940,329978,253671,15263,61044
2021-07-21,JAWA TENGAH,4304,385,3952,-33,334282,257623,15648,61011
2021-07-22,JAWA TENGAH,5394,379,6009,-994,339676,263632,16027,60017
2021-07-23,JAWA TENGAH,4413,434,3929,50,344089,267561,16461,60067
2021-07-24,JAWA TENGAH,5450,332,3973,1145,349539,271534,16793,61212
2021-07-25,JAWA TENGAH,5657,264,3375,2018,355196,274909,17057,63230
2021-07-26,JAWA TENGAH,3984,295,4713,-1024,359180,279622,17352,62206
2021-07-27,JAWA TENGAH,5070,412,4626,32,364250,284248,17764,62238
2021-07-28,JAWA TENGAH,6669,398,4476,1795,370919,288724,18162,64033
2021-07-29,JAWA TENGAH,4207,544,6021,-2358,375126,294745,18706,61675
2021-07-30,JAWA TENGAH,4439,342,4692,-595,379565,299437,19048,61080
2021-07-31,JAWA TENGAH,4715,314,4494,-93,384280,303931,19362,60987
2021-08-01,JAWA TENGAH,4031,419,4369,-757,388311,308300,19781,60230
2021-08-02,JAWA TENGAH,2641,296,3286,-941,390952,311586,20077,59289
2021-08-03,JAWA TENGAH,4106,383,3830,-107,395058,315416,20460,59182
2021-08-04,JAWA TENGAH,3914,539,6003,-2628,398972,321419,20999,56554
2021-08-05,JAWA TENGAH,4082,498,7659,-4075,403054,329078,21497,52479
2021-08-06,JAWA TENGAH,2743,435,7987,-5679,405797,337065,21932,46800
2021-08-07,JAWA TENGAH,4663,381,4841,-559,410460,341906,22313,46241
2021-08-08,JAWA TENGAH,4694,254,5386,-946,415154,347292,22567,45295
2021-08-09,JAWA TENGAH,4203,410,6451,-2658,419357,353743,22977,42637
2021-08-10,JAWA TENGAH,4561,484,6130,-2053,423918,359873,23461,40584
2021-08-11,JAWA TENGAH,4980,348,6979,-2347,428898,366852,23809,38237
2021-08-12,JAWA TENGAH,5300,400,7664,-2764,434198,374516,24209,35473
2021-08-13,JAWA TENGAH,4219,472,3670,77,438417,378186,24681,35550
2021-08-14,JAWA TENGAH,4561,375,5242,-1056,442978,383428,25056,34494
2021-08-15,JAWA TENGAH,4144,309,4124,-289,447122,387552,25365,34205
2021-08-16,JAWA TENGAH,3803,375,4074,-646,450925,391626,25740,33559
2021-08-17,JAWA TENGAH,3263,306,4879,-1922,454188,396505,26046,31637
2021-08-18,JAWA TENGAH,3071,278,4017,-1224,457259,400522,26324,30413
2020-03-19,SULAWESI SELATAN,2,0,0,2,2,0,0,2
2020-03-20,SULAWESI SELATAN,0,0,0,0,2,0,0,2
2020-03-21,SULAWESI SELATAN,0,0,0,0,2,0,0,2
2020-03-22,SULAWESI SELATAN,0,0,0,0,2,0,0,2
2020-03-23,SULAWESI SELATAN,0,1,0,-1,2,0,1,1
2020-03-24,SULAWESI SELATAN,2,0,0,2,4,0,1,3
2020-03-25,SULAWESI SELATAN,9,0,0,9,13,0,1,12
2020-03-26,SULAWESI SELATAN,14,0,0,14,27,0,1,26
2020-03-27,SULAWESI SELATAN,2,0,0,2,29,0,1,28
2020-03-28,SULAWESI SELATAN,3,0,0,3,32,0,1,31
2020-03-29,SULAWESI SELATAN,15,0,0,15,47,0,1,46
2020-03-30,SULAWESI SELATAN,4,2,0,2,51,0,3,48
2020-03-31,SULAWESI SELATAN,0,1,0,-1,51,0,4,47
2020-04-01,SULAWESI SELATAN,14,0,0,14,65,0,4,61
2020-04-02,SULAWESI SELATAN,0,2,4,-6,65,4,6,55
2020-04-03,SULAWESI SELATAN,15,0,0,15,80,4,6,70
2020-04-04,SULAWESI SELATAN,0,2,5,-7,80,9,8,63
2020-04-05,SULAWESI SELATAN,2,2,11,-11,82,20,10,52
2020-04-06,SULAWESI SELATAN,29,0,0,29,111,20,10,81
2020-04-07,SULAWESI SELATAN,10,0,2,8,121,22,10,89
2020-04-08,SULAWESI SELATAN,5,1,2,2,126,24,11,91
2020-04-09,SULAWESI SELATAN,6,0,0,6,132,24,11,97
2020-04-10,SULAWESI SELATAN,33,1,0,32,165,24,12,129
2020-04-11,SULAWESI SELATAN,11,6,0,5,176,24,18,134
2020-04-12,SULAWESI SELATAN,45,0,0,45,221,24,18,179
2020-04-13,SULAWESI SELATAN,0,1,6,-7,221,30,19,172
2020-04-14,SULAWESI SELATAN,8,3,4,1,229,34,22,173
2020-04-15,SULAWESI SELATAN,10,1,9,0,239,43,23,173
2020-04-16,SULAWESI SELATAN,27,2,0,25,266,43,25,198
2020-04-17,SULAWESI SELATAN,65,2,2,61,331,45,27,259
2020-04-18,SULAWESI SELATAN,10,2,5,3,341,50,29,262
2020-04-19,SULAWESI SELATAN,27,1,10,16,368,60,30,278
2020-04-20,SULAWESI SELATAN,0,1,9,-10,368,69,31,268
2020-04-21,SULAWESI SELATAN,6,2,0,4,374,69,33,272
2020-04-22,SULAWESI SELATAN,13,0,5,8,387,74,33,280
2020-04-23,SULAWESI SELATAN,10,0,5,5,397,79,33,285
2020-04-24,SULAWESI SELATAN,22,0,1,21,419,80,33,306
2020-04-25,SULAWESI SELATAN,13,1,1,11,432,81,34,317
2020-04-26,SULAWESI SELATAN,8,1,18,-11,440,99,35,306
2020-04-27,SULAWESI SELATAN,0,0,7,-7,440,106,35,299
2020-04-28,SULAWESI SELATAN,13,0,2,11,453,108,35,310
2020-04-29,SULAWESI SELATAN,12,0,10,2,465,118,35,312
2020-04-30,SULAWESI SELATAN,26,0,4,22,491,122,35,334
2020-05-01,SULAWESI SELATAN,56,0,13,43,547,135,35,377
2020-05-02,SULAWESI SELATAN,30,3,10,17,577,145,38,394
2020-05-03,SULAWESI SELATAN,24,0,6,18,601,151,38,412
2020-05-04,SULAWESI SELATAN,6,0,48,-42,607,199,38,370
2020-05-05,SULAWESI SELATAN,33,2,27,4,640,226,40,374
2020-05-06,SULAWESI SELATAN,25,3,7,15,665,233,43,389
2020-05-07,SULAWESI SELATAN,19,1,3,15,684,236,44,404
2020-05-08,SULAWESI SELATAN,24,2,13,9,708,249,46,413
2020-05-09,SULAWESI SELATAN,2,0,9,-7,710,258,46,406
2020-05-10,SULAWESI SELATAN,12,2,6,4,722,264,48,410
2020-05-11,SULAWESI SELATAN,0,1,11,-12,722,275,49,398
2020-05-12,SULAWESI SELATAN,26,0,7,19,748,282,49,417
2020-05-13,SULAWESI SELATAN,54,0,5,49,802,287,49,466
2020-05-14,SULAWESI SELATAN,36,0,5,31,838,292,49,497
2020-05-15,SULAWESI SELATAN,33,0,0,33,871,292,49,530
2020-05-16,SULAWESI SELATAN,46,1,19,26,917,311,50,556
2020-05-17,SULAWESI SELATAN,34,0,7,27,951,318,50,583
2020-05-18,SULAWESI SELATAN,66,2,18,46,1017,336,52,629
2020-05-19,SULAWESI SELATAN,47,0,22,25,1064,358,52,654
2020-05-20,SULAWESI SELATAN,36,1,9,26,1100,367,53,680
2020-05-21,SULAWESI SELATAN,33,3,31,-1,1133,398,56,679
2020-05-22,SULAWESI SELATAN,71,2,19,50,1204,417,58,729
2020-05-23,SULAWESI SELATAN,57,0,6,51,1261,423,58,780
2020-05-24,SULAWESI SELATAN,32,2,33,-3,1293,456,60,777
2020-05-25,SULAWESI SELATAN,22,3,6,13,1315,462,63,790
2020-05-26,SULAWESI SELATAN,34,2,37,-5,1349,499,65,785
2020-05-27,SULAWESI SELATAN,28,0,19,9,1377,518,65,794
2020-05-28,SULAWESI SELATAN,45,0,2,43,1422,520,65,837
2020-05-29,SULAWESI SELATAN,41,3,12,26,1463,532,68,863
2020-05-30,SULAWESI SELATAN,40,1,31,8,1503,563,69,871
2020-05-31,SULAWESI SELATAN,32,2,32,-2,1535,595,71,869
2020-06-01,SULAWESI SELATAN,45,1,30,14,1580,625,72,883
2020-06-02,SULAWESI SELATAN,42,0,0,42,1622,625,72,925
2020-06-03,SULAWESI SELATAN,37,0,11,26,1659,636,72,951
2020-06-04,SULAWESI SELATAN,54,4,3,47,1713,639,76,998
2020-06-05,SULAWESI SELATAN,53,14,34,5,1766,673,90,1003
2020-06-06,SULAWESI SELATAN,65,0,0,65,1831,673,90,1068
2020-06-07,SULAWESI SELATAN,64,0,0,64,1895,673,90,1132
2020-06-08,SULAWESI SELATAN,109,0,0,109,2004,673,90,1241
2020-06-09,SULAWESI SELATAN,175,3,30,142,2179,703,93,1383
2020-06-10,SULAWESI SELATAN,182,1,53,128,2361,756,94,1511
2020-06-11,SULAWESI SELATAN,130,0,0,130,2491,756,94,1641
2020-06-12,SULAWESI SELATAN,61,12,73,-24,2552,829,106,1617
2020-06-13,SULAWESI SELATAN,126,0,36,90,2678,865,106,1707
2020-06-14,SULAWESI SELATAN,137,3,36,98,2815,901,109,1805
2020-06-15,SULAWESI SELATAN,103,8,142,-47,2918,1043,117,1758
2020-06-16,SULAWESI SELATAN,167,0,43,124,3085,1086,117,1882
2020-06-17,SULAWESI SELATAN,89,0,16,73,3174,1102,117,1955
2020-06-18,SULAWESI SELATAN,165,0,23,142,3339,1125,117,2097
2020-06-19,SULAWESI SELATAN,207,0,44,163,3546,1169,117,2260
2020-06-20,SULAWESI SELATAN,111,15,75,21,3657,1244,132,2281
2020-06-21,SULAWESI SELATAN,110,0,38,72,3767,1282,132,2353
2020-06-22,SULAWESI SELATAN,111,7,37,67,3878,1319,139,2420
2020-06-23,SULAWESI SELATAN,132,1,42,89,4010,1361,140,2509
2020-06-24,SULAWESI SELATAN,136,6,40,90,4146,1401,146,2599
2020-06-25,SULAWESI SELATAN,119,1,55,63,4265,1456,147,2662
2020-06-26,SULAWESI SELATAN,166,2,154,10,4431,1610,149,2672
2020-06-27,SULAWESI SELATAN,147,3,40,104,4578,1650,152,2776
2020-06-28,SULAWESI SELATAN,193,3,62,128,4771,1712,155,2904
2020-06-29,SULAWESI SELATAN,194,1,50,143,4965,1762,156,3047
2020-06-30,SULAWESI SELATAN,89,4,69,16,5054,1831,160,3063
2020-07-01,SULAWESI SELATAN,129,0,52,77,5183,1883,160,3140
2020-07-02,SULAWESI SELATAN,165,0,50,115,5348,1933,160,3255
2020-07-03,SULAWESI SELATAN,177,6,40,131,5525,1973,166,3386
2020-07-04,SULAWESI SELATAN,190,0,39,151,5715,2012,166,3537
2020-07-05,SULAWESI SELATAN,135,23,93,19,5850,2105,189,3556
2020-07-06,SULAWESI SELATAN,85,1,82,2,5935,2187,190,3558
2020-07-07,SULAWESI SELATAN,213,2,45,166,6148,2232,192,3724
2020-07-08,SULAWESI SELATAN,167,3,15,149,6315,2247,195,3873
2020-07-09,SULAWESI SELATAN,127,6,184,-63,6442,2431,201,3810
2020-07-10,SULAWESI SELATAN,130,0,33,97,6572,2464,201,3907
2020-07-11,SULAWESI SELATAN,181,7,174,0,6753,2638,208,3907
2020-07-12,SULAWESI SELATAN,168,7,107,54,6921,2745,215,3961
2020-07-13,SULAWESI SELATAN,125,3,254,-132,7046,2999,218,3829
2020-07-14,SULAWESI SELATAN,197,13,140,44,7243,3139,231,3873
2020-07-15,SULAWESI SELATAN,151,12,115,24,7394,3254,243,3897
2020-07-16,SULAWESI SELATAN,179,15,212,-48,7573,3466,258,3849
2020-07-17,SULAWESI SELATAN,99,3,115,-19,7672,3581,261,3830
2020-07-18,SULAWESI SELATAN,167,2,78,87,7839,3659,263,3917
2020-07-19,SULAWESI SELATAN,156,8,517,-369,7995,4176,271,3548
2020-07-20,SULAWESI SELATAN,126,3,277,-154,8121,4453,274,3394
2020-07-21,SULAWESI SELATAN,93,4,206,-117,8214,4659,278,3277
2020-07-22,SULAWESI SELATAN,150,3,356,-209,8364,5015,281,3068
2020-07-23,SULAWESI SELATAN,119,0,254,-135,8483,5269,281,2933
2020-07-24,SULAWESI SELATAN,83,3,560,-480,8566,5829,284,2453
2020-07-25,SULAWESI SELATAN,136,3,239,-106,8702,6068,287,2347
2020-07-26,SULAWESI SELATAN,137,9,0,128,8839,6068,296,2475
2020-07-27,SULAWESI SELATAN,114,4,8,102,8953,6076,300,2577
2020-07-28,SULAWESI SELATAN,130,4,255,-129,9083,6331,304,2448
2020-07-29,SULAWESI SELATAN,126,3,24,99,9209,6355,307,2547
2020-07-30,SULAWESI SELATAN,92,3,103,-14,9301,6458,310,2533
2020-07-31,SULAWESI SELATAN,76,0,5,71,9377,6463,310,2604
2020-08-01,SULAWESI SELATAN,128,8,156,-36,9505,6619,318,2568
2020-08-02,SULAWESI SELATAN,95,0,0,95,9600,6619,318,2663
2020-08-03,SULAWESI SELATAN,97,0,1,96,9697,6620,318,2759
2020-08-04,SULAWESI SELATAN,115,7,139,-31,9812,6759,325,2728
2020-08-05,SULAWESI SELATAN,127,1,155,-29,9939,6914,326,2699
2020-08-06,SULAWESI SELATAN,179,1,75,103,10118,6989,327,2802
2020-08-07,SULAWESI SELATAN,88,4,74,10,10206,7063,331,2812
2020-08-08,SULAWESI SELATAN,104,0,69,35,10310,7132,331,2847
2020-08-09,SULAWESI SELATAN,90,0,58,32,10400,7190,331,2879
2020-08-10,SULAWESI SELATAN,60,0,54,6,10460,7244,331,2885
2020-08-11,SULAWESI SELATAN,54,2,118,-66,10514,7362,333,2819
2020-08-12,SULAWESI SELATAN,90,1,62,27,10604,7424,334,2846
2020-08-13,SULAWESI SELATAN,71,1,59,11,10675,7483,335,2857
2020-08-14,SULAWESI SELATAN,35,4,120,-89,10710,7603,339,2768
2020-08-15,SULAWESI SELATAN,78,0,61,17,10788,7664,339,2785
2020-08-16,SULAWESI SELATAN,101,0,62,39,10889,7726,339,2824
2020-08-17,SULAWESI SELATAN,85,3,86,-4,10974,7812,342,2820
2020-08-18,SULAWESI SELATAN,25,0,222,-197,10999,8034,342,2623
2020-08-19,SULAWESI SELATAN,25,1,68,-44,11024,8102,343,2579
2020-08-20,SULAWESI SELATAN,74,2,80,-8,11098,8182,345,2571
2020-08-21,SULAWESI SELATAN,112,2,89,21,11210,8271,347,2592
2020-08-22,SULAWESI SELATAN,49,1,68,-20,11259,8339,348,2572
2020-08-23,SULAWESI SELATAN,30,1,91,-62,11289,8430,349,2510
2020-08-24,SULAWESI SELATAN,48,1,92,-45,11337,8522,350,2465
2020-08-25,SULAWESI SELATAN,60,0,136,-76,11397,8658,350,2389
2020-08-26,SULAWESI SELATAN,62,0,108,-46,11459,8766,350,2343
2020-08-27,SULAWESI SELATAN,34,5,91,-62,11493,8857,355,2281
2020-08-28,SULAWESI SELATAN,89,2,106,-19,11582,8963,357,2262
2020-08-29,SULAWESI SELATAN,99,2,78,19,11681,9041,359,2281
2020-08-30,SULAWESI SELATAN,60,0,80,-20,11741,9121,359,2261
2020-08-31,SULAWESI SELATAN,105,0,74,31,11846,9195,359,2292
2020-09-01,SULAWESI SELATAN,79,0,74,5,11925,9269,359,2297
2020-09-02,SULAWESI SELATAN,130,4,91,35,12055,9360,363,2332
2020-09-03,SULAWESI SELATAN,57,3,88,-34,12112,9448,366,2298
2020-09-04,SULAWESI SELATAN,85,1,63,21,12197,9511,367,2319
2020-09-05,SULAWESI SELATAN,151,2,62,87,12348,9573,369,2406
2020-09-06,SULAWESI SELATAN,211,1,49,161,12559,9622,370,2567
2020-09-07,SULAWESI SELATAN,11,1,82,-72,12570,9704,371,2495
2020-09-08,SULAWESI SELATAN,50,1,104,-55,12620,9808,372,2440
2020-09-09,SULAWESI SELATAN,146,1,40,105,12766,9848,373,2545
2020-09-10,SULAWESI SELATAN,133,0,1,132,12899,9849,373,2677
2020-09-11,SULAWESI SELATAN,162,1,139,22,13061,9988,374,2699
2020-09-12,SULAWESI SELATAN,52,1,76,-25,13113,10064,375,2674
2020-09-13,SULAWESI SELATAN,80,4,46,30,13193,10110,379,2704
2020-09-14,SULAWESI SELATAN,180,3,63,114,13373,10173,382,2818
2020-09-15,SULAWESI SELATAN,105,0,0,105,13478,10173,382,2923
2020-09-16,SULAWESI SELATAN,148,3,130,15,13626,10303,385,2938
2020-09-17,SULAWESI SELATAN,120,0,13,107,13746,10316,385,3045
2020-09-18,SULAWESI SELATAN,176,1,72,103,13922,10388,386,3148
2020-09-19,SULAWESI SELATAN,177,2,55,120,14099,10443,388,3268
2020-09-20,SULAWESI SELATAN,172,8,77,87,14271,10520,396,3355
2020-09-21,SULAWESI SELATAN,44,3,96,-55,14315,10616,399,3300
2020-09-22,SULAWESI SELATAN,129,1,89,39,14444,10705,400,3339
2020-09-23,SULAWESI SELATAN,123,1,78,44,14567,10783,401,3383
2020-09-24,SULAWESI SELATAN,162,3,72,87,14729,10855,404,3470
2020-09-25,SULAWESI SELATAN,170,1,84,85,14899,10939,405,3555
2020-09-26,SULAWESI SELATAN,162,4,149,9,15061,11088,409,3564
2020-09-27,SULAWESI SELATAN,154,3,221,-70,15215,11309,412,3494
2020-09-28,SULAWESI SELATAN,78,0,170,-92,15293,11479,412,3402
2020-09-29,SULAWESI SELATAN,142,3,454,-315,15435,11933,415,3087
2020-09-30,SULAWESI SELATAN,75,4,374,-303,15510,12307,419,2784
2020-10-01,SULAWESI SELATAN,110,0,233,-123,15620,12540,419,2661
2020-10-02,SULAWESI SELATAN,67,0,196,-129,15687,12736,419,2532
2020-10-03,SULAWESI SELATAN,57,4,120,-67,15744,12856,423,2465
2020-10-04,SULAWESI SELATAN,72,3,118,-49,15816,12974,426,2416
2020-10-05,SULAWESI SELATAN,15,0,152,-137,15831,13126,426,2279
2020-10-06,SULAWESI SELATAN,58,0,197,-139,15889,13323,426,2140
2020-10-07,SULAWESI SELATAN,130,0,83,47,16019,13406,426,2187
2020-10-08,SULAWESI SELATAN,199,2,122,75,16218,13528,428,2262
2020-10-09,SULAWESI SELATAN,107,2,124,-19,16325,13652,430,2243
2020-10-10,SULAWESI SELATAN,147,2,107,38,16472,13759,432,2281
2020-10-11,SULAWESI SELATAN,136,1,89,46,16608,13848,433,2327
2020-10-12,SULAWESI SELATAN,89,2,157,-70,16697,14005,435,2257
2020-10-13,SULAWESI SELATAN,136,4,222,-90,16833,14227,439,2167
2020-10-14,SULAWESI SELATAN,136,2,86,48,16969,14313,441,2215
2020-10-15,SULAWESI SELATAN,114,0,118,-4,17083,14431,441,2211
2020-10-16,SULAWESI SELATAN,119,0,166,-47,17202,14597,441,2164
2020-10-17,SULAWESI SELATAN,64,2,182,-120,17266,14779,443,2044
2020-10-18,SULAWESI SELATAN,136,1,117,18,17402,14896,444,2062
2020-10-19,SULAWESI SELATAN,42,0,88,-46,17444,14984,444,2016
2020-10-20,SULAWESI SELATAN,88,0,99,-11,17532,15083,444,2005
2020-10-21,SULAWESI SELATAN,114,0,187,-73,17646,15270,444,1932
2020-10-22,SULAWESI SELATAN,73,0,101,-28,17719,15371,444,1904
2020-10-23,SULAWESI SELATAN,60,2,87,-29,17779,15458,446,1875
2020-10-24,SULAWESI SELATAN,73,0,57,16,17852,15515,446,1891
2020-10-25,SULAWESI SELATAN,46,4,96,-54,17898,15611,450,1837
2020-10-26,SULAWESI SELATAN,14,0,80,-66,17912,15691,450,1771
2020-10-27,SULAWESI SELATAN,188,0,365,-177,18100,16056,450,1594
2020-10-28,SULAWESI SELATAN,115,2,108,5,18215,16164,452,1599
2020-10-29,SULAWESI SELATAN,33,10,74,-51,18248,16238,462,1548
2020-10-30,SULAWESI SELATAN,43,1,99,-57,18291,16337,463,1491
2020-10-31,SULAWESI SELATAN,9,3,62,-56,18300,16399,466,1435
2020-11-01,SULAWESI SELATAN,29,0,101,-72,18329,16500,466,1363
2020-11-02,SULAWESI SELATAN,2,1,57,-56,18331,16557,467,1307
2020-11-03,SULAWESI SELATAN,26,0,42,-16,18357,16599,467,1291
2020-11-04,SULAWESI SELATAN,75,2,69,4,18432,16668,469,1295
2020-11-05,SULAWESI SELATAN,75,0,45,30,18507,16713,469,1325
2020-11-06,SULAWESI SELATAN,28,0,33,-5,18535,16746,469,1320
2020-11-07,SULAWESI SELATAN,138,0,48,90,18673,16794,469,1410
2020-11-08,SULAWESI SELATAN,77,0,42,35,18750,16836,469,1445
2020-11-09,SULAWESI SELATAN,58,1,15,42,18808,16851,470,1487
2020-11-10,SULAWESI SELATAN,48,1,83,-36,18856,16934,471,1451
2020-11-11,SULAWESI SELATAN,168,0,86,82,19024,17020,471,1533
2020-11-12,SULAWESI SELATAN,26,0,31,-5,19050,17051,471,1528
2020-11-13,SULAWESI SELATAN,131,0,45,86,19181,17096,471,1614
2020-11-14,SULAWESI SELATAN,69,2,35,32,19250,17131,473,1646
2020-11-15,SULAWESI SELATAN,75,0,10,65,19325,17141,473,1711
2020-11-16,SULAWESI SELATAN,47,0,107,-60,19372,17248,473,1651
2020-11-17,SULAWESI SELATAN,63,1,35,27,19435,17283,474,1678
2020-11-18,SULAWESI SELATAN,46,0,10,36,19481,17293,474,1714
2020-11-19,SULAWESI SELATAN,117,2,109,6,19598,17402,476,1720
2020-11-20,SULAWESI SELATAN,105,0,89,16,19703,17491,476,1736
2020-11-21,SULAWESI SELATAN,88,5,265,-182,19791,17756,481,1554
2020-11-22,SULAWESI SELATAN,99,3,172,-76,19890,17928,484,1478
2020-11-23,SULAWESI SELATAN,100,2,41,57,19990,17969,486,1535
2020-11-24,SULAWESI SELATAN,95,0,87,8,20085,18056,486,1543
2020-11-25,SULAWESI SELATAN,37,2,34,1,20122,18090,488,1544
2020-11-26,SULAWESI SELATAN,77,0,45,32,20199,18135,488,1576
2020-11-27,SULAWESI SELATAN,141,1,67,73,20340,18202,489,1649
2020-11-28,SULAWESI SELATAN,92,0,68,24,20432,18270,489,1673
2020-11-29,SULAWESI SELATAN,113,1,59,53,20545,18329,490,1726
2020-11-30,SULAWESI SELATAN,105,2,108,-5,20650,18437,492,1721
2020-12-01,SULAWESI SELATAN,147,4,77,66,20797,18514,496,1787
2020-12-02,SULAWESI SELATAN,117,2,72,43,20914,18586,498,1830
2020-12-03,SULAWESI SELATAN,136,1,47,88,21050,18633,499,1918
2020-12-04,SULAWESI SELATAN,180,2,71,107,21230,18704,501,2025
2020-12-05,SULAWESI SELATAN,164,2,57,105,21394,18761,503,2130
2020-12-06,SULAWESI SELATAN,172,0,30,142,21566,18791,503,2272
2020-12-07,SULAWESI SELATAN,346,4,97,245,21912,18888,507,2517
2020-12-08,SULAWESI SELATAN,112,3,105,4,22024,18993,510,2521
2020-12-09,SULAWESI SELATAN,157,0,115,42,22181,19108,510,2563
2020-12-10,SULAWESI SELATAN,219,2,94,123,22400,19202,512,2686
2020-12-11,SULAWESI SELATAN,259,9,14,236,22659,19216,521,2922
2020-12-12,SULAWESI SELATAN,226,6,79,141,22885,19295,527,3063
2020-12-13,SULAWESI SELATAN,312,4,96,212,23197,19391,531,3275
2020-12-14,SULAWESI SELATAN,295,3,97,195,23492,19488,534,3470
2020-12-15,SULAWESI SELATAN,78,1,108,-31,23570,19596,535,3439
2020-12-16,SULAWESI SELATAN,448,2,118,328,24018,19714,537,3767
2020-12-17,SULAWESI SELATAN,334,4,114,216,24352,19828,541,3983
2020-12-18,SULAWESI SELATAN,530,2,114,414,24882,19942,543,4397
2020-12-19,SULAWESI SELATAN,391,4,245,142,25273,20187,547,4539
2020-12-20,SULAWESI SELATAN,489,5,2,482,25762,20189,552,5021
2020-12-21,SULAWESI SELATAN,559,7,234,318,26321,20423,559,5339
2020-12-22,SULAWESI SELATAN,539,5,855,-321,26860,21278,564,5018
2020-12-23,SULAWESI SELATAN,524,1,598,-75,27384,21876,565,4943
2020-12-24,SULAWESI SELATAN,520,4,500,16,27904,22376,569,4959
2020-12-25,SULAWESI SELATAN,411,2,349,60,28315,22725,571,5019
2020-12-26,SULAWESI SELATAN,547,4,494,49,28862,23219,575,5068
2020-12-27,SULAWESI SELATAN,262,3,927,-668,29124,24146,578,4400
2020-12-28,SULAWESI SELATAN,338,4,407,-73,29462,24553,582,4327
2020-12-29,SULAWESI SELATAN,567,3,250,314,30029,24803,585,4641
2020-12-30,SULAWESI SELATAN,537,8,947,-418,30566,25750,593,4223
2020-12-31,SULAWESI SELATAN,479,1,0,478,31045,25750,594,4701
2021-01-01,SULAWESI SELATAN,550,5,605,-60,31595,26355,599,4641
2021-01-02,SULAWESI SELATAN,590,5,36,549,32185,26391,604,5190
2021-01-03,SULAWESI SELATAN,595,3,56,536,32780,26447,607,5726
2021-01-04,SULAWESI SELATAN,510,2,313,195,33290,26760,609,5921
2021-01-05,SULAWESI SELATAN,639,6,774,-141,33929,27534,615,5780
2021-01-06,SULAWESI SELATAN,463,4,1407,-948,34392,28941,619,4832
2021-01-07,SULAWESI SELATAN,366,8,1122,-764,34758,30063,627,4068
2021-01-08,SULAWESI SELATAN,588,7,509,72,35346,30572,634,4140
2021-01-09,SULAWESI SELATAN,580,7,246,327,35926,30818,641,4467
2021-01-10,SULAWESI SELATAN,585,7,543,35,36511,31361,648,4502
2021-01-11,SULAWESI SELATAN,615,2,359,254,37126,31720,650,4756
2021-01-12,SULAWESI SELATAN,638,2,625,11,37764,32345,652,4767
2021-01-13,SULAWESI SELATAN,648,6,523,119,38412,32868,658,4886
2021-01-14,SULAWESI SELATAN,640,7,492,141,39052,33360,665,5027
2021-01-15,SULAWESI SELATAN,649,8,568,73,39701,33928,673,5100
2021-01-16,SULAWESI SELATAN,659,12,589,58,40360,34517,685,5158
2021-01-17,SULAWESI SELATAN,674,2,506,166,41034,35023,687,5324
2021-01-18,SULAWESI SELATAN,661,5,547,109,41695,35570,692,5433
2021-01-19,SULAWESI SELATAN,658,1,518,139,42353,36088,693,5572
2021-01-20,SULAWESI SELATAN,661,4,625,32,43014,36713,697,5604
2021-01-21,SULAWESI SELATAN,645,2,642,1,43659,37355,699,5605
2021-01-22,SULAWESI SELATAN,629,4,536,89,44288,37891,703,5694
2021-01-23,SULAWESI SELATAN,188,1,612,-425,44476,38503,704,5269
2021-01-24,SULAWESI SELATAN,205,6,556,-357,44681,39059,710,4912
2021-01-25,SULAWESI SELATAN,606,1,738,-133,45287,39797,711,4779
2021-01-26,SULAWESI SELATAN,348,9,536,-197,45635,40333,720,4582
2021-01-27,SULAWESI SELATAN,282,4,536,-258,45917,40869,724,4324
2021-01-28,SULAWESI SELATAN,679,4,558,117,46596,41427,728,4441
2021-01-29,SULAWESI SELATAN,334,4,538,-208,46930,41965,732,4233
2021-01-30,SULAWESI SELATAN,663,6,204,453,47593,42169,738,4686
2021-01-31,SULAWESI SELATAN,666,1,239,426,48259,42408,739,5112
2021-02-01,SULAWESI SELATAN,650,4,474,172,48909,42882,743,5284
2021-02-02,SULAWESI SELATAN,95,0,401,-306,49004,43283,743,4978
2021-02-03,SULAWESI SELATAN,161,5,304,-148,49165,43587,748,4830
2021-02-04,SULAWESI SELATAN,300,3,433,-136,49465,44020,751,4694
2021-02-05,SULAWESI SELATAN,226,3,263,-40,49691,44283,754,4654
2021-02-06,SULAWESI SELATAN,495,3,544,-52,50186,44827,757,4602
2021-02-07,SULAWESI SELATAN,274,10,532,-268,50460,45359,767,4334
2021-02-08,SULAWESI SELATAN,136,6,435,-305,50596,45794,773,4029
2021-02-09,SULAWESI SELATAN,166,1,70,95,50762,45864,774,4124
2021-02-10,SULAWESI SELATAN,180,0,143,37,50942,46007,774,4161
2021-02-11,SULAWESI SELATAN,129,1,214,-86,51071,46221,775,4075
2021-02-12,SULAWESI SELATAN,677,5,214,458,51748,46435,780,4533
2021-02-13,SULAWESI SELATAN,376,11,467,-102,52124,46902,791,4431
2021-02-14,SULAWESI SELATAN,355,13,261,81,52479,47163,804,4512
2021-02-15,SULAWESI SELATAN,160,0,278,-118,52639,47441,804,4394
2021-02-16,SULAWESI SELATAN,319,4,339,-24,52958,47780,808,4370
2021-02-17,SULAWESI SELATAN,116,5,466,-355,53074,48246,813,4015
2021-02-18,SULAWESI SELATAN,274,0,222,52,53348,48468,813,4067
2021-02-19,SULAWESI SELATAN,221,4,526,-309,53569,48994,817,3758
2021-02-20,SULAWESI SELATAN,201,6,396,-201,53770,49390,823,3557
2021-02-21,SULAWESI SELATAN,180,0,334,-154,53950,49724,823,3403
2021-02-22,SULAWESI SELATAN,258,2,208,48,54208,49932,825,3451
2021-02-23,SULAWESI SELATAN,506,0,270,236,54714,50202,825,3687
2021-02-24,SULAWESI SELATAN,388,3,293,92,55102,50495,828,3779
2021-02-25,SULAWESI SELATAN,423,3,326,94,55525,50821,831,3873
2021-02-26,SULAWESI SELATAN,339,4,206,129,55864,51027,835,4002
2021-02-27,SULAWESI SELATAN,249,3,238,8,56113,51265,838,4010
2021-02-28,SULAWESI SELATAN,84,0,266,-182,56197,51531,838,3828
2021-03-01,SULAWESI SELATAN,141,4,237,-100,56338,51768,842,3728
2021-03-02,SULAWESI SELATAN,178,10,305,-137,56516,52073,852,3591
2021-03-03,SULAWESI SELATAN,263,7,270,-14,56779,52343,859,3577
2021-03-04,SULAWESI SELATAN,196,2,314,-120,56975,52657,861,3457
2021-03-05,SULAWESI SELATAN,196,8,263,-75,57171,52920,869,3382
2021-03-06,SULAWESI SELATAN,166,4,309,-147,57337,53229,873,3235
2021-03-07,SULAWESI SELATAN,190,1,152,37,57527,53381,874,3272
2021-03-08,SULAWESI SELATAN,79,3,190,-114,57606,53571,877,3158
2021-03-09,SULAWESI SELATAN,92,1,138,-47,57698,53709,878,3111
2021-03-10,SULAWESI SELATAN,220,2,137,81,57918,53846,880,3192
2021-03-11,SULAWESI SELATAN,108,2,212,-106,58026,54058,882,3086
2021-03-12,SULAWESI SELATAN,133,5,163,-35,58159,54221,887,3051
2021-03-13,SULAWESI SELATAN,89,3,136,-50,58248,54357,890,3001
2021-03-14,SULAWESI SELATAN,67,0,160,-93,58315,54517,890,2908
2021-03-15,SULAWESI SELATAN,54,3,120,-69,58369,54637,893,2839
2021-03-16,SULAWESI SELATAN,117,1,179,-63,58486,54816,894,2776
2021-03-17,SULAWESI SELATAN,139,2,195,-58,58625,55011,896,2718
2021-03-18,SULAWESI SELATAN,146,5,225,-84,58771,55236,901,2634
2021-03-19,SULAWESI SELATAN,142,1,202,-61,58913,55438,902,2573
2021-03-20,SULAWESI SELATAN,60,2,243,-185,58973,55681,904,2388
2021-03-21,SULAWESI SELATAN,49,0,303,-254,59022,55984,904,2134
2021-03-22,SULAWESI SELATAN,53,1,196,-144,59075,56180,905,1990
2021-03-23,SULAWESI SELATAN,65,2,130,-67,59140,56310,907,1923
2021-03-24,SULAWESI SELATAN,77,0,160,-83,59217,56470,907,1840
2021-03-25,SULAWESI SELATAN,68,2,160,-94,59285,56630,909,1746
2021-03-26,SULAWESI SELATAN,32,0,187,-155,59317,56817,909,1591
2021-03-27,SULAWESI SELATAN,34,0,161,-127,59351,56978,909,1464
2021-03-28,SULAWESI SELATAN,35,1,139,-105,59386,57117,910,1359
2021-03-29,SULAWESI SELATAN,46,0,109,-63,59432,57226,910,1296
2021-03-30,SULAWESI SELATAN,104,0,115,-11,59536,57341,910,1285
2021-03-31,SULAWESI SELATAN,94,0,136,-42,59630,57477,910,1243
2021-04-01,SULAWESI SELATAN,83,0,159,-76,59713,57636,910,1167
2021-04-02,SULAWESI SELATAN,19,0,169,-150,59732,57805,910,1017
2021-04-03,SULAWESI SELATAN,54,0,117,-63,59786,57922,910,954
2021-04-04,SULAWESI SELATAN,58,0,157,-99,59844,58079,910,855
2021-04-05,SULAWESI SELATAN,31,3,113,-85,59875,58192,913,770
2021-04-06,SULAWESI SELATAN,209,0,128,81,60084,58320,913,851
2021-04-07,SULAWESI SELATAN,227,0,245,-18,60311,58565,913,833
2021-04-08,SULAWESI SELATAN,153,0,260,-107,60464,58825,913,726
2021-04-09,SULAWESI SELATAN,80,2,206,-128,60544,59031,915,598
2021-04-10,SULAWESI SELATAN,96,1,84,11,60640,59115,916,609
2021-04-11,SULAWESI SELATAN,30,0,130,-100,60670,59245,916,509
2021-04-12,SULAWESI SELATAN,43,0,47,-4,60713,59292,916,505
2021-04-13,SULAWESI SELATAN,94,0,80,14,60807,59372,916,519
2021-04-14,SULAWESI SELATAN,118,0,36,82,60925,59408,916,601
2021-04-15,SULAWESI SELATAN,93,0,56,37,61018,59464,916,638
2021-04-16,SULAWESI SELATAN,45,2,61,-18,61063,59525,918,620
2021-04-17,SULAWESI SELATAN,35,0,15,20,61098,59540,918,640
2021-04-18,SULAWESI SELATAN,22,0,10,12,61120,59550,918,652
2021-04-19,SULAWESI SELATAN,17,1,28,-12,61137,59578,919,640
2021-04-20,SULAWESI SELATAN,78,0,83,-5,61215,59661,919,635
2021-04-21,SULAWESI SELATAN,65,3,42,20,61280,59703,922,655
2021-04-22,SULAWESI SELATAN,20,5,150,-135,61300,59853,927,520
2021-04-23,SULAWESI SELATAN,27,3,93,-69,61327,59946,930,451
2021-04-24,SULAWESI SELATAN,14,1,19,-6,61341,59965,931,445
2021-04-25,SULAWESI SELATAN,7,0,51,-44,61348,60016,931,401
2021-04-26,SULAWESI SELATAN,14,0,70,-56,61362,60086,931,345
2021-04-27,SULAWESI SELATAN,57,0,40,17,61419,60126,931,362
2021-04-28,SULAWESI SELATAN,18,0,55,-37,61437,60181,931,325
2021-04-29,SULAWESI SELATAN,27,1,37,-11,61464,60218,932,314
2021-04-30,SULAWESI SELATAN,31,3,8,20,61495,60226,935,334
2021-05-01,SULAWESI SELATAN,25,0,16,9,61520,60242,935,343
2021-05-02,SULAWESI SELATAN,4,0,13,-9,61524,60255,935,334
2021-05-03,SULAWESI SELATAN,13,0,9,4,61537,60264,935,338
2021-05-04,SULAWESI SELATAN,21,0,8,13,61558,60272,935,351
2021-05-05,SULAWESI SELATAN,6,0,56,-50,61564,60328,935,301
2021-05-06,SULAWESI SELATAN,17,0,23,-6,61581,60351,935,295
2021-05-07,SULAWESI SELATAN,27,0,18,9,61608,60369,935,304
2021-05-08,SULAWESI SELATAN,17,0,14,3,61625,60383,935,307
2021-05-09,SULAWESI SELATAN,11,0,6,5,61636,60389,935,312
2021-05-10,SULAWESI SELATAN,27,0,15,12,61663,60404,935,324
2021-05-11,SULAWESI SELATAN,26,0,32,-6,61689,60436,935,318
2021-05-12,SULAWESI SELATAN,11,0,3,8,61700,60439,935,326
2021-05-13,SULAWESI SELATAN,2,0,5,-3,61702,60444,935,323
2021-05-14,SULAWESI SELATAN,6,0,4,2,61708,60448,935,325
2021-05-15,SULAWESI SELATAN,2,0,5,-3,61710,60453,935,322
2021-05-16,SULAWESI SELATAN,4,0,3,1,61714,60456,935,323
2021-05-17,SULAWESI SELATAN,20,1,29,-10,61734,60485,936,313
2021-05-18,SULAWESI SELATAN,22,0,25,-3,61756,60510,936,310
2021-05-19,SULAWESI SELATAN,39,0,16,23,61795,60526,936,333
2021-05-20,SULAWESI SELATAN,57,0,21,36,61852,60547,936,369
2021-05-21,SULAWESI SELATAN,54,1,37,16,61906,60584,937,385
2021-05-22,SULAWESI SELATAN,3,3,44,-44,61909,60628,940,341
2021-05-23,SULAWESI SELATAN,41,1,30,10,61950,60658,941,351
2021-05-24,SULAWESI SELATAN,14,1,8,5,61964,60666,942,356
2021-05-25,SULAWESI SELATAN,51,0,3,48,62015,60669,942,404
2021-05-26,SULAWESI SELATAN,9,0,4,5,62024,60673,942,409
2021-05-27,SULAWESI SELATAN,33,2,29,2,62057,60702,944,411
2021-05-28,SULAWESI SELATAN,32,1,29,2,62089,60731,945,413
2021-05-29,SULAWESI SELATAN,18,0,39,-21,62107,60770,945,392
2021-05-30,SULAWESI SELATAN,61,1,15,45,62168,60785,946,437
2021-05-31,SULAWESI SELATAN,8,0,16,-8,62176,60801,946,429
2021-06-01,SULAWESI SELATAN,3,0,64,-61,62179,60865,946,368
2021-06-02,SULAWESI SELATAN,50,0,24,26,62229,60889,946,394
2021-06-03,SULAWESI SELATAN,38,1,33,4,62267,60922,947,398
2021-06-04,SULAWESI SELATAN,13,1,0,12,62280,60922,948,410
2021-06-05,SULAWESI SELATAN,41,0,5,36,62321,60927,948,446
2021-06-06,SULAWESI SELATAN,26,0,20,6,62347,60947,948,452
2021-06-07,SULAWESI SELATAN,31,1,27,3,62378,60974,949,455
2021-06-08,SULAWESI SELATAN,98,0,34,64,62476,61008,949,519
2021-06-09,SULAWESI SELATAN,66,2,30,34,62542,61038,951,553
2021-06-10,SULAWESI SELATAN,45,2,69,-26,62587,61107,953,527
2021-06-11,SULAWESI SELATAN,32,1,31,0,62619,61138,954,527
2021-06-12,SULAWESI SELATAN,36,1,30,5,62655,61168,955,532
2021-06-13,SULAWESI SELATAN,17,0,27,-10,62672,61195,955,522
2021-06-14,SULAWESI SELATAN,8,4,44,-40,62680,61239,959,482
2021-06-15,SULAWESI SELATAN,41,1,41,-1,62721,61280,960,481
2021-06-16,SULAWESI SELATAN,32,1,3,28,62753,61283,961,509
2021-06-17,SULAWESI SELATAN,62,0,28,34,62815,61311,961,543
2021-06-18,SULAWESI SELATAN,63,0,9,54,62878,61320,961,597
2021-06-19,SULAWESI SELATAN,67,0,73,-6,62945,61393,961,591
2021-06-20,SULAWESI SELATAN,50,0,1,49,62995,61394,961,640
2021-06-21,SULAWESI SELATAN,35,2,26,7,63030,61420,963,647
2021-06-22,SULAWESI SELATAN,130,1,22,107,63160,61442,964,754
2021-06-23,SULAWESI SELATAN,130,0,17,113,63290,61459,964,867
2021-06-24,SULAWESI SELATAN,100,1,15,84,63390,61474,965,951
2021-06-25,SULAWESI SELATAN,151,2,19,130,63541,61493,967,1081
2021-06-26,SULAWESI SELATAN,126,2,55,69,63667,61548,969,1150
2021-06-27,SULAWESI SELATAN,93,5,102,-14,63760,61650,974,1136
2021-06-28,SULAWESI SELATAN,125,2,102,21,63885,61752,976,1157
2021-06-29,SULAWESI SELATAN,135,2,73,60,64020,61825,978,1217
2021-06-30,SULAWESI SELATAN,212,8,79,125,64232,61904,986,1342
2021-07-01,SULAWESI SELATAN,253,1,61,191,64485,61965,987,1533
2021-07-02,SULAWESI SELATAN,327,4,51,272,64812,62016,991,1805
2021-07-03,SULAWESI SELATAN,328,0,58,270,65140,62074,991,2075
2021-07-04,SULAWESI SELATAN,176,3,80,93,65316,62154,994,2168
2021-07-05,SULAWESI SELATAN,219,2,91,126,65535,62245,996,2294
2021-07-06,SULAWESI SELATAN,249,0,71,178,65784,62316,996,2472
2021-07-07,SULAWESI SELATAN,485,8,73,404,66269,62389,1004,2876
2021-07-08,SULAWESI SELATAN,500,10,148,342,66769,62537,1014,3218
2021-07-09,SULAWESI SELATAN,511,7,119,385,67280,62656,1021,3603
2021-07-10,SULAWESI SELATAN,573,8,203,362,67853,62859,1029,3965
2021-07-11,SULAWESI SELATAN,477,4,188,285,68330,63047,1033,4250
2021-07-12,SULAWESI SELATAN,290,6,222,62,68620,63269,1039,4312
2021-07-13,SULAWESI SELATAN,531,4,158,369,69151,63427,1043,4681
2021-07-14,SULAWESI SELATAN,548,6,206,336,69699,63633,1049,5017
2021-07-15,SULAWESI SELATAN,594,5,232,357,70293,63865,1054,5374
2021-07-16,SULAWESI SELATAN,739,12,288,439,71032,64153,1066,5813
2021-07-17,SULAWESI SELATAN,772,11,260,501,71804,64413,1077,6314
2021-07-18,SULAWESI SELATAN,434,17,347,70,72238,64760,1094,6384
2021-07-19,SULAWESI SELATAN,351,17,322,12,72589,65082,1111,6396
2021-07-20,SULAWESI SELATAN,491,19,370,102,73080,65452,1130,6498
2021-07-21,SULAWESI SELATAN,233,16,248,-31,73313,65700,1146,6467
2021-07-22,SULAWESI SELATAN,954,12,404,538,74267,66104,1158,7005
2021-07-23,SULAWESI SELATAN,1286,19,480,787,75553,66584,1177,7792
2021-07-24,SULAWESI SELATAN,815,7,297,511,76368,66881,1184,8303
2021-07-25,SULAWESI SELATAN,880,19,643,218,77248,67524,1203,8521
2021-07-26,SULAWESI SELATAN,657,6,613,38,77905,68137,1209,8559
2021-07-27,SULAWESI SELATAN,954,17,742,195,78859,68879,1226,8754
2021-07-28,SULAWESI SELATAN,1145,35,721,389,80004,69600,1261,9143
2021-07-29,SULAWESI SELATAN,1359,27,574,758,81363,70174,1288,9901
2021-07-30,SULAWESI SELATAN,1082,29,351,702,82445,70525,1317,10603
2021-07-31,SULAWESI SELATAN,1268,21,699,548,83713,71224,1338,11151
2021-08-01,SULAWESI SELATAN,796,28,695,73,84509,71919,1366,11224
2021-08-02,SULAWESI SELATAN,540,17,670,-147,85049,72589,1383,11077
2021-08-03,SULAWESI SELATAN,1131,17,540,574,86180,73129,1400,11651
2021-08-04,SULAWESI SELATAN,1243,35,589,619,87423,73718,1435,12270
2021-08-05,SULAWESI SELATAN,1197,25,605,567,88620,74323,1460,12837
2021-08-06,SULAWESI SELATAN,1166,25,1133,8,89786,75456,1485,12845
2021-08-07,SULAWESI SELATAN,832,21,627,184,90618,76083,1506,13029
2021-08-08,SULAWESI SELATAN,735,28,726,-19,91353,76809,1534,13010
2021-08-09,SULAWESI SELATAN,807,30,1761,-984,92160,78570,1564,12026
2021-08-10,SULAWESI SELATAN,963,26,887,50,93123,79457,1590,12076
2021-08-11,SULAWESI SELATAN,1027,28,980,19,94150,80437,1618,12095
2021-08-12,SULAWESI SELATAN,698,28,868,-198,94848,81305,1646,11897
2021-08-13,SULAWESI SELATAN,1087,28,1001,58,95935,82306,1674,11955
2021-08-14,SULAWESI SELATAN,1018,16,1015,-13,96953,83321,1690,11942
2021-08-15,SULAWESI SELATAN,641,26,684,-69,97594,84005,1716,11873
2021-08-16,SULAWESI SELATAN,336,19,822,-505,97930,84827,1735,11368
2021-08-17,SULAWESI SELATAN,473,30,757,-314,98403,85584,1765,11054
2021-08-18,SULAWESI SELATAN,493,16,523,-46,98896,86107,1781,11008
2021-08-19,SULAWESI SELATAN,0,8,13,-21,98896,86120,1789,10987
2021-08-20,SULAWESI SELATAN,1,0,0,1,98897,86120,1789,10988
2020-03-06,BANTEN,1,0,1,0,1,1,0,0
2020-03-07,BANTEN,0,0,0,0,1,1,0,0
2020-03-08,BANTEN,1,0,3,-2,2,4,0,-2
2020-03-09,BANTEN,0,0,0,0,2,4,0,-2
2020-03-10,BANTEN,0,0,8,-8,2,12,0,-10
2020-03-11,BANTEN,0,0,8,-8,2,20,0,-18
2020-03-12,BANTEN,0,1,2,-3,2,22,1,-21
2020-03-13,BANTEN,1,1,0,0,3,22,2,-21
2020-03-14,BANTEN,1,0,2,-1,4,24,2,-22
2020-03-15,BANTEN,1,0,5,-4,5,29,2,-26
2020-03-16,BANTEN,1,0,4,-3,6,33,2,-29
2020-03-17,BANTEN,0,1,3,-4,6,36,3,-33
2020-03-18,BANTEN,0,1,1,-2,6,37,4,-35
2020-03-19,BANTEN,0,1,3,-4,6,40,5,-39
2020-03-20,BANTEN,0,3,3,-6,6,43,8,-45
2020-03-21,BANTEN,0,0,2,-2,6,45,8,-47
2020-03-22,BANTEN,0,2,0,-2,6,45,10,-49
2020-03-23,BANTEN,0,2,3,-5,6,48,12,-54
2020-03-24,BANTEN,0,1,3,-4,6,51,13,-58
2020-03-25,BANTEN,0,1,3,-4,6,54,14,-62
2020-03-26,BANTEN,0,0,4,-4,6,58,14,-66
2020-03-27,BANTEN,25,2,3,20,31,61,16,-46
2020-03-28,BANTEN,10,2,7,1,41,68,18,-45
2020-03-29,BANTEN,2,2,2,-2,43,70,20,-47
2020-03-30,BANTEN,22,0,3,19,65,73,20,-28
2020-03-31,BANTEN,14,2,1,11,79,74,22,-17
2020-04-01,BANTEN,12,1,6,5,91,80,23,-12
2020-04-02,BANTEN,6,2,1,3,97,81,25,-9
2020-04-03,BANTEN,4,0,4,0,101,85,25,-9
2020-04-04,BANTEN,3,2,2,-1,104,87,27,-10
2020-04-05,BANTEN,4,2,4,-2,108,91,29,-12
2020-04-06,BANTEN,11,2,8,1,119,99,31,-11
2020-04-07,BANTEN,6,0,4,2,125,103,31,-9
2020-04-08,BANTEN,19,0,6,13,144,109,31,4
2020-04-09,BANTEN,4,3,10,-9,148,119,34,-5
2020-04-10,BANTEN,21,1,4,16,169,123,35,11
2020-04-11,BANTEN,31,2,20,9,200,143,37,20
2020-04-12,BANTEN,2,1,7,-6,202,150,38,14
2020-04-13,BANTEN,4,2,9,-7,206,159,40,7
2020-04-14,BANTEN,6,2,3,1,212,162,42,8
2020-04-15,BANTEN,1,1,8,-8,213,170,43,0
2020-04-16,BANTEN,15,0,4,11,228,174,43,11
2020-04-17,BANTEN,9,1,8,0,237,182,44,11
2020-04-18,BANTEN,12,1,4,7,249,186,45,18
2020-04-19,BANTEN,3,0,4,-1,252,190,45,17
2020-04-20,BANTEN,30,0,8,22,282,198,45,39
2020-04-21,BANTEN,0,4,6,-10,282,204,49,29
2020-04-22,BANTEN,3,0,7,-4,285,211,49,25
2020-04-23,BANTEN,3,0,1,2,288,212,49,27
2020-04-24,BANTEN,23,0,2,21,311,214,49,48
2020-04-25,BANTEN,11,2,2,7,322,216,51,55
2020-04-26,BANTEN,0,4,1,-5,322,217,55,50
2020-04-27,BANTEN,12,1,5,6,334,222,56,56
2020-04-28,BANTEN,6,0,3,3,340,225,56,59
2020-04-29,BANTEN,0,0,11,-11,340,236,56,48
2020-04-30,BANTEN,16,0,9,7,356,245,56,55
2020-05-01,BANTEN,15,0,3,12,371,248,56,67
2020-05-02,BANTEN,9,1,9,-1,380,257,57,66
2020-05-03,BANTEN,5,0,1,4,385,258,57,70
2020-05-04,BANTEN,14,0,9,5,399,267,57,75
2020-05-05,BANTEN,12,2,19,-9,411,286,59,66
2020-05-06,BANTEN,29,0,4,25,440,290,59,91
2020-05-07,BANTEN,0,0,3,-3,440,293,59,88
2020-05-08,BANTEN,20,1,7,12,460,300,60,100
2020-05-09,BANTEN,22,1,5,16,482,305,61,116
2020-05-10,BANTEN,10,0,7,3,492,312,61,119
2020-05-11,BANTEN,8,0,5,3,500,317,61,122
2020-05-12,BANTEN,18,0,5,13,518,322,61,135
2020-05-13,BANTEN,20,0,6,14,538,328,61,149
2020-05-14,BANTEN,14,2,16,-4,552,344,63,145
2020-05-15,BANTEN,28,0,18,10,580,362,63,155
2020-05-16,BANTEN,0,0,9,-9,580,371,63,146
2020-05-17,BANTEN,24,0,9,15,604,380,63,161
2020-05-18,BANTEN,31,0,18,13,635,398,63,174
2020-05-19,BANTEN,21,0,15,6,656,413,63,180
2020-05-20,BANTEN,1,0,30,-29,657,443,63,151
2020-05-21,BANTEN,53,1,8,44,710,451,64,195
2020-05-22,BANTEN,15,1,7,7,725,458,65,202
2020-05-23,BANTEN,0,0,6,-6,725,464,65,196
2020-05-24,BANTEN,21,0,4,17,746,468,65,213
2020-05-25,BANTEN,0,0,6,-6,746,474,65,207
2020-05-26,BANTEN,18,0,10,8,764,484,65,215
2020-05-27,BANTEN,11,0,10,1,775,494,65,216
2020-05-28,BANTEN,14,3,19,-8,789,513,68,208
2020-05-29,BANTEN,13,0,12,1,802,525,68,209
2020-05-30,BANTEN,14,0,25,-11,816,550,68,198
2020-05-31,BANTEN,3,0,0,3,819,550,68,201
2020-06-01,BANTEN,7,1,11,-5,826,561,69,196
2020-06-02,BANTEN,14,0,21,-7,840,582,69,189
2020-06-03,BANTEN,71,0,25,46,911,607,69,235
2020-06-04,BANTEN,10,0,11,-1,921,618,69,234
2020-06-05,BANTEN,24,1,25,-2,945,643,70,232
2020-06-06,BANTEN,36,1,6,29,981,649,71,261
2020-06-07,BANTEN,10,1,2,7,991,651,72,268
2020-06-08,BANTEN,11,1,5,5,1002,656,73,273
2020-06-09,BANTEN,16,1,8,7,1018,664,74,280
2020-06-10,BANTEN,33,0,46,-13,1051,710,74,267
2020-06-11,BANTEN,25,0,25,0,1076,735,74,267
2020-06-12,BANTEN,35,0,12,23,1111,747,74,290
2020-06-13,BANTEN,74,1,2,71,1185,749,75,361
2020-06-14,BANTEN,9,0,8,1,1194,757,75,362
2020-06-15,BANTEN,4,0,25,-21,1198,782,75,341
2020-06-16,BANTEN,37,0,9,28,1235,791,75,369
2020-06-17,BANTEN,31,0,25,6,1266,816,75,375
2020-06-18,BANTEN,17,0,16,1,1283,832,75,376
2020-06-19,BANTEN,5,0,24,-19,1288,856,75,357
2020-06-20,BANTEN,16,0,14,2,1304,870,75,359
2020-06-21,BANTEN,9,0,6,3,1313,876,75,362
2020-06-22,BANTEN,8,1,21,-14,1321,897,76,348
2020-06-23,BANTEN,11,0,15,-4,1332,912,76,344
2020-06-24,BANTEN,20,1,36,-17,1352,948,77,327
2020-06-25,BANTEN,17,0,6,11,1369,954,77,338
2020-06-26,BANTEN,13,0,6,7,1382,960,77,345
2020-06-27,BANTEN,20,0,3,17,1402,963,77,362
2020-06-28,BANTEN,4,1,12,-9,1406,975,78,353
2020-06-29,BANTEN,3,0,6,-3,1409,981,78,350
2020-06-30,BANTEN,11,0,7,4,1420,988,78,354
2020-07-01,BANTEN,11,0,12,-1,1431,1000,78,353
2020-07-02,BANTEN,10,0,10,0,1441,1010,78,353
2020-07-03,BANTEN,21,0,21,0,1462,1031,78,353
2020-07-04,BANTEN,14,1,12,1,1476,1043,79,354
2020-07-05,BANTEN,7,1,6,0,1483,1049,80,354
2020-07-06,BANTEN,12,1,5,6,1495,1054,81,360
2020-07-07,BANTEN,6,0,10,-4,1501,1064,81,356
2020-07-08,BANTEN,16,0,15,1,1517,1079,81,357
2020-07-09,BANTEN,13,1,24,-12,1530,1103,82,345
2020-07-10,BANTEN,11,0,27,-16,1541,1130,82,329
2020-07-11,BANTEN,7,1,16,-10,1548,1146,83,319
2020-07-12,BANTEN,13,0,9,4,1561,1155,83,323
2020-07-13,BANTEN,11,3,4,4,1572,1159,86,327
2020-07-14,BANTEN,9,0,7,2,1581,1166,86,329
2020-07-15,BANTEN,4,0,7,-3,1585,1173,86,326
2020-07-16,BANTEN,17,0,13,4,1602,1186,86,330
2020-07-17,BANTEN,11,0,5,6,1613,1191,86,336
2020-07-18,BANTEN,8,1,11,-4,1621,1202,87,332
2020-07-19,BANTEN,17,3,4,10,1638,1206,90,342
2020-07-20,BANTEN,8,0,23,-15,1646,1229,90,327
2020-07-21,BANTEN,8,0,21,-13,1654,1250,90,314
2020-07-22,BANTEN,3,0,15,-12,1657,1265,90,302
2020-07-23,BANTEN,10,1,4,5,1667,1269,91,307
2020-07-24,BANTEN,12,0,10,2,1679,1279,91,309
2020-07-25,BANTEN,5,1,12,-8,1684,1291,92,301
2020-07-26,BANTEN,14,0,3,11,1698,1294,92,312
2020-07-27,BANTEN,10,0,23,-13,1708,1317,92,299
2020-07-28,BANTEN,9,1,15,-7,1717,1332,93,292
2020-07-29,BANTEN,15,1,28,-14,1732,1360,94,278
2020-07-30,BANTEN,29,3,17,9,1761,1377,97,287
2020-07-31,BANTEN,34,1,11,22,1795,1388,98,309
2020-08-01,BANTEN,23,0,39,-16,1818,1427,98,293
2020-08-02,BANTEN,12,1,10,1,1830,1437,99,294
2020-08-03,BANTEN,21,0,15,6,1851,1452,99,300
2020-08-04,BANTEN,33,0,14,19,1884,1466,99,319
2020-08-05,BANTEN,23,0,13,10,1907,1479,99,329
2020-08-06,BANTEN,32,2,13,17,1939,1492,101,346
2020-08-07,BANTEN,34,0,15,19,1973,1507,101,365
2020-08-08,BANTEN,22,0,23,-1,1995,1530,101,364
2020-08-09,BANTEN,24,0,9,15,2019,1539,101,379
2020-08-10,BANTEN,23,1,37,-15,2042,1576,102,364
2020-08-11,BANTEN,19,2,18,-1,2061,1594,104,363
2020-08-12,BANTEN,48,1,16,31,2109,1610,105,394
2020-08-13,BANTEN,37,2,16,19,2146,1626,107,413
2020-08-14,BANTEN,21,2,9,10,2167,1635,109,423
2020-08-15,BANTEN,33,1,35,-3,2200,1670,110,420
2020-08-16,BANTEN,43,1,18,24,2243,1688,111,444
2020-08-17,BANTEN,17,0,6,11,2260,1694,111,455
2020-08-18,BANTEN,64,0,29,35,2324,1723,111,490
2020-08-19,BANTEN,47,1,13,33,2371,1736,112,523
2020-08-20,BANTEN,23,2,35,-14,2394,1771,114,509
2020-08-21,BANTEN,36,1,42,-7,2430,1813,115,502
2020-08-22,BANTEN,42,2,21,19,2472,1834,117,521
2020-08-23,BANTEN,32,2,46,-16,2504,1880,119,505
2020-08-24,BANTEN,60,3,27,30,2564,1907,122,535
2020-08-25,BANTEN,33,0,52,-19,2597,1959,122,516
2020-08-26,BANTEN,29,0,28,1,2626,1987,122,517
2020-08-27,BANTEN,59,1,124,-66,2685,2111,123,451
2020-08-28,BANTEN,42,3,73,-34,2727,2184,126,417
2020-08-29,BANTEN,61,2,20,39,2788,2204,128,456
2020-08-30,BANTEN,45,0,20,25,2833,2224,128,481
2020-08-31,BANTEN,31,2,44,-15,2864,2268,130,466
2020-09-01,BANTEN,29,1,57,-29,2893,2325,131,437
2020-09-02,BANTEN,70,0,30,40,2963,2355,131,477
2020-09-03,BANTEN,33,3,100,-70,2996,2455,134,407
2020-09-04,BANTEN,23,0,49,-26,3019,2504,134,381
2020-09-05,BANTEN,49,1,39,9,3068,2543,135,390
2020-09-06,BANTEN,85,2,51,32,3153,2594,137,422
2020-09-07,BANTEN,75,1,51,23,3228,2645,138,445
2020-09-08,BANTEN,57,2,48,7,3285,2693,140,452
2020-09-09,BANTEN,37,5,53,-21,3322,2746,145,431
2020-09-10,BANTEN,42,5,66,-29,3364,2812,150,402
2020-09-11,BANTEN,48,4,84,-40,3412,2896,154,362
2020-09-12,BANTEN,23,3,43,-23,3435,2939,157,339
2020-09-13,BANTEN,50,0,25,25,3485,2964,157,364
2020-09-14,BANTEN,57,1,69,-13,3542,3033,158,351
2020-09-15,BANTEN,63,2,46,15,3605,3079,160,366
2020-09-16,BANTEN,138,2,72,64,3743,3151,162,430
2020-09-17,BANTEN,121,3,39,79,3864,3190,165,509
2020-09-18,BANTEN,141,0,66,75,4005,3256,165,584
2020-09-19,BANTEN,128,0,76,52,4133,3332,165,636
2020-09-20,BANTEN,179,0,146,33,4312,3478,165,669
2020-09-21,BANTEN,122,2,268,-148,4434,3746,167,521
2020-09-22,BANTEN,131,4,64,63,4565,3810,171,584
2020-09-23,BANTEN,217,2,149,66,4782,3959,173,650
2020-09-24,BANTEN,130,4,53,73,4912,4012,177,723
2020-09-25,BANTEN,109,2,177,-70,5021,4189,179,653
2020-09-26,BANTEN,135,0,198,-63,5156,4387,179,590
2020-09-27,BANTEN,106,1,73,32,5262,4460,180,622
2020-09-28,BANTEN,129,2,125,2,5391,4585,182,624
2020-09-29,BANTEN,85,8,259,-182,5476,4844,190,442
2020-09-30,BANTEN,144,1,125,18,5620,4969,191,460
2020-10-01,BANTEN,102,5,129,-32,5722,5098,196,428
2020-10-02,BANTEN,82,0,190,-108,5804,5288,196,320
2020-10-03,BANTEN,134,5,107,22,5938,5395,201,342
2020-10-04,BANTEN,168,2,102,64,6106,5497,203,406
2020-10-05,BANTEN,137,2,165,-30,6243,5662,205,376
2020-10-06,BANTEN,98,3,134,-39,6341,5796,208,337
2020-10-07,BANTEN,81,3,63,15,6422,5859,211,352
2020-10-08,BANTEN,122,1,108,13,6544,5967,212,365
2020-10-09,BANTEN,141,1,101,39,6685,6068,213,404
2020-10-10,BANTEN,170,4,110,56,6855,6178,217,460
2020-10-11,BANTEN,106,1,81,24,6961,6259,218,484
2020-10-12,BANTEN,81,4,134,-57,7042,6393,222,427
2020-10-13,BANTEN,79,3,80,-4,7121,6473,225,423
2020-10-14,BANTEN,94,2,72,20,7215,6545,227,443
2020-10-15,BANTEN,111,3,99,9,7326,6644,230,452
2020-10-16,BANTEN,114,2,75,37,7440,6719,232,489
2020-10-17,BANTEN,127,2,60,65,7567,6779,234,554
2020-10-18,BANTEN,130,3,62,65,7697,6841,237,619
2020-10-19,BANTEN,122,4,118,0,7819,6959,241,619
2020-10-20,BANTEN,89,1,166,-78,7908,7125,242,541
2020-10-21,BANTEN,171,5,54,112,8079,7179,247,653
2020-10-22,BANTEN,220,2,124,94,8299,7303,249,747
2020-10-23,BANTEN,145,3,74,68,8444,7377,252,815
2020-10-24,BANTEN,102,3,123,-24,8546,7500,255,791
2020-10-25,BANTEN,226,4,126,96,8772,7626,259,887
2020-10-26,BANTEN,120,0,86,34,8892,7712,259,921
2020-10-27,BANTEN,124,5,94,25,9016,7806,264,946
2020-10-28,BANTEN,170,4,100,66,9186,7906,268,1012
2020-10-29,BANTEN,91,4,146,-59,9277,8052,272,953
2020-10-30,BANTEN,107,3,114,-10,9384,8166,275,943
2020-10-31,BANTEN,85,1,76,8,9469,8242,276,951
2020-11-01,BANTEN,90,2,59,29,9559,8301,278,980
2020-11-02,BANTEN,74,1,69,4,9633,8370,279,984
2020-11-03,BANTEN,71,3,109,-41,9704,8479,282,943
2020-11-04,BANTEN,90,2,66,22,9794,8545,284,965
2020-11-05,BANTEN,51,0,80,-29,9845,8625,284,936
2020-11-06,BANTEN,105,2,84,19,9950,8709,286,955
2020-11-07,BANTEN,125,8,80,37,10075,8789,294,992
2020-11-08,BANTEN,58,2,37,19,10133,8826,296,1011
2020-11-09,BANTEN,121,1,78,42,10254,8904,297,1053
2020-11-10,BANTEN,55,2,83,-30,10309,8987,299,1023
2020-11-11,BANTEN,124,3,55,66,10433,9042,302,1089
2020-11-12,BANTEN,100,3,75,22,10533,9117,305,1111
2020-11-13,BANTEN,111,1,41,69,10644,9158,306,1180
2020-11-14,BANTEN,167,3,67,97,10811,9225,309,1277
2020-11-15,BANTEN,159,3,71,85,10970,9296,312,1362
2020-11-16,BANTEN,0,3,93,-96,10970,9389,315,1266
2020-11-17,BANTEN,0,6,104,-110,10970,9493,321,1156
2020-11-18,BANTEN,54,4,106,-56,11024,9599,325,1100
2020-11-19,BANTEN,159,4,148,7,11183,9747,329,1107
2020-11-20,BANTEN,128,2,100,26,11311,9847,331,1133
2020-11-21,BANTEN,182,10,130,42,11493,9977,341,1175
2020-11-22,BANTEN,122,1,85,36,11615,10062,342,1211
2020-11-23,BANTEN,171,2,124,45,11786,10186,344,1256
2020-11-24,BANTEN,144,5,110,29,11930,10296,349,1285
2020-11-25,BANTEN,128,5,104,19,12058,10400,354,1304
2020-11-26,BANTEN,145,4,107,34,12203,10507,358,1338
2020-11-27,BANTEN,191,6,113,72,12394,10620,364,1410
2020-11-28,BANTEN,234,2,89,143,12628,10709,366,1553
2020-11-29,BANTEN,151,5,145,1,12779,10854,371,1554
2020-11-30,BANTEN,262,4,122,136,13041,10976,375,1690
2020-12-01,BANTEN,154,2,120,32,13195,11096,377,1722
2020-12-02,BANTEN,121,4,109,8,13316,11205,381,1730
2020-12-03,BANTEN,131,3,125,3,13447,11330,384,1733
2020-12-04,BANTEN,131,5,91,35,13578,11421,389,1768
2020-12-05,BANTEN,143,6,140,-3,13721,11561,395,1765
2020-12-06,BANTEN,134,3,158,-27,13855,11719,398,1738
2020-12-07,BANTEN,133,7,169,-43,13988,11888,405,1695
2020-12-08,BANTEN,98,5,154,-61,14086,12042,410,1634
2020-12-09,BANTEN,166,4,159,3,14252,12201,414,1637
2020-12-10,BANTEN,169,5,177,-13,14421,12378,419,1624
2020-12-11,BANTEN,192,5,142,45,14613,12520,424,1669
2020-12-12,BANTEN,204,4,168,32,14817,12688,428,1701
2020-12-13,BANTEN,136,3,109,24,14953,12797,431,1725
2020-12-14,BANTEN,138,4,146,-12,15091,12943,435,1713
2020-12-15,BANTEN,166,6,151,9,15257,13094,441,1722
2020-12-16,BANTEN,176,5,131,40,15433,13225,446,1762
2020-12-17,BANTEN,181,4,142,35,15614,13367,450,1797
2020-12-18,BANTEN,156,8,123,25,15770,13490,458,1822
2020-12-19,BANTEN,181,7,171,3,15951,13661,465,1825
2020-12-20,BANTEN,194,3,164,27,16145,13825,468,1852
2020-12-21,BANTEN,190,4,148,38,16335,13973,472,1890
2020-12-22,BANTEN,239,5,145,89,16574,14118,477,1979
2020-12-23,BANTEN,186,6,133,47,16760,14251,483,2026
2020-12-24,BANTEN,154,4,150,0,16914,14401,487,2026
2020-12-25,BANTEN,166,5,213,-52,17080,14614,492,1974
2020-12-26,BANTEN,241,6,165,70,17321,14779,498,2044
2020-12-27,BANTEN,150,4,155,-9,17471,14934,502,2035
2020-12-28,BANTEN,120,3,203,-86,17591,15137,505,1949
2020-12-29,BANTEN,121,7,123,-9,17712,15260,512,1940
2020-12-30,BANTEN,172,6,154,12,17884,15414,518,1952
2020-12-31,BANTEN,270,2,169,99,18154,15583,520,2051
2021-01-01,BANTEN,287,12,188,87,18441,15771,532,2138
2021-01-02,BANTEN,246,9,342,-105,18687,16113,541,2033
2021-01-03,BANTEN,136,2,127,7,18823,16240,543,2040
2021-01-04,BANTEN,158,4,250,-96,18981,16490,547,1944
2021-01-05,BANTEN,164,8,203,-47,19145,16693,555,1897
2021-01-06,BANTEN,189,5,131,53,19334,16824,560,1950
2021-01-07,BANTEN,364,7,211,146,19698,17035,567,2096
2021-01-08,BANTEN,253,6,213,34,19951,17248,573,2130
2021-01-09,BANTEN,275,7,166,102,20226,17414,580,2232
2021-01-10,BANTEN,272,7,209,56,20498,17623,587,2288
2021-01-11,BANTEN,177,5,196,-24,20675,17819,592,2264
2021-01-12,BANTEN,174,19,605,-450,20849,18424,611,1814
2021-01-13,BANTEN,185,7,250,-72,21034,18674,618,1742
2021-01-14,BANTEN,240,6,211,23,21274,18885,624,1765
2021-01-15,BANTEN,282,10,275,-3,21556,19160,634,1762
2021-01-16,BANTEN,257,5,176,76,21813,19336,639,1838
2021-01-17,BANTEN,283,7,224,52,22096,19560,646,1890
2021-01-18,BANTEN,245,3,422,-180,22341,19982,649,1710
2021-01-19,BANTEN,183,0,277,-94,22524,20259,649,1616
2021-01-20,BANTEN,286,8,229,49,22810,20488,657,1665
2021-01-21,BANTEN,237,3,165,69,23047,20653,660,1734
2021-01-22,BANTEN,321,3,234,84,23368,20887,663,1818
2021-01-23,BANTEN,357,10,206,141,23725,21093,673,1959
2021-01-24,BANTEN,410,3,175,232,24135,21268,676,2191
2021-01-25,BANTEN,289,4,165,120,24424,21433,680,2311
2021-01-26,BANTEN,525,7,309,209,24949,21742,687,2520
2021-01-27,BANTEN,302,6,146,150,25251,21888,693,2670
2021-01-28,BANTEN,44,8,618,-582,25295,22506,701,2088
2021-01-29,BANTEN,326,3,269,54,25621,22775,704,2142
2021-01-30,BANTEN,300,3,136,161,25921,22911,707,2303
2021-01-31,BANTEN,273,4,210,59,26194,23121,711,2362
2021-02-01,BANTEN,34,5,158,-129,26228,23279,716,2233
2021-02-02,BANTEN,37,18,542,-523,26265,23821,734,1710
2021-02-03,BANTEN,129,4,290,-165,26394,24111,738,1545
2021-02-04,BANTEN,26,5,196,-175,26420,24307,743,1370
2021-02-05,BANTEN,67,7,160,-100,26487,24467,750,1270
2021-02-06,BANTEN,47,5,245,-203,26534,24712,755,1067
2021-02-07,BANTEN,91,4,172,-85,26625,24884,759,982
2021-02-08,BANTEN,42,13,612,-583,26667,25496,772,399
2021-02-09,BANTEN,65,2,280,-217,26732,25776,774,182
2021-02-10,BANTEN,31,4,195,-168,26763,25971,778,14
2021-02-11,BANTEN,40,4,190,-154,26803,26161,782,-140
2021-02-12,BANTEN,147,1,134,12,26950,26295,783,-128
2021-02-13,BANTEN,114,9,382,-277,27064,26677,792,-405
2021-02-14,BANTEN,74,7,179,-112,27138,26856,799,-517
2021-02-15,BANTEN,179,5,258,-84,27317,27114,804,-601
2021-02-16,BANTEN,351,11,245,95,27668,27359,815,-506
2021-02-17,BANTEN,335,4,223,108,28003,27582,819,-398
2021-02-18,BANTEN,86,9,325,-248,28089,27907,828,-646
2021-02-19,BANTEN,73,2,334,-263,28162,28241,830,-909
2021-02-20,BANTEN,73,7,129,-63,28235,28370,837,-972
2021-02-21,BANTEN,249,6,107,136,28484,28477,843,-836
2021-02-22,BANTEN,114,3,246,-135,28598,28723,846,-971
2021-02-23,BANTEN,251,6,317,-72,28849,29040,852,-1043
2021-02-24,BANTEN,41,7,185,-151,28890,29225,859,-1194
2021-02-25,BANTEN,263,4,214,45,29153,29439,863,-1149
2021-02-26,BANTEN,236,3,281,-48,29389,29720,866,-1197
2021-02-27,BANTEN,37,7,178,-148,29426,29898,873,-1345
2021-02-28,BANTEN,46,4,220,-178,29472,30118,877,-1523
2021-03-01,BANTEN,21,3,194,-176,29493,30312,880,-1699
2021-03-02,BANTEN,97,2,193,-98,29590,30505,882,-1797
2021-03-03,BANTEN,73,5,245,-177,29663,30750,887,-1974
2021-03-04,BANTEN,11,5,260,-254,29674,31010,892,-2228
2021-03-05,BANTEN,515,7,184,324,30189,31194,899,-1904
2021-03-06,BANTEN,13,2,97,-86,30202,31291,901,-1990
2021-03-07,BANTEN,12,3,156,-147,30214,31447,904,-2137
2021-03-08,BANTEN,591,4,185,402,30805,31632,908,-1735
2021-03-09,BANTEN,100,3,256,-159,30905,31888,911,-1894
2021-03-10,BANTEN,138,1,159,-22,31043,32047,912,-1916
2021-03-11,BANTEN,49,1,184,-136,31092,32231,913,-2052
2021-03-12,BANTEN,484,6,83,395,31576,32314,919,-1657
2021-03-13,BANTEN,248,0,85,163,31824,32399,919,-1494
2021-03-14,BANTEN,315,2,67,246,32139,32466,921,-1248
2021-03-15,BANTEN,290,2,125,163,32429,32591,923,-1085
2021-03-16,BANTEN,247,2,132,113,32676,32723,925,-972
2021-03-17,BANTEN,861,3,249,609,33537,32972,928,-363
2021-03-18,BANTEN,293,4,80,209,33830,33052,932,-154
2021-03-19,BANTEN,325,5,80,240,34155,33132,937,86
2021-03-20,BANTEN,233,2,64,167,34388,33196,939,253
2021-03-21,BANTEN,211,0,47,164,34599,33243,939,417
2021-03-22,BANTEN,440,0,46,394,35039,33289,939,811
2021-03-23,BANTEN,298,2,76,220,35337,33365,941,1031
2021-03-24,BANTEN,259,1,165,93,35596,33530,942,1124
2021-03-25,BANTEN,91,0,47,44,35687,33577,942,1168
2021-03-26,BANTEN,176,2,51,123,35863,33628,944,1291
2021-03-27,BANTEN,220,0,71,149,36083,33699,944,1440
2021-03-28,BANTEN,79,0,29,50,36162,33728,944,1490
2021-03-29,BANTEN,328,1,90,237,36490,33818,945,1727
2021-03-30,BANTEN,319,1,90,228,36809,33908,946,1955
2021-03-31,BANTEN,950,5,701,244,37759,34609,951,2199
2021-04-01,BANTEN,905,12,751,142,38664,35360,963,2341
2021-04-02,BANTEN,850,8,364,478,39514,35724,971,2819
2021-04-03,BANTEN,910,11,154,745,40424,35878,982,3564
2021-04-04,BANTEN,3501,177,5599,-2275,43925,41477,1159,1289
2021-04-05,BANTEN,259,0,87,172,44184,41564,1159,1461
2021-04-06,BANTEN,187,0,11,176,44371,41575,1159,1637
2021-04-07,BANTEN,163,1,128,34,44534,41703,1160,1671
2021-04-08,BANTEN,121,1,38,82,44655,41741,1161,1753
2021-04-09,BANTEN,143,4,61,78,44798,41802,1165,1831
2021-04-10,BANTEN,99,2,25,72,44897,41827,1167,1903
2021-04-11,BANTEN,105,1,65,39,45002,41892,1168,1942
2021-04-12,BANTEN,331,2,205,124,45333,42097,1170,2066
2021-04-13,BANTEN,183,1,152,30,45516,42249,1171,2096
2021-04-14,BANTEN,86,1,102,-17,45602,42351,1172,2079
2021-04-15,BANTEN,81,1,95,-15,45683,42446,1173,2064
2021-04-16,BANTEN,152,3,54,95,45835,42500,1176,2159
2021-04-17,BANTEN,102,9,77,16,45937,42577,1185,2175
2021-04-18,BANTEN,50,0,249,-199,45987,42826,1185,1976
2021-04-19,BANTEN,75,1,36,38,46062,42862,1186,2014
2021-04-20,BANTEN,109,1,39,69,46171,42901,1187,2083
2021-04-21,BANTEN,70,2,167,-99,46241,43068,1189,1984
2021-04-22,BANTEN,102,1,93,8,46343,43161,1190,1992
2021-04-23,BANTEN,173,2,98,73,46516,43259,1192,2065
2021-04-24,BANTEN,58,0,122,-64,46574,43381,1192,2001
2021-04-25,BANTEN,80,2,136,-58,46654,43517,1194,1943
2021-04-26,BANTEN,220,1,170,49,46874,43687,1195,1992
2021-04-27,BANTEN,227,0,198,29,47101,43885,1195,2021
2021-04-28,BANTEN,60,0,54,6,47161,43939,1195,2027
2021-04-29,BANTEN,110,0,130,-20,47271,44069,1195,2007
2021-04-30,BANTEN,72,10,32,30,47343,44101,1205,2037
2021-05-01,BANTEN,53,0,28,25,47396,44129,1205,2062
2021-05-02,BANTEN,55,2,68,-15,47451,44197,1207,2047
2021-05-03,BANTEN,126,0,44,82,47577,44241,1207,2129
2021-05-04,BANTEN,112,4,163,-55,47689,44404,1211,2074
2021-05-05,BANTEN,73,3,193,-123,47762,44597,1214,1951
2021-05-06,BANTEN,65,1,37,27,47827,44634,1215,1978
2021-05-07,BANTEN,68,0,50,18,47895,44684,1215,1996
2021-05-08,BANTEN,81,4,32,45,47976,44716,1219,2041
2021-05-09,BANTEN,61,0,174,-113,48037,44890,1219,1928
2021-05-10,BANTEN,92,4,71,17,48129,44961,1223,1945
2021-05-11,BANTEN,82,1,45,36,48211,45006,1224,1981
2021-05-12,BANTEN,56,0,24,32,48267,45030,1224,2013
2021-05-13,BANTEN,34,0,1,33,48301,45031,1224,2046
2021-05-14,BANTEN,39,0,15,24,48340,45046,1224,2070
2021-05-15,BANTEN,22,0,99,-77,48362,45145,1224,1993
2021-05-16,BANTEN,66,2,42,22,48428,45187,1226,2015
2021-05-17,BANTEN,53,2,320,-269,48481,45507,1228,1746
2021-05-18,BANTEN,29,2,0,27,48510,45507,1230,1773
2021-05-19,BANTEN,53,1,64,-12,48563,45571,1231,1761
2021-05-20,BANTEN,87,1,344,-258,48650,45915,1232,1503
2021-05-21,BANTEN,62,2,84,-24,48712,45999,1234,1479
2021-05-22,BANTEN,66,4,100,-38,48778,46099,1238,1441
2021-05-23,BANTEN,36,2,52,-18,48814,46151,1240,1423
2021-05-24,BANTEN,49,1,51,-3,48863,46202,1241,1420
2021-05-25,BANTEN,89,2,9,78,48952,46211,1243,1498
2021-05-26,BANTEN,44,0,23,21,48996,46234,1243,1519
2021-05-27,BANTEN,156,2,45,109,49152,46279,1245,1628
2021-05-28,BANTEN,53,2,62,-11,49205,46341,1247,1617
2021-05-29,BANTEN,72,3,71,-2,49277,46412,1250,1615
2021-05-30,BANTEN,46,0,60,-14,49323,46472,1250,1601
2021-05-31,BANTEN,153,2,279,-128,49476,46751,1252,1473
2021-06-01,BANTEN,119,1,30,88,49595,46781,1253,1561
2021-06-02,BANTEN,69,0,55,14,49664,46836,1253,1575
2021-06-03,BANTEN,100,3,87,10,49764,46923,1256,1585
2021-06-04,BANTEN,142,3,23,116,49906,46946,1259,1701
2021-06-05,BANTEN,89,2,33,54,49995,46979,1261,1755
2021-06-06,BANTEN,47,0,32,15,50042,47011,1261,1770
2021-06-07,BANTEN,100,0,42,58,50142,47053,1261,1828
2021-06-08,BANTEN,142,4,86,52,50284,47139,1265,1880
2021-06-09,BANTEN,103,1,25,77,50387,47164,1266,1957
2021-06-10,BANTEN,188,4,50,134,50575,47214,1270,2091
2021-06-11,BANTEN,214,2,162,50,50789,47376,1272,2141
2021-06-12,BANTEN,214,3,84,127,51003,47460,1275,2268
2021-06-13,BANTEN,198,4,50,144,51201,47510,1279,2412
2021-06-14,BANTEN,255,3,53,199,51456,47563,1282,2611
2021-06-15,BANTEN,141,1,54,86,51597,47617,1283,2697
2021-06-16,BANTEN,157,3,38,116,51754,47655,1286,2813
2021-06-17,BANTEN,168,6,31,131,51922,47686,1292,2944
2021-06-18,BANTEN,249,1,166,82,52171,47852,1293,3026
2021-06-19,BANTEN,278,7,105,166,52449,47957,1300,3192
2021-06-20,BANTEN,228,4,151,73,52677,48108,1304,3265
2021-06-21,BANTEN,333,7,87,239,53010,48195,1311,3504
2021-06-22,BANTEN,462,4,233,225,53472,48428,1315,3729
2021-06-23,BANTEN,275,9,220,46,53747,48648,1324,3775
2021-06-24,BANTEN,599,5,197,397,54346,48845,1329,4172
2021-06-25,BANTEN,313,5,30,278,54659,48875,1334,4450
2021-06-26,BANTEN,266,4,19,243,54925,48894,1338,4693
2021-06-27,BANTEN,698,19,289,390,55623,49183,1357,5083
2021-06-28,BANTEN,494,7,195,292,56117,49378,1364,5375
2021-06-29,BANTEN,521,9,201,311,56638,49579,1373,5686
2021-06-30,BANTEN,486,17,74,395,57124,49653,1390,6081
2021-07-01,BANTEN,300,2,19,279,57424,49672,1392,6360
2021-07-02,BANTEN,302,5,20,277,57726,49692,1397,6637
2021-07-03,BANTEN,715,7,21,687,58441,49713,1404,7324
2021-07-04,BANTEN,621,17,25,579,59062,49738,1421,7903
2021-07-05,BANTEN,541,3,25,513,59603,49763,1424,8416
2021-07-06,BANTEN,457,6,268,183,60060,50031,1430,8599
2021-07-07,BANTEN,612,13,168,431,60672,50199,1443,9030
2021-07-08,BANTEN,503,5,143,355,61175,50342,1448,9385
2021-07-09,BANTEN,514,4,49,461,61689,50391,1452,9846
2021-07-10,BANTEN,569,8,464,97,62258,50855,1460,9943
2021-07-11,BANTEN,679,9,305,365,62937,51160,1469,10308
2021-07-12,BANTEN,2637,8,322,2307,65574,51482,1477,12615
2021-07-13,BANTEN,4016,2,985,3029,69590,52467,1479,15644
2021-07-14,BANTEN,3886,21,378,3487,73476,52845,1500,19131
2021-07-15,BANTEN,3994,10,884,3100,77470,53729,1510,22231
2021-07-16,BANTEN,3680,19,801,2860,81150,54530,1529,25091
2021-07-17,BANTEN,3424,12,468,2944,84574,54998,1541,28035
2021-07-18,BANTEN,3138,9,310,2819,87712,55308,1550,30854
2021-07-19,BANTEN,2165,5,399,1761,89877,55707,1555,32615
2021-07-20,BANTEN,2865,10,480,2375,92742,56187,1565,34990
2021-07-21,BANTEN,1903,29,1316,558,94645,57503,1594,35548
2021-07-22,BANTEN,3333,20,775,2538,97978,58278,1614,38086
2021-07-23,BANTEN,2626,25,420,2181,100604,58698,1639,40267
2021-07-24,BANTEN,2328,15,458,1855,102932,59156,1654,42122
2021-07-25,BANTEN,1619,15,503,1101,104551,59659,1669,43223
2021-07-26,BANTEN,883,10,788,85,105434,60447,1679,43308
2021-07-27,BANTEN,1610,35,915,660,107044,61362,1714,43968
2021-07-28,BANTEN,1642,40,1645,-43,108686,63007,1754,43925
2021-07-29,BANTEN,1464,28,3958,-2522,110150,66965,1782,41403
2021-07-30,BANTEN,1209,56,2401,-1248,111359,69366,1838,40155
2021-07-31,BANTEN,1366,81,3992,-2707,112725,73358,1919,37448
2021-08-01,BANTEN,1325,72,8040,-6787,114050,81398,1991,30661
2021-08-02,BANTEN,1061,90,3261,-2290,115111,84659,2081,28371
2021-08-03,BANTEN,1368,85,1311,-28,116479,85970,2166,28343
2021-08-04,BANTEN,976,80,2416,-1520,117455,88386,2246,26823
2021-08-05,BANTEN,964,17,771,176,118419,89157,2263,26999
2021-08-06,BANTEN,1003,16,6899,-5912,119422,96056,2279,21087
2021-08-07,BANTEN,810,14,2621,-1825,120232,98677,2293,19262
2021-08-08,BANTEN,450,25,2072,-1647,120682,100749,2318,17615
2021-08-09,BANTEN,337,31,2487,-2181,121019,103236,2349,15434
2021-08-10,BANTEN,842,15,1510,-683,121861,104746,2364,14751
2021-08-11,BANTEN,675,29,1245,-599,122536,105991,2393,14152
2021-08-12,BANTEN,395,24,351,20,122931,106342,2417,14172
2021-08-13,BANTEN,713,17,3824,-3128,123644,110166,2434,11044
2021-08-14,BANTEN,605,17,1053,-465,124249,111219,2451,10579
2021-08-15,BANTEN,406,25,1419,-1038,124655,112638,2476,9541
2021-08-16,BANTEN,208,20,1399,-1211,124863,114037,2496,8330
2021-08-17,BANTEN,402,13,1321,-932,125265,115358,2509,7398
2021-08-18,BANTEN,210,15,631,-436,125475,115989,2524,6962
2021-08-19,BANTEN,0,11,171,-182,125475,116160,2535,6780
2021-08-20,BANTEN,1,1,0,0,125476,116160,2536,6780
2020-03-31,NUSA TENGGARA BARAT,2,0,0,2,2,0,0,2
2020-04-01,NUSA TENGGARA BARAT,2,0,0,2,4,0,0,4
2020-04-02,NUSA TENGGARA BARAT,0,0,0,0,4,0,0,4
2020-04-03,NUSA TENGGARA BARAT,0,0,0,0,4,0,0,4
2020-04-04,NUSA TENGGARA BARAT,0,0,0,0,4,0,0,4
2020-04-05,NUSA TENGGARA BARAT,0,0,0,0,4,0,0,4
2020-04-06,NUSA TENGGARA BARAT,3,0,0,3,7,0,0,7
2020-04-07,NUSA TENGGARA BARAT,0,0,0,0,7,0,0,7
2020-04-08,NUSA TENGGARA BARAT,0,0,0,0,7,0,0,7
2020-04-09,NUSA TENGGARA BARAT,6,0,2,4,13,2,0,11
2020-04-10,NUSA TENGGARA BARAT,9,0,0,9,22,2,0,20
2020-04-11,NUSA TENGGARA BARAT,2,2,0,0,24,2,2,20
2020-04-12,NUSA TENGGARA BARAT,9,0,0,9,33,2,2,29
2020-04-13,NUSA TENGGARA BARAT,3,0,0,3,36,2,2,32
2020-04-14,NUSA TENGGARA BARAT,0,0,0,0,36,2,2,32
2020-04-15,NUSA TENGGARA BARAT,0,0,0,0,36,2,2,32
2020-04-16,NUSA TENGGARA BARAT,8,0,0,8,44,2,2,40
2020-04-17,NUSA TENGGARA BARAT,6,0,0,6,50,2,2,46
2020-04-18,NUSA TENGGARA BARAT,4,0,0,4,54,2,2,50
2020-04-19,NUSA TENGGARA BARAT,6,1,9,-4,60,11,3,46
2020-04-20,NUSA TENGGARA BARAT,11,1,0,10,71,11,4,56
2020-04-21,NUSA TENGGARA BARAT,21,0,0,21,92,11,4,77
2020-04-22,NUSA TENGGARA BARAT,15,0,0,15,107,11,4,92
2020-04-23,NUSA TENGGARA BARAT,7,0,2,5,114,13,4,97
2020-04-24,NUSA TENGGARA BARAT,38,0,2,36,152,15,4,133
2020-04-25,NUSA TENGGARA BARAT,28,0,5,23,180,20,4,156
2020-04-26,NUSA TENGGARA BARAT,15,0,0,15,195,20,4,171
2020-04-27,NUSA TENGGARA BARAT,11,0,2,9,206,22,4,180
2020-04-28,NUSA TENGGARA BARAT,15,0,2,13,221,24,4,193
2020-04-29,NUSA TENGGARA BARAT,9,0,7,2,230,31,4,195
2020-04-30,NUSA TENGGARA BARAT,0,0,0,0,230,31,4,195
2020-05-01,NUSA TENGGARA BARAT,3,0,0,3,233,31,4,198
2020-05-02,NUSA TENGGARA BARAT,17,0,1,16,250,32,4,214
2020-05-03,NUSA TENGGARA BARAT,18,0,4,14,268,36,4,228
2020-05-04,NUSA TENGGARA BARAT,0,0,0,0,268,36,4,228
2020-05-05,NUSA TENGGARA BARAT,16,0,10,6,284,46,4,234
2020-05-06,NUSA TENGGARA BARAT,5,1,7,-3,289,53,5,231
2020-05-07,NUSA TENGGARA BARAT,11,0,4,7,300,57,5,238
2020-05-08,NUSA TENGGARA BARAT,12,0,22,-10,312,79,5,228
2020-05-09,NUSA TENGGARA BARAT,18,1,7,10,330,86,6,238
2020-05-10,NUSA TENGGARA BARAT,0,0,5,-5,330,91,6,233
2020-05-11,NUSA TENGGARA BARAT,1,0,13,-12,331,104,6,221
2020-05-12,NUSA TENGGARA BARAT,8,0,0,8,339,104,6,229
2020-05-13,NUSA TENGGARA BARAT,5,1,9,-5,344,113,7,224
2020-05-14,NUSA TENGGARA BARAT,6,0,24,-18,350,137,7,206
2020-05-15,NUSA TENGGARA BARAT,8,0,50,-42,358,187,7,164
2020-05-16,NUSA TENGGARA BARAT,7,0,0,7,365,187,7,171
2020-05-17,NUSA TENGGARA BARAT,6,0,12,-6,371,199,7,165
2020-05-18,NUSA TENGGARA BARAT,4,0,13,-9,375,212,7,156
2020-05-19,NUSA TENGGARA BARAT,0,0,0,0,375,212,7,156
2020-05-20,NUSA TENGGARA BARAT,18,0,0,18,393,212,7,174
2020-05-21,NUSA TENGGARA BARAT,17,0,4,13,410,216,7,187
2020-05-22,NUSA TENGGARA BARAT,54,0,3,51,464,219,7,238
2020-05-23,NUSA TENGGARA BARAT,10,1,7,2,474,226,8,240
2020-05-24,NUSA TENGGARA BARAT,4,0,0,4,478,226,8,244
2020-05-25,NUSA TENGGARA BARAT,0,0,31,-31,478,257,8,213
2020-05-26,NUSA TENGGARA BARAT,10,0,0,10,488,257,8,223
2020-05-27,NUSA TENGGARA BARAT,49,1,14,34,537,271,9,257
2020-05-28,NUSA TENGGARA BARAT,25,1,1,23,562,272,10,280
2020-05-29,NUSA TENGGARA BARAT,28,0,3,25,590,275,10,305
2020-05-30,NUSA TENGGARA BARAT,4,0,3,1,594,278,10,306
2020-05-31,NUSA TENGGARA BARAT,42,0,12,30,636,290,10,336
2020-06-01,NUSA TENGGARA BARAT,16,0,1,15,652,291,10,351
2020-06-02,NUSA TENGGARA BARAT,18,2,0,16,670,291,12,367
2020-06-03,NUSA TENGGARA BARAT,15,1,5,9,685,296,13,376
2020-06-04,NUSA TENGGARA BARAT,20,4,2,14,705,298,17,390
2020-06-05,NUSA TENGGARA BARAT,52,3,0,49,757,298,20,439
2020-06-06,NUSA TENGGARA BARAT,41,1,12,28,798,310,21,467
2020-06-07,NUSA TENGGARA BARAT,10,0,14,-4,808,324,21,463
2020-06-08,NUSA TENGGARA BARAT,14,1,0,13,822,324,22,476
2020-06-09,NUSA TENGGARA BARAT,8,3,0,5,830,324,25,481
2020-06-10,NUSA TENGGARA BARAT,27,3,78,-54,857,402,28,427
2020-06-11,NUSA TENGGARA BARAT,11,3,44,-36,868,446,31,391
2020-06-12,NUSA TENGGARA BARAT,23,0,72,-49,891,518,31,342
2020-06-13,NUSA TENGGARA BARAT,13,2,20,-9,904,538,33,333
2020-06-14,NUSA TENGGARA BARAT,11,0,36,-25,915,574,33,308
2020-06-15,NUSA TENGGARA BARAT,22,2,31,-11,937,605,35,297
2020-06-16,NUSA TENGGARA BARAT,20,0,15,5,957,620,35,302
2020-06-17,NUSA TENGGARA BARAT,21,6,30,-15,978,650,41,287
2020-06-18,NUSA TENGGARA BARAT,30,2,20,8,1008,670,43,295
2020-06-19,NUSA TENGGARA BARAT,14,0,19,-5,1022,689,43,290
2020-06-20,NUSA TENGGARA BARAT,29,1,33,-5,1051,722,44,285
2020-06-21,NUSA TENGGARA BARAT,5,0,7,-2,1056,729,44,283
2020-06-22,NUSA TENGGARA BARAT,11,1,13,-3,1067,742,45,280
2020-06-23,NUSA TENGGARA BARAT,14,0,8,6,1081,750,45,286
2020-06-24,NUSA TENGGARA BARAT,21,2,19,0,1102,769,47,286
2020-06-25,NUSA TENGGARA BARAT,17,2,6,9,1119,775,49,295
2020-06-26,NUSA TENGGARA BARAT,23,0,11,12,1142,786,49,307
2020-06-27,NUSA TENGGARA BARAT,21,1,5,15,1163,791,50,322
2020-06-28,NUSA TENGGARA BARAT,36,9,19,8,1199,810,59,330
2020-06-29,NUSA TENGGARA BARAT,14,0,6,8,1213,816,59,338
2020-06-30,NUSA TENGGARA BARAT,21,1,8,12,1234,824,60,350
2020-07-01,NUSA TENGGARA BARAT,11,3,7,1,1245,831,63,351
2020-07-02,NUSA TENGGARA BARAT,15,0,11,4,1260,842,63,355
2020-07-03,NUSA TENGGARA BARAT,23,0,25,-2,1283,867,63,353
2020-07-04,NUSA TENGGARA BARAT,28,1,6,21,1311,873,64,374
2020-07-05,NUSA TENGGARA BARAT,18,0,9,9,1329,882,64,383
2020-07-06,NUSA TENGGARA BARAT,32,0,7,25,1361,889,64,408
2020-07-07,NUSA TENGGARA BARAT,30,1,8,21,1391,897,65,429
2020-07-08,NUSA TENGGARA BARAT,23,6,23,-6,1414,920,71,423
2020-07-09,NUSA TENGGARA BARAT,29,1,12,16,1443,932,72,439
2020-07-10,NUSA TENGGARA BARAT,36,2,14,20,1479,946,74,459
2020-07-11,NUSA TENGGARA BARAT,39,0,14,25,1518,960,74,484
2020-07-12,NUSA TENGGARA BARAT,30,3,13,14,1548,973,77,498
2020-07-13,NUSA TENGGARA BARAT,23,4,22,-3,1571,995,81,495
2020-07-14,NUSA TENGGARA BARAT,21,1,24,-4,1592,1019,82,491
2020-07-15,NUSA TENGGARA BARAT,26,3,14,9,1618,1033,85,500
2020-07-16,NUSA TENGGARA BARAT,30,0,27,3,1648,1060,85,503
2020-07-17,NUSA TENGGARA BARAT,21,1,11,9,1669,1071,86,512
2020-07-18,NUSA TENGGARA BARAT,25,3,13,9,1694,1084,89,521
2020-07-19,NUSA TENGGARA BARAT,31,5,19,7,1725,1103,94,528
2020-07-20,NUSA TENGGARA BARAT,34,2,1,31,1759,1104,96,559
2020-07-21,NUSA TENGGARA BARAT,18,2,14,2,1777,1118,98,561
2020-07-22,NUSA TENGGARA BARAT,12,0,10,2,1789,1128,98,563
2020-07-23,NUSA TENGGARA BARAT,33,0,13,20,1822,1141,98,583
2020-07-24,NUSA TENGGARA BARAT,28,5,15,8,1850,1156,103,591
2020-07-25,NUSA TENGGARA BARAT,33,0,13,20,1883,1169,103,611
2020-07-26,NUSA TENGGARA BARAT,20,1,22,-3,1903,1191,104,608
2020-07-27,NUSA TENGGARA BARAT,23,3,21,-1,1926,1212,107,607
2020-07-28,NUSA TENGGARA BARAT,20,1,6,13,1946,1218,108,620
2020-07-29,NUSA TENGGARA BARAT,40,0,30,10,1986,1248,108,630
2020-07-30,NUSA TENGGARA BARAT,36,0,12,24,2022,1260,108,654
2020-07-31,NUSA TENGGARA BARAT,43,2,24,17,2065,1284,110,671
2020-08-01,NUSA TENGGARA BARAT,0,0,0,0,2065,1284,110,671
2020-08-02,NUSA TENGGARA BARAT,50,5,26,19,2115,1310,115,690
2020-08-03,NUSA TENGGARA BARAT,35,2,9,24,2150,1319,117,714
2020-08-04,NUSA TENGGARA BARAT,21,2,11,8,2171,1330,119,722
2020-08-05,NUSA TENGGARA BARAT,26,2,29,-5,2197,1359,121,717
2020-08-06,NUSA TENGGARA BARAT,27,1,15,11,2224,1374,122,728
2020-08-07,NUSA TENGGARA BARAT,15,0,27,-12,2239,1401,122,716
2020-08-08,NUSA TENGGARA BARAT,24,1,8,15,2263,1409,123,731
2020-08-09,NUSA TENGGARA BARAT,27,0,14,13,2290,1423,123,744
2020-08-10,NUSA TENGGARA BARAT,26,2,10,14,2316,1433,125,758
2020-08-11,NUSA TENGGARA BARAT,22,3,55,-36,2338,1488,128,722
2020-08-12,NUSA TENGGARA BARAT,24,1,54,-31,2362,1542,129,691
2020-08-13,NUSA TENGGARA BARAT,13,0,48,-35,2375,1590,129,656
2020-08-14,NUSA TENGGARA BARAT,24,0,18,6,2399,1608,129,662
2020-08-15,NUSA TENGGARA BARAT,22,2,15,5,2421,1623,131,667
2020-08-16,NUSA TENGGARA BARAT,15,0,20,-5,2436,1643,131,662
2020-08-17,NUSA TENGGARA BARAT,22,1,13,8,2458,1656,132,670
2020-08-18,NUSA TENGGARA BARAT,23,2,19,2,2481,1675,134,672
2020-08-19,NUSA TENGGARA BARAT,24,1,21,2,2505,1696,135,674
2020-08-20,NUSA TENGGARA BARAT,21,1,29,-9,2526,1725,136,665
2020-08-21,NUSA TENGGARA BARAT,24,2,110,-88,2550,1835,138,577
2020-08-22,NUSA TENGGARA BARAT,14,3,26,-15,2564,1861,141,562
2020-08-23,NUSA TENGGARA BARAT,18,2,15,1,2582,1876,143,563
2020-08-24,NUSA TENGGARA BARAT,14,5,8,1,2596,1884,148,564
2020-08-25,NUSA TENGGARA BARAT,17,2,18,-3,2613,1902,150,561
2020-08-26,NUSA TENGGARA BARAT,28,2,16,10,2641,1918,152,571
2020-08-27,NUSA TENGGARA BARAT,21,3,21,-3,2662,1939,155,568
2020-08-28,NUSA TENGGARA BARAT,23,1,27,-5,2685,1966,156,563
2020-08-29,NUSA TENGGARA BARAT,42,0,27,15,2727,1993,156,578
2020-08-30,NUSA TENGGARA BARAT,1,1,24,-24,2728,2017,157,554
2020-08-31,NUSA TENGGARA BARAT,14,2,28,-16,2742,2045,159,538
2020-09-01,NUSA TENGGARA BARAT,16,3,28,-15,2758,2073,162,523
2020-09-02,NUSA TENGGARA BARAT,14,0,29,-15,2772,2102,162,508
2020-09-03,NUSA TENGGARA BARAT,14,0,12,2,2786,2114,162,510
2020-09-04,NUSA TENGGARA BARAT,9,3,14,-8,2795,2128,165,502
2020-09-05,NUSA TENGGARA BARAT,33,2,25,6,2828,2153,167,508
2020-09-06,NUSA TENGGARA BARAT,19,1,21,-3,2847,2174,168,505
2020-09-07,NUSA TENGGARA BARAT,8,1,16,-9,2855,2190,169,496
2020-09-08,NUSA TENGGARA BARAT,20,2,19,-1,2875,2209,171,495
2020-09-09,NUSA TENGGARA BARAT,15,0,25,-10,2890,2234,171,485
2020-09-10,NUSA TENGGARA BARAT,11,0,31,-20,2901,2265,171,465
2020-09-11,NUSA TENGGARA BARAT,9,1,19,-11,2910,2284,172,454
2020-09-12,NUSA TENGGARA BARAT,13,0,26,-13,2923,2310,172,441
2020-09-13,NUSA TENGGARA BARAT,16,1,9,6,2939,2319,173,447
2020-09-14,NUSA TENGGARA BARAT,22,0,23,-1,2961,2342,173,446
2020-09-15,NUSA TENGGARA BARAT,20,1,9,10,2981,2351,174,456
2020-09-16,NUSA TENGGARA BARAT,9,0,13,-4,2990,2364,174,452
2020-09-17,NUSA TENGGARA BARAT,19,3,20,-4,3009,2384,177,448
2020-09-18,NUSA TENGGARA BARAT,20,2,11,7,3029,2395,179,455
2020-09-19,NUSA TENGGARA BARAT,53,3,22,28,3082,2417,182,483
2020-09-20,NUSA TENGGARA BARAT,19,0,12,7,3101,2429,182,490
2020-09-21,NUSA TENGGARA BARAT,25,3,12,10,3126,2441,185,500
2020-09-22,NUSA TENGGARA BARAT,11,2,15,-6,3137,2456,187,494
2020-09-23,NUSA TENGGARA BARAT,24,0,20,4,3161,2476,187,498
2020-09-24,NUSA TENGGARA BARAT,39,3,20,16,3200,2496,190,514
2020-09-25,NUSA TENGGARA BARAT,18,2,39,-23,3218,2535,192,491
2020-09-26,NUSA TENGGARA BARAT,28,0,11,17,3246,2546,192,508
2020-09-27,NUSA TENGGARA BARAT,19,2,8,9,3265,2554,194,517
2020-09-28,NUSA TENGGARA BARAT,17,1,4,12,3282,2558,195,529
2020-09-29,NUSA TENGGARA BARAT,7,0,39,-32,3289,2597,195,497
2020-09-30,NUSA TENGGARA BARAT,27,1,40,-14,3316,2637,196,483
2020-10-01,NUSA TENGGARA BARAT,30,2,14,14,3346,2651,198,497
2020-10-02,NUSA TENGGARA BARAT,26,2,7,17,3372,2658,200,514
2020-10-03,NUSA TENGGARA BARAT,22,2,17,3,3394,2675,202,517
2020-10-04,NUSA TENGGARA BARAT,26,1,10,15,3420,2685,203,532
2020-10-05,NUSA TENGGARA BARAT,21,0,20,1,3441,2705,203,533
2020-10-06,NUSA TENGGARA BARAT,23,0,33,-10,3464,2738,203,523
2020-10-07,NUSA TENGGARA BARAT,7,0,18,-11,3471,2756,203,512
2020-10-08,NUSA TENGGARA BARAT,14,0,13,1,3485,2769,203,513
2020-10-09,NUSA TENGGARA BARAT,28,2,22,4,3513,2791,205,517
2020-10-10,NUSA TENGGARA BARAT,7,1,7,-1,3520,2798,206,516
2020-10-11,NUSA TENGGARA BARAT,19,0,7,12,3539,2805,206,528
2020-10-12,NUSA TENGGARA BARAT,15,0,7,8,3554,2812,206,536
2020-10-13,NUSA TENGGARA BARAT,8,0,72,-64,3562,2884,206,472
2020-10-14,NUSA TENGGARA BARAT,26,2,51,-27,3588,2935,208,445
2020-10-15,NUSA TENGGARA BARAT,25,0,15,10,3613,2950,208,455
2020-10-16,NUSA TENGGARA BARAT,33,0,19,14,3646,2969,208,469
2020-10-17,NUSA TENGGARA BARAT,27,1,24,2,3673,2993,209,471
2020-10-18,NUSA TENGGARA BARAT,31,0,11,20,3704,3004,209,491
2020-10-19,NUSA TENGGARA BARAT,28,2,6,20,3732,3010,211,511
2020-10-20,NUSA TENGGARA BARAT,21,2,10,9,3753,3020,213,520
2020-10-21,NUSA TENGGARA BARAT,32,1,14,17,3785,3034,214,537
2020-10-22,NUSA TENGGARA BARAT,25,1,42,-18,3810,3076,215,519
2020-10-23,NUSA TENGGARA BARAT,20,1,27,-8,3830,3103,216,511
2020-10-24,NUSA TENGGARA BARAT,6,1,14,-9,3836,3117,217,502
2020-10-25,NUSA TENGGARA BARAT,22,2,16,4,3858,3133,219,506
2020-10-26,NUSA TENGGARA BARAT,26,0,22,4,3884,3155,219,510
2020-10-27,NUSA TENGGARA BARAT,29,0,32,-3,3913,3187,219,507
2020-10-28,NUSA TENGGARA BARAT,27,0,32,-5,3940,3219,219,502
2020-10-29,NUSA TENGGARA BARAT,10,0,31,-21,3950,3250,219,481
2020-10-30,NUSA TENGGARA BARAT,16,1,4,11,3966,3254,220,492
2020-10-31,NUSA TENGGARA BARAT,6,1,3,2,3972,3257,221,494
2020-11-01,NUSA TENGGARA BARAT,24,0,5,19,3996,3262,221,513
2020-11-02,NUSA TENGGARA BARAT,2,1,9,-8,3998,3271,222,505
2020-11-03,NUSA TENGGARA BARAT,18,0,23,-5,4016,3294,222,500
2020-11-04,NUSA TENGGARA BARAT,26,2,59,-35,4042,3353,224,465
2020-11-05,NUSA TENGGARA BARAT,54,1,78,-25,4096,3431,225,440
2020-11-06,NUSA TENGGARA BARAT,21,2,27,-8,4117,3458,227,432
2020-11-07,NUSA TENGGARA BARAT,32,0,17,15,4149,3475,227,447
2020-11-08,NUSA TENGGARA BARAT,46,2,61,-17,4195,3536,229,430
2020-11-09,NUSA TENGGARA BARAT,44,0,3,41,4239,3539,229,471
2020-11-10,NUSA TENGGARA BARAT,11,0,0,11,4250,3539,229,482
2020-11-11,NUSA TENGGARA BARAT,36,0,0,36,4286,3539,229,518
2020-11-12,NUSA TENGGARA BARAT,28,0,0,28,4314,3539,229,546
2020-11-13,NUSA TENGGARA BARAT,48,0,0,48,4362,3539,229,594
2020-11-14,NUSA TENGGARA BARAT,27,0,0,27,4389,3539,229,621
2020-11-15,NUSA TENGGARA BARAT,14,0,0,14,4403,3539,229,635
2020-11-16,NUSA TENGGARA BARAT,0,0,0,0,4403,3539,229,635
2020-11-17,NUSA TENGGARA BARAT,4,0,3,1,4407,3542,229,636
2020-11-18,NUSA TENGGARA BARAT,21,1,10,10,4428,3552,230,646
2020-11-19,NUSA TENGGARA BARAT,16,0,14,2,4444,3566,230,648
2020-11-20,NUSA TENGGARA BARAT,39,4,22,13,4483,3588,234,661
2020-11-21,NUSA TENGGARA BARAT,28,0,2,26,4511,3590,234,687
2020-11-22,NUSA TENGGARA BARAT,10,0,30,-20,4521,3620,234,667
2020-11-23,NUSA TENGGARA BARAT,15,1,3,11,4536,3623,235,678
2020-11-24,NUSA TENGGARA BARAT,14,0,9,5,4550,3632,235,683
2020-11-25,NUSA TENGGARA BARAT,10,2,32,-24,4560,3664,237,659
2020-11-26,NUSA TENGGARA BARAT,17,0,21,-4,4577,3685,237,655
2020-11-27,NUSA TENGGARA BARAT,38,1,13,24,4615,3698,238,679
2020-11-28,NUSA TENGGARA BARAT,32,1,17,14,4647,3715,239,693
2020-11-29,NUSA TENGGARA BARAT,24,1,8,15,4671,3723,240,708
2020-11-30,NUSA TENGGARA BARAT,8,2,4,2,4679,3727,242,710
2020-12-01,NUSA TENGGARA BARAT,18,1,36,-19,4697,3763,243,691
2020-12-02,NUSA TENGGARA BARAT,22,1,49,-28,4719,3812,244,663
2020-12-03,NUSA TENGGARA BARAT,12,1,50,-39,4731,3862,245,624
2020-12-04,NUSA TENGGARA BARAT,33,2,103,-72,4764,3965,247,552
2020-12-05,NUSA TENGGARA BARAT,27,0,66,-39,4791,4031,247,513
2020-12-06,NUSA TENGGARA BARAT,14,1,32,-19,4805,4063,248,494
2020-12-07,NUSA TENGGARA BARAT,25,2,14,9,4830,4077,250,503
2020-12-08,NUSA TENGGARA BARAT,9,1,18,-10,4839,4095,251,493
2020-12-09,NUSA TENGGARA BARAT,57,1,22,34,4896,4117,252,527
2020-12-10,NUSA TENGGARA BARAT,20,0,19,1,4916,4136,252,528
2020-12-11,NUSA TENGGARA BARAT,34,0,14,20,4950,4150,252,548
2020-12-12,NUSA TENGGARA BARAT,37,1,28,8,4987,4178,253,556
2020-12-13,NUSA TENGGARA BARAT,29,2,16,11,5016,4194,255,567
2020-12-14,NUSA TENGGARA BARAT,47,0,4,43,5063,4198,255,610
2020-12-15,NUSA TENGGARA BARAT,34,2,19,13,5097,4217,257,623
2020-12-16,NUSA TENGGARA BARAT,33,0,10,23,5130,4227,257,646
2020-12-17,NUSA TENGGARA BARAT,31,0,0,31,5161,4227,257,677
2020-12-18,NUSA TENGGARA BARAT,19,0,0,19,5180,4227,257,696
2020-12-19,NUSA TENGGARA BARAT,35,1,26,8,5215,4253,258,704
2020-12-20,NUSA TENGGARA BARAT,23,0,10,13,5238,4263,258,717
2020-12-21,NUSA TENGGARA BARAT,57,2,1,54,5295,4264,260,771
2020-12-22,NUSA TENGGARA BARAT,39,0,36,3,5334,4300,260,774
2020-12-23,NUSA TENGGARA BARAT,22,0,23,-1,5356,4323,260,773
2020-12-24,NUSA TENGGARA BARAT,42,0,35,7,5398,4358,260,780
2020-12-25,NUSA TENGGARA BARAT,24,0,5,19,5422,4363,260,799
2020-12-26,NUSA TENGGARA BARAT,32,0,18,14,5454,4381,260,813
2020-12-27,NUSA TENGGARA BARAT,16,0,25,-9,5470,4406,260,804
2020-12-28,NUSA TENGGARA BARAT,53,0,5,48,5523,4411,260,852
2020-12-29,NUSA TENGGARA BARAT,11,0,36,-25,5534,4447,260,827
2020-12-30,NUSA TENGGARA BARAT,65,0,60,5,5599,4507,260,832
2020-12-31,NUSA TENGGARA BARAT,65,0,48,17,5664,4555,260,849
2021-01-01,NUSA TENGGARA BARAT,60,0,20,40,5724,4575,260,889
2021-01-02,NUSA TENGGARA BARAT,59,2,39,18,5783,4614,262,907
2021-01-03,NUSA TENGGARA BARAT,21,0,14,7,5804,4628,262,914
2021-01-04,NUSA TENGGARA BARAT,43,0,13,30,5847,4641,262,944
2021-01-05,NUSA TENGGARA BARAT,13,0,0,13,5860,4641,262,957
2021-01-06,NUSA TENGGARA BARAT,42,1,12,29,5902,4653,263,986
2021-01-07,NUSA TENGGARA BARAT,59,0,46,13,5961,4699,263,999
2021-01-08,NUSA TENGGARA BARAT,37,0,102,-65,5998,4801,263,934
2021-01-09,NUSA TENGGARA BARAT,70,0,88,-18,6068,4889,263,916
2021-01-10,NUSA TENGGARA BARAT,68,0,98,-30,6136,4987,263,886
2021-01-11,NUSA TENGGARA BARAT,43,0,72,-29,6179,5059,263,857
2021-01-12,NUSA TENGGARA BARAT,58,0,1,57,6237,5060,263,914
2021-01-13,NUSA TENGGARA BARAT,33,0,29,4,6270,5089,263,918
2021-01-14,NUSA TENGGARA BARAT,83,0,28,55,6353,5117,263,973
2021-01-15,NUSA TENGGARA BARAT,58,0,17,41,6411,5134,263,1014
2021-01-16,NUSA TENGGARA BARAT,72,0,14,58,6483,5148,263,1072
2021-01-17,NUSA TENGGARA BARAT,60,0,33,27,6543,5181,263,1099
2021-01-18,NUSA TENGGARA BARAT,35,1,40,-6,6578,5221,264,1093
2021-01-19,NUSA TENGGARA BARAT,65,2,23,40,6643,5244,266,1133
2021-01-20,NUSA TENGGARA BARAT,64,0,45,19,6707,5289,266,1152
2021-01-21,NUSA TENGGARA BARAT,90,3,97,-10,6797,5386,269,1142
2021-01-22,NUSA TENGGARA BARAT,55,1,68,-14,6852,5454,270,1128
2021-01-23,NUSA TENGGARA BARAT,88,1,33,54,6940,5487,271,1182
2021-01-24,NUSA TENGGARA BARAT,83,0,28,55,7023,5515,271,1237
2021-01-25,NUSA TENGGARA BARAT,57,0,25,32,7080,5540,271,1269
2021-01-26,NUSA TENGGARA BARAT,50,0,33,17,7130,5573,271,1286
2021-01-27,NUSA TENGGARA BARAT,107,0,50,57,7237,5623,271,1343
2021-01-28,NUSA TENGGARA BARAT,100,0,22,78,7337,5645,271,1421
2021-01-29,NUSA TENGGARA BARAT,83,3,37,43,7420,5682,274,1464
2021-01-30,NUSA TENGGARA BARAT,58,1,46,11,7478,5728,275,1475
2021-01-31,NUSA TENGGARA BARAT,96,4,42,50,7574,5770,279,1525
2021-02-01,NUSA TENGGARA BARAT,48,1,57,-10,7622,5827,280,1515
2021-02-02,NUSA TENGGARA BARAT,0,0,118,-118,7622,5945,280,1397
2021-02-03,NUSA TENGGARA BARAT,6,4,11,-9,7628,5956,284,1388
2021-02-04,NUSA TENGGARA BARAT,0,0,36,-36,7628,5992,284,1352
2021-02-05,NUSA TENGGARA BARAT,1,2,1,-2,7629,5993,286,1350
2021-02-06,NUSA TENGGARA BARAT,22,23,45,-46,7651,6038,309,1304
2021-02-07,NUSA TENGGARA BARAT,0,0,12,-12,7651,6050,309,1292
2021-02-08,NUSA TENGGARA BARAT,141,2,110,29,7792,6160,311,1321
2021-02-09,NUSA TENGGARA BARAT,87,22,110,-45,7879,6270,333,1276
2021-02-10,NUSA TENGGARA BARAT,90,1,53,36,7969,6323,334,1312
2021-02-11,NUSA TENGGARA BARAT,63,0,12,51,8032,6335,334,1363
2021-02-12,NUSA TENGGARA BARAT,36,1,78,-43,8068,6413,335,1320
2021-02-13,NUSA TENGGARA BARAT,17,0,58,-41,8085,6471,335,1279
2021-02-14,NUSA TENGGARA BARAT,13,1,75,-63,8098,6546,336,1216
2021-02-15,NUSA TENGGARA BARAT,3,0,11,-8,8101,6557,336,1208
2021-02-16,NUSA TENGGARA BARAT,57,0,12,45,8158,6569,336,1253
2021-02-17,NUSA TENGGARA BARAT,61,0,18,43,8219,6587,336,1296
2021-02-18,NUSA TENGGARA BARAT,38,0,16,22,8257,6603,336,1318
2021-02-19,NUSA TENGGARA BARAT,58,0,11,47,8315,6614,336,1365
2021-02-20,NUSA TENGGARA BARAT,39,0,18,21,8354,6632,336,1386
2021-02-21,NUSA TENGGARA BARAT,50,0,6,44,8404,6638,336,1430
2021-02-22,NUSA TENGGARA BARAT,75,0,3,72,8479,6641,336,1502
2021-02-23,NUSA TENGGARA BARAT,33,1,60,-28,8512,6701,337,1474
2021-02-24,NUSA TENGGARA BARAT,20,0,25,-5,8532,6726,337,1469
2021-02-25,NUSA TENGGARA BARAT,44,1,107,-64,8576,6833,338,1405
2021-02-26,NUSA TENGGARA BARAT,65,0,121,-56,8641,6954,338,1349
2021-02-27,NUSA TENGGARA BARAT,32,0,28,4,8673,6982,338,1353
2021-02-28,NUSA TENGGARA BARAT,67,3,70,-6,8740,7052,341,1347
2021-03-01,NUSA TENGGARA BARAT,50,1,23,26,8790,7075,342,1373
2021-03-02,NUSA TENGGARA BARAT,5,0,14,-9,8795,7089,342,1364
2021-03-03,NUSA TENGGARA BARAT,9,0,18,-9,8804,7107,342,1355
2021-03-04,NUSA TENGGARA BARAT,6,1,3,2,8810,7110,343,1357
2021-03-05,NUSA TENGGARA BARAT,41,1,1,39,8851,7111,344,1396
2021-03-06,NUSA TENGGARA BARAT,3,1,26,-24,8854,7137,345,1372
2021-03-07,NUSA TENGGARA BARAT,16,0,1,15,8870,7138,345,1387
2021-03-08,NUSA TENGGARA BARAT,2,1,1,0,8872,7139,346,1387
2021-03-09,NUSA TENGGARA BARAT,11,0,5,6,8883,7144,346,1393
2021-03-10,NUSA TENGGARA BARAT,25,0,99,-74,8908,7243,346,1319
2021-03-11,NUSA TENGGARA BARAT,0,0,6,-6,8908,7249,346,1313
2021-03-12,NUSA TENGGARA BARAT,1,1,0,0,8909,7249,347,1313
2021-03-13,NUSA TENGGARA BARAT,20,0,12,8,8929,7261,347,1321
2021-03-14,NUSA TENGGARA BARAT,69,0,0,69,8998,7261,347,1390
2021-03-15,NUSA TENGGARA BARAT,42,1,10,31,9040,7271,348,1421
2021-03-16,NUSA TENGGARA BARAT,1,0,0,1,9041,7271,348,1422
2021-03-17,NUSA TENGGARA BARAT,34,0,1,33,9075,7272,348,1455
2021-03-18,NUSA TENGGARA BARAT,67,0,28,39,9142,7300,348,1494
2021-03-19,NUSA TENGGARA BARAT,28,0,16,12,9170,7316,348,1506
2021-03-20,NUSA TENGGARA BARAT,41,2,2,37,9211,7318,350,1543
2021-03-21,NUSA TENGGARA BARAT,33,0,8,25,9244,7326,350,1568
2021-03-22,NUSA TENGGARA BARAT,64,1,50,13,9308,7376,351,1581
2021-03-23,NUSA TENGGARA BARAT,15,0,2,13,9323,7378,351,1594
2021-03-24,NUSA TENGGARA BARAT,38,0,5,33,9361,7383,351,1627
2021-03-25,NUSA TENGGARA BARAT,41,0,13,28,9402,7396,351,1655
2021-03-26,NUSA TENGGARA BARAT,17,0,1,16,9419,7397,351,1671
2021-03-27,NUSA TENGGARA BARAT,35,3,6,26,9454,7403,354,1697
2021-03-28,NUSA TENGGARA BARAT,6,0,0,6,9460,7403,354,1703
2021-03-29,NUSA TENGGARA BARAT,32,2,12,18,9492,7415,356,1721
2021-03-30,NUSA TENGGARA BARAT,60,4,75,-19,9552,7490,360,1702
2021-03-31,NUSA TENGGARA BARAT,42,0,12,30,9594,7502,360,1732
2021-04-01,NUSA TENGGARA BARAT,15,2,3,10,9609,7505,362,1742
2021-04-02,NUSA TENGGARA BARAT,17,0,8,9,9626,7513,362,1751
2021-04-03,NUSA TENGGARA BARAT,21,0,0,21,9647,7513,362,1772
2021-04-04,NUSA TENGGARA BARAT,19,1,0,18,9666,7513,363,1790
2021-04-05,NUSA TENGGARA BARAT,32,2,0,30,9698,7513,365,1820
2021-04-06,NUSA TENGGARA BARAT,7,1,1,5,9705,7514,366,1825
2021-04-07,NUSA TENGGARA BARAT,26,0,10,16,9731,7524,366,1841
2021-04-08,NUSA TENGGARA BARAT,43,1,5,37,9774,7529,367,1878
2021-04-09,NUSA TENGGARA BARAT,25,0,0,25,9799,7529,367,1903
2021-04-10,NUSA TENGGARA BARAT,17,0,20,-3,9816,7549,367,1900
2021-04-11,NUSA TENGGARA BARAT,19,0,3,16,9835,7552,367,1916
2021-04-12,NUSA TENGGARA BARAT,32,0,0,32,9867,7552,367,1948
2021-04-13,NUSA TENGGARA BARAT,5,1,52,-48,9872,7604,368,1900
2021-04-14,NUSA TENGGARA BARAT,20,0,4,16,9892,7608,368,1916
2021-04-15,NUSA TENGGARA BARAT,31,0,0,31,9923,7608,368,1947
2021-04-16,NUSA TENGGARA BARAT,86,0,4,82,10009,7612,368,2029
2021-04-17,NUSA TENGGARA BARAT,33,4,27,2,10042,7639,372,2031
2021-04-18,NUSA TENGGARA BARAT,0,0,1,-1,10042,7640,372,2030
2021-04-19,NUSA TENGGARA BARAT,52,0,6,46,10094,7646,372,2076
2021-04-20,NUSA TENGGARA BARAT,18,0,0,18,10112,7646,372,2094
2021-04-21,NUSA TENGGARA BARAT,42,0,18,24,10154,7664,372,2118
2021-04-22,NUSA TENGGARA BARAT,16,1,0,15,10170,7664,373,2133
2021-04-23,NUSA TENGGARA BARAT,1,0,10,-9,10171,7674,373,2124
2021-04-24,NUSA TENGGARA BARAT,0,0,0,0,10171,7674,373,2124
2021-04-25,NUSA TENGGARA BARAT,3,0,0,3,10174,7674,373,2127
2021-04-26,NUSA TENGGARA BARAT,58,0,9,49,10232,7683,373,2176
2021-04-27,NUSA TENGGARA BARAT,59,1,6,52,10291,7689,374,2228
2021-04-28,NUSA TENGGARA BARAT,49,1,60,-12,10340,7749,375,2216
2021-04-29,NUSA TENGGARA BARAT,36,9,58,-31,10376,7807,384,2185
2021-04-30,NUSA TENGGARA BARAT,65,0,29,36,10441,7836,384,2221
2021-05-01,NUSA TENGGARA BARAT,18,0,35,-17,10459,7871,384,2204
2021-05-02,NUSA TENGGARA BARAT,29,1,6,22,10488,7877,385,2226
2021-05-03,NUSA TENGGARA BARAT,129,2,28,99,10617,7905,387,2325
2021-05-04,NUSA TENGGARA BARAT,30,6,24,0,10647,7929,393,2325
2021-05-05,NUSA TENGGARA BARAT,26,12,0,14,10673,7929,405,2339
2021-05-06,NUSA TENGGARA BARAT,19,0,16,3,10692,7945,405,2342
2021-05-07,NUSA TENGGARA BARAT,28,1,9,18,10720,7954,406,2360
2021-05-08,NUSA TENGGARA BARAT,23,0,1,22,10743,7955,406,2382
2021-05-09,NUSA TENGGARA BARAT,2,0,2,0,10745,7957,406,2382
2021-05-10,NUSA TENGGARA BARAT,29,2,2,25,10774,7959,408,2407
2021-05-11,NUSA TENGGARA BARAT,15,2,12,1,10789,7971,410,2408
2021-05-12,NUSA TENGGARA BARAT,21,0,0,21,10810,7971,410,2429
2021-05-13,NUSA TENGGARA BARAT,5,0,0,5,10815,7971,410,2434
2021-05-14,NUSA TENGGARA BARAT,12,0,9,3,10827,7980,410,2437
2021-05-15,NUSA TENGGARA BARAT,5,0,0,5,10832,7980,410,2442
2021-05-16,NUSA TENGGARA BARAT,18,0,3,15,10850,7983,410,2457
2021-05-17,NUSA TENGGARA BARAT,12,0,0,12,10862,7983,410,2469
2021-05-18,NUSA TENGGARA BARAT,50,1,50,-1,10912,8033,411,2468
2021-05-19,NUSA TENGGARA BARAT,54,1,7,46,10966,8040,412,2514
2021-05-20,NUSA TENGGARA BARAT,16,1,11,4,10982,8051,413,2518
2021-05-21,NUSA TENGGARA BARAT,35,5,4,26,11017,8055,418,2544
2021-05-22,NUSA TENGGARA BARAT,30,0,21,9,11047,8076,418,2553
2021-05-23,NUSA TENGGARA BARAT,26,0,0,26,11073,8076,418,2579
2021-05-24,NUSA TENGGARA BARAT,24,0,7,17,11097,8083,418,2596
2021-05-25,NUSA TENGGARA BARAT,17,0,3,14,11114,8086,418,2610
2021-05-26,NUSA TENGGARA BARAT,22,4,0,18,11136,8086,422,2628
2021-05-27,NUSA TENGGARA BARAT,15,1,2,12,11151,8088,423,2640
2021-05-28,NUSA TENGGARA BARAT,451,1,507,-57,11602,8595,424,2583
2021-05-29,NUSA TENGGARA BARAT,40,1,10,29,11642,8605,425,2612
2021-05-30,NUSA TENGGARA BARAT,76,10,101,-35,11718,8706,435,2577
2021-05-31,NUSA TENGGARA BARAT,237,7,103,127,11955,8809,442,2704
2021-06-01,NUSA TENGGARA BARAT,82,5,111,-34,12037,8920,447,2670
2021-06-02,NUSA TENGGARA BARAT,124,6,170,-52,12161,9090,453,2618
2021-06-03,NUSA TENGGARA BARAT,67,3,63,1,12228,9153,456,2619
2021-06-04,NUSA TENGGARA BARAT,77,5,55,17,12305,9208,461,2636
2021-06-05,NUSA TENGGARA BARAT,28,4,41,-17,12333,9249,465,2619
2021-06-06,NUSA TENGGARA BARAT,20,4,2,14,12353,9251,469,2633
2021-06-07,NUSA TENGGARA BARAT,60,5,111,-56,12413,9362,474,2577
2021-06-08,NUSA TENGGARA BARAT,72,2,59,11,12485,9421,476,2588
2021-06-09,NUSA TENGGARA BARAT,49,0,28,21,12534,9449,476,2609
2021-06-10,NUSA TENGGARA BARAT,37,3,32,2,12571,9481,479,2611
2021-06-11,NUSA TENGGARA BARAT,20,0,61,-41,12591,9542,479,2570
2021-06-12,NUSA TENGGARA BARAT,20,1,25,-6,12611,9567,480,2564
2021-06-13,NUSA TENGGARA BARAT,10,0,7,3,12621,9574,480,2567
2021-06-14,NUSA TENGGARA BARAT,6,0,21,-15,12627,9595,480,2552
2021-06-15,NUSA TENGGARA BARAT,43,1,200,-158,12670,9795,481,2394
2021-06-16,NUSA TENGGARA BARAT,5,0,42,-37,12675,9837,481,2357
2021-06-17,NUSA TENGGARA BARAT,17,0,364,-347,12692,10201,481,2010
2021-06-18,NUSA TENGGARA BARAT,23,0,202,-179,12715,10403,481,1831
2021-06-19,NUSA TENGGARA BARAT,39,0,19,20,12754,10422,481,1851
2021-06-20,NUSA TENGGARA BARAT,15,1,75,-61,12769,10497,482,1790
2021-06-21,NUSA TENGGARA BARAT,23,0,30,-7,12792,10527,482,1783
2021-06-22,NUSA TENGGARA BARAT,11,0,43,-32,12803,10570,482,1751
2021-06-23,NUSA TENGGARA BARAT,25,1,74,-50,12828,10644,483,1701
2021-06-24,NUSA TENGGARA BARAT,9,0,32,-23,12837,10676,483,1678
2021-06-25,NUSA TENGGARA BARAT,7,0,33,-26,12844,10709,483,1652
2021-06-26,NUSA TENGGARA BARAT,6,12,59,-65,12850,10768,495,1587
2021-06-27,NUSA TENGGARA BARAT,19,0,36,-17,12869,10804,495,1570
2021-06-28,NUSA TENGGARA BARAT,41,0,125,-84,12910,10929,495,1486
2021-06-29,NUSA TENGGARA BARAT,82,0,77,5,12992,11006,495,1491
2021-06-30,NUSA TENGGARA BARAT,7,0,94,-87,12999,11100,495,1404
2021-07-01,NUSA TENGGARA BARAT,139,0,49,90,13138,11149,495,1494
2021-07-02,NUSA TENGGARA BARAT,25,0,87,-62,13163,11236,495,1432
2021-07-03,NUSA TENGGARA BARAT,25,0,13,12,13188,11249,495,1444
2021-07-04,NUSA TENGGARA BARAT,9,0,9,0,13197,11258,495,1444
2021-07-05,NUSA TENGGARA BARAT,65,1,74,-10,13262,11332,496,1434
2021-07-06,NUSA TENGGARA BARAT,122,1,79,42,13384,11411,497,1476
2021-07-07,NUSA TENGGARA BARAT,52,0,11,41,13436,11422,497,1517
2021-07-08,NUSA TENGGARA BARAT,22,1,21,0,13458,11443,498,1517
2021-07-09,NUSA TENGGARA BARAT,8,0,3,5,13466,11446,498,1522
2021-07-10,NUSA TENGGARA BARAT,214,0,74,140,13680,11520,498,1662
2021-07-11,NUSA TENGGARA BARAT,503,1,53,449,14183,11573,499,2111
2021-07-12,NUSA TENGGARA BARAT,217,2,289,-74,14400,11862,501,2037
2021-07-13,NUSA TENGGARA BARAT,372,3,618,-249,14772,12480,504,1788
2021-07-14,NUSA TENGGARA BARAT,236,10,110,116,15008,12590,514,1904
2021-07-15,NUSA TENGGARA BARAT,370,6,110,254,15378,12700,520,2158
2021-07-16,NUSA TENGGARA BARAT,241,4,200,37,15619,12900,524,2195
2021-07-17,NUSA TENGGARA BARAT,379,8,218,153,15998,13118,532,2348
2021-07-18,NUSA TENGGARA BARAT,333,2,210,121,16331,13328,534,2469
2021-07-19,NUSA TENGGARA BARAT,228,2,321,-95,16559,13649,536,2374
2021-07-20,NUSA TENGGARA BARAT,337,5,89,243,16896,13738,541,2617
2021-07-21,NUSA TENGGARA BARAT,208,4,242,-38,17104,13980,545,2579
2021-07-22,NUSA TENGGARA BARAT,379,5,300,74,17483,14280,550,2653
2021-07-23,NUSA TENGGARA BARAT,295,0,226,69,17778,14506,550,2722
2021-07-24,NUSA TENGGARA BARAT,114,0,328,-214,17892,14834,550,2508
2021-07-25,NUSA TENGGARA BARAT,127,0,242,-115,18019,15076,550,2393
2021-07-26,NUSA TENGGARA BARAT,136,2,362,-228,18155,15438,552,2165
2021-07-27,NUSA TENGGARA BARAT,207,5,277,-75,18362,15715,557,2090
2021-07-28,NUSA TENGGARA BARAT,287,4,285,-2,18649,16000,561,2088
2021-07-29,NUSA TENGGARA BARAT,326,3,312,11,18975,16312,564,2099
2021-07-30,NUSA TENGGARA BARAT,342,3,380,-41,19317,16692,567,2058
2021-07-31,NUSA TENGGARA BARAT,383,2,263,118,19700,16955,569,2176
2021-08-01,NUSA TENGGARA BARAT,260,3,283,-26,19960,17238,572,2150
2021-08-02,NUSA TENGGARA BARAT,150,2,268,-120,20110,17506,574,2030
2021-08-03,NUSA TENGGARA BARAT,247,4,358,-115,20357,17864,578,1915
2021-08-04,NUSA TENGGARA BARAT,249,5,279,-35,20606,18143,583,1880
2021-08-05,NUSA TENGGARA BARAT,216,0,268,-52,20822,18411,583,1828
2021-08-06,NUSA TENGGARA BARAT,202,4,222,-24,21024,18633,587,1804
2021-08-07,NUSA TENGGARA BARAT,272,5,337,-70,21296,18970,592,1734
2021-08-08,NUSA TENGGARA BARAT,213,4,238,-29,21509,19208,596,1705
2021-08-09,NUSA TENGGARA BARAT,278,3,274,1,21787,19482,599,1706
2021-08-10,NUSA TENGGARA BARAT,226,4,290,-68,22013,19772,603,1638
2021-08-11,NUSA TENGGARA BARAT,227,2,187,38,22240,19959,605,1676
2021-08-12,NUSA TENGGARA BARAT,194,7,134,53,22434,20093,612,1729
2021-08-13,NUSA TENGGARA BARAT,378,8,249,121,22812,20342,620,1850
2021-08-14,NUSA TENGGARA BARAT,248,6,224,18,23060,20566,626,1868
2021-08-15,NUSA TENGGARA BARAT,207,7,264,-64,23267,20830,633,1804
2021-08-16,NUSA TENGGARA BARAT,249,5,308,-64,23516,21138,638,1740
2021-08-17,NUSA TENGGARA BARAT,201,5,264,-68,23717,21402,643,1672
2021-08-18,NUSA TENGGARA BARAT,137,7,266,-136,23854,21668,650,1536
2020-03-11,BALI,1,1,0,0,1,0,1,0
2020-03-12,BALI,0,0,0,0,1,0,1,0
2020-03-13,BALI,0,0,0,0,1,0,1,0
2020-03-14,BALI,0,0,0,0,1,0,1,0
2020-03-15,BALI,0,0,0,0,1,0,1,0
2020-03-16,BALI,0,0,0,0,1,0,1,0
2020-03-17,BALI,0,0,0,0,1,0,1,0
2020-03-18,BALI,0,0,0,0,1,0,1,0
2020-03-19,BALI,1,1,0,0,2,0,2,0
2020-03-20,BALI,0,0,0,0,2,0,2,0
2020-03-21,BALI,0,0,0,0,2,0,2,0
2020-03-22,BALI,0,0,0,0,2,0,2,0
2020-03-23,BALI,0,0,0,0,2,0,2,0
2020-03-24,BALI,0,0,0,0,2,0,2,0
2020-03-25,BALI,0,0,0,0,2,0,2,0
2020-03-26,BALI,0,0,0,0,2,0,2,0
2020-03-27,BALI,0,0,0,0,2,0,2,0
2020-03-28,BALI,0,0,0,0,2,0,2,0
2020-03-29,BALI,1,0,0,1,3,0,2,1
2020-03-30,BALI,9,0,0,9,12,0,2,10
2020-03-31,BALI,0,0,1,-1,12,1,2,9
2020-04-01,BALI,6,0,1,5,18,2,2,14
2020-04-02,BALI,0,0,0,0,18,2,2,14
2020-04-03,BALI,3,0,0,3,21,2,2,17
2020-04-04,BALI,5,0,0,5,26,2,2,22
2020-04-05,BALI,5,0,4,1,31,6,2,23
2020-04-06,BALI,7,0,0,7,38,6,2,30
2020-04-07,BALI,0,0,0,0,38,6,2,30
2020-04-08,BALI,6,0,0,6,44,6,2,36
2020-04-09,BALI,14,0,0,14,58,6,2,50
2020-04-10,BALI,12,0,1,11,70,7,2,61
2020-04-11,BALI,4,0,0,4,74,7,2,65
2020-04-12,BALI,2,0,0,2,76,7,2,67
2020-04-13,BALI,5,0,0,5,81,7,2,72
2020-04-14,BALI,6,0,0,6,87,7,2,78
2020-04-15,BALI,6,0,0,6,93,7,2,84
2020-04-16,BALI,15,0,2,13,108,9,2,97
2020-04-17,BALI,11,0,1,10,119,10,2,107
2020-04-18,BALI,7,0,1,6,126,11,2,113
2020-04-19,BALI,4,0,2,2,130,13,2,115
2020-04-20,BALI,5,0,4,1,135,17,2,116
2020-04-21,BALI,10,0,0,10,145,17,2,126
2020-04-22,BALI,2,1,5,-4,147,22,3,122
2020-04-23,BALI,15,0,7,8,162,29,3,130
2020-04-24,BALI,10,0,2,8,172,31,3,138
2020-04-25,BALI,6,0,9,-3,178,40,3,135
2020-04-26,BALI,3,0,0,3,181,40,3,138
2020-04-27,BALI,7,0,6,1,188,46,3,139
2020-04-28,BALI,22,0,6,16,210,52,3,155
2020-04-29,BALI,0,0,7,-7,210,59,3,148
2020-04-30,BALI,7,0,11,-4,217,70,3,144
2020-05-01,BALI,13,0,5,8,230,75,3,152
2020-05-02,BALI,2,0,1,1,232,76,3,153
2020-05-03,BALI,25,0,17,8,257,93,3,161
2020-05-04,BALI,9,0,10,-1,266,103,3,160
2020-05-05,BALI,6,0,0,6,272,103,3,166
2020-05-06,BALI,0,0,3,-3,272,106,3,163
2020-05-07,BALI,10,0,11,-1,282,117,3,162
2020-05-08,BALI,13,0,9,4,295,126,3,166
2020-05-09,BALI,6,0,0,6,301,126,3,172
2020-05-10,BALI,5,0,4,1,306,130,3,173
2020-05-11,BALI,3,0,5,-2,309,135,3,171
2020-05-12,BALI,14,0,2,12,323,137,3,183
2020-05-13,BALI,4,0,1,3,327,138,3,186
2020-05-14,BALI,5,0,3,2,332,141,3,188
2020-05-15,BALI,6,0,8,-2,338,149,3,186
2020-05-16,BALI,3,0,4,-1,341,153,3,185
2020-05-17,BALI,2,0,4,-2,343,157,3,183
2020-05-18,BALI,11,0,3,8,354,160,3,191
2020-05-19,BALI,4,0,7,-3,358,167,3,188
2020-05-20,BALI,8,0,7,1,366,174,3,189
2020-05-21,BALI,3,0,2,1,369,176,3,190
2020-05-22,BALI,6,0,2,4,375,178,3,194
2020-05-23,BALI,8,0,0,8,383,178,3,202
2020-05-24,BALI,6,0,4,2,389,182,3,204
2020-05-25,BALI,2,0,1,1,391,183,3,205
2020-05-26,BALI,12,0,1,11,403,184,3,216
2020-05-27,BALI,8,0,4,4,411,188,3,220
2020-05-28,BALI,5,0,7,-2,416,195,3,218
2020-05-29,BALI,23,0,4,19,439,199,3,237
2020-05-30,BALI,12,0,6,6,451,205,3,243
2020-05-31,BALI,10,0,0,10,461,205,3,253
2020-06-01,BALI,17,1,4,12,478,209,4,265
2020-06-02,BALI,5,0,1,4,483,210,4,269
2020-06-03,BALI,3,0,3,0,486,213,4,269
2020-06-04,BALI,20,0,8,12,506,221,4,281
2020-06-05,BALI,14,0,4,10,520,225,4,291
2020-06-06,BALI,33,0,1,32,553,226,4,323
2020-06-07,BALI,25,0,1,24,578,227,4,347
2020-06-08,BALI,12,0,3,9,590,230,4,356
2020-06-09,BALI,14,0,12,2,604,242,4,358
2020-06-10,BALI,32,0,1,31,636,243,4,389
2020-06-11,BALI,19,0,7,12,655,250,4,401
2020-06-12,BALI,36,0,9,27,691,259,4,428
2020-06-13,BALI,28,1,7,20,719,266,5,448
2020-06-14,BALI,18,0,8,10,737,274,5,458
2020-06-15,BALI,19,0,27,-8,756,301,5,450
2020-06-16,BALI,22,0,8,14,778,309,5,464
2020-06-17,BALI,47,0,20,27,825,329,5,491
2020-06-18,BALI,65,0,3,62,890,332,5,553
2020-06-19,BALI,81,0,11,70,971,343,5,623
2020-06-20,BALI,35,1,9,25,1006,352,6,648
2020-06-21,BALI,35,1,7,27,1041,359,7,675
2020-06-22,BALI,31,0,9,22,1072,368,7,697
2020-06-23,BALI,35,0,9,26,1107,377,7,723
2020-06-24,BALI,43,0,3,40,1150,380,7,763
2020-06-25,BALI,56,1,8,47,1206,388,8,810
2020-06-26,BALI,49,0,27,22,1255,415,8,832
2020-06-27,BALI,107,0,6,101,1362,421,8,933
2020-06-28,BALI,45,2,10,33,1407,431,10,966
2020-06-29,BALI,28,0,8,20,1435,439,10,986
2020-06-30,BALI,49,0,13,36,1484,452,10,1022
2020-07-01,BALI,32,1,17,14,1516,469,11,1036
2020-07-02,BALI,114,0,5,109,1630,474,11,1145
2020-07-03,BALI,66,0,9,57,1696,483,11,1202
2020-07-04,BALI,92,2,8,82,1788,491,13,1284
2020-07-05,BALI,52,2,12,38,1840,503,15,1322
2020-07-06,BALI,50,0,7,43,1890,510,15,1365
2020-07-07,BALI,39,0,18,21,1929,528,15,1386
2020-07-08,BALI,30,1,12,17,1959,540,16,1403
2020-07-09,BALI,53,0,39,14,2012,579,16,1417
2020-07-10,BALI,86,0,15,71,2098,594,16,1488
2020-07-11,BALI,35,0,47,-12,2133,641,16,1476
2020-07-12,BALI,45,0,12,33,2178,653,16,1509
2020-07-13,BALI,63,0,43,20,2241,696,16,1529
2020-07-14,BALI,101,0,25,76,2342,721,16,1605
2020-07-15,BALI,64,0,12,52,2406,733,16,1657
2020-07-16,BALI,112,0,26,86,2518,759,16,1743
2020-07-17,BALI,85,1,20,64,2603,779,17,1807
2020-07-18,BALI,71,0,14,57,2674,793,17,1864
2020-07-19,BALI,54,1,36,17,2728,829,18,1881
2020-07-20,BALI,36,1,17,18,2764,846,19,1899
2020-07-21,BALI,88,0,9,79,2852,855,19,1978
2020-07-22,BALI,77,0,34,43,2929,889,19,2021
2020-07-23,BALI,62,2,20,40,2991,909,21,2061
2020-07-24,BALI,62,0,15,47,3053,924,21,2108
2020-07-25,BALI,56,0,15,41,3109,939,21,2149
2020-07-26,BALI,43,0,13,30,3152,952,21,2179
2020-07-27,BALI,63,0,9,54,3215,961,21,2233
2020-07-28,BALI,30,0,11,19,3245,972,21,2252
2020-07-29,BALI,61,0,21,40,3306,993,21,2292
2020-07-30,BALI,50,0,18,32,3356,1011,21,2324
2020-07-31,BALI,47,0,10,37,3403,1021,21,2361
2020-08-01,BALI,41,0,8,33,3444,1029,21,2394
2020-08-02,BALI,40,0,6,34,3484,1035,21,2428
2020-08-03,BALI,41,0,4,37,3525,1039,21,2465
2020-08-04,BALI,49,0,12,37,3574,1051,21,2502
2020-08-05,BALI,39,0,3,36,3613,1054,21,2538
2020-08-06,BALI,27,0,17,10,3640,1071,21,2548
2020-08-07,BALI,38,0,9,29,3678,1080,21,2577
2020-08-08,BALI,38,0,9,29,3716,1089,21,2606
2020-08-09,BALI,59,0,2,57,3775,1091,21,2663
2020-08-10,BALI,38,0,9,29,3813,1100,21,2692
2020-08-11,BALI,45,0,12,33,3858,1112,21,2725
2020-08-12,BALI,30,0,1,29,3888,1113,21,2754
2020-08-13,BALI,35,0,13,22,3923,1126,21,2776
2020-08-14,BALI,53,0,4,49,3976,1130,21,2825
2020-08-15,BALI,44,0,4,40,4020,1134,21,2865
2020-08-16,BALI,41,0,15,26,4061,1149,21,2891
2020-08-17,BALI,45,0,12,33,4106,1161,21,2924
2020-08-18,BALI,48,0,9,39,4154,1170,21,2963
2020-08-19,BALI,62,0,8,54,4216,1178,21,3017
2020-08-20,BALI,72,0,7,65,4288,1185,21,3082
2020-08-21,BALI,76,0,6,70,4364,1191,21,3152
2020-08-22,BALI,78,0,6,72,4442,1197,21,3224
2020-08-23,BALI,67,0,11,56,4509,1208,21,3280
2020-08-24,BALI,63,0,8,55,4572,1216,21,3335
2020-08-25,BALI,74,0,12,62,4646,1228,21,3397
2020-08-26,BALI,76,0,9,67,4722,1237,21,3464
2020-08-27,BALI,82,0,19,63,4804,1256,21,3527
2020-08-28,BALI,93,0,6,87,4897,1262,21,3614
2020-08-29,BALI,88,1,13,74,4985,1275,22,3688
2020-08-30,BALI,89,1,1,87,5074,1276,23,3775
2020-08-31,BALI,129,2,10,117,5203,1286,25,3892
2020-09-01,BALI,160,0,18,142,5363,1304,25,4034
2020-09-02,BALI,169,2,14,153,5532,1318,27,4187
2020-09-03,BALI,174,1,19,154,5706,1337,28,4341
2020-09-04,BALI,196,1,7,188,5902,1344,29,4529
2020-09-05,BALI,165,3,12,150,6067,1356,32,4679
2020-09-06,BALI,141,2,5,134,6208,1361,34,4813
2020-09-07,BALI,173,3,17,153,6381,1378,37,4966
2020-09-08,BALI,164,2,4,158,6545,1382,39,5124
2020-09-09,BALI,173,1,12,160,6718,1394,40,5284
2020-09-10,BALI,111,2,11,98,6829,1405,42,5382
2020-09-11,BALI,143,0,8,135,6972,1413,42,5517
2020-09-12,BALI,135,0,11,124,7107,1424,42,5641
2020-09-13,BALI,113,3,10,100,7220,1434,45,5741
2020-09-14,BALI,86,2,8,76,7306,1442,47,5817
2020-09-15,BALI,68,1,12,55,7374,1454,48,5872
2020-09-16,BALI,49,0,6,43,7423,1460,48,5915
2020-09-17,BALI,63,2,25,36,7486,1485,50,5951
2020-09-18,BALI,50,2,12,36,7536,1497,52,5987
2020-09-19,BALI,85,0,13,72,7621,1510,52,6059
2020-09-20,BALI,121,3,7,111,7742,1517,55,6170
2020-09-21,BALI,139,0,9,130,7881,1526,55,6300
2020-09-22,BALI,108,1,24,83,7989,1550,56,6383
2020-09-23,BALI,132,1,23,108,8121,1573,57,6491
2020-09-24,BALI,119,13,14,92,8240,1587,70,6583
2020-09-25,BALI,144,3,13,128,8384,1600,73,6711
2020-09-26,BALI,63,1,8,54,8447,1608,74,6765
2020-09-27,BALI,80,1,12,67,8527,1620,75,6832
2020-09-28,BALI,107,4,25,78,8634,1645,79,6910
2020-09-29,BALI,106,1,19,86,8740,1664,80,6996
2020-09-30,BALI,133,2,22,109,8873,1686,82,7105
2020-10-01,BALI,141,1,24,116,9014,1710,83,7221
2020-10-02,BALI,130,2,17,111,9144,1727,85,7332
2020-10-03,BALI,105,0,20,85,9249,1747,85,7417
2020-10-04,BALI,111,0,25,86,9360,1772,85,7503
2020-10-05,BALI,83,1,10,72,9443,1782,86,7575
2020-10-06,BALI,99,1,21,77,9542,1803,87,7652
2020-10-07,BALI,105,5,7,93,9647,1810,92,7745
2020-10-08,BALI,107,0,21,86,9754,1831,92,7831
2020-10-09,BALI,138,0,7,131,9892,1838,92,7962
2020-10-10,BALI,131,1,20,110,10023,1858,93,8072
2020-10-11,BALI,107,1,14,92,10130,1872,94,8164
2020-10-12,BALI,93,2,25,66,10223,1897,96,8230
2020-10-13,BALI,76,2,19,55,10299,1916,98,8285
2020-10-14,BALI,109,2,14,93,10408,1930,100,8378
2020-10-15,BALI,100,0,31,69,10508,1961,100,8447
2020-10-16,BALI,92,0,42,50,10600,2003,100,8497
2020-10-17,BALI,92,1,20,71,10692,2023,101,8568
2020-10-18,BALI,74,0,13,61,10766,2036,101,8629
2020-10-19,BALI,110,2,30,78,10876,2066,103,8707
2020-10-20,BALI,75,1,26,48,10951,2092,104,8755
2020-10-21,BALI,87,0,13,74,11038,2105,104,8829
2020-10-22,BALI,83,2,26,55,11121,2131,106,8884
2020-10-23,BALI,78,2,17,59,11199,2148,108,8943
2020-10-24,BALI,76,2,22,52,11275,2170,110,8995
2020-10-25,BALI,109,0,18,91,11384,2188,110,9086
2020-10-26,BALI,67,0,13,54,11451,2201,110,9140
2020-10-27,BALI,65,2,19,44,11516,2220,112,9184
2020-10-28,BALI,72,269,8184,-8381,11588,10404,381,803
2020-10-29,BALI,59,2,57,0,11647,10461,383,803
2020-10-30,BALI,65,3,105,-43,11712,10566,386,760
2020-10-31,BALI,52,2,63,-13,11764,10629,388,747
2020-11-01,BALI,57,2,53,2,11821,10682,390,749
2020-11-02,BALI,25,1,82,-58,11846,10764,391,691
2020-11-03,BALI,60,1,77,-18,11906,10841,392,673
2020-11-04,BALI,73,0,86,-13,11979,10927,392,660
2020-11-05,BALI,60,3,102,-45,12039,11029,395,615
2020-11-06,BALI,74,2,73,-1,12113,11102,397,614
2020-11-07,BALI,68,0,46,22,12181,11148,397,636
2020-11-08,BALI,44,0,56,-12,12225,11204,397,624
2020-11-09,BALI,68,1,88,-21,12293,11292,398,603
2020-11-10,BALI,44,2,92,-50,12337,11384,400,553
2020-11-11,BALI,93,0,63,30,12430,11447,400,583
2020-11-12,BALI,89,1,51,37,12519,11498,401,620
2020-11-13,BALI,64,1,59,4,12583,11557,402,624
2020-11-14,BALI,48,0,50,-2,12631,11607,402,622
2020-11-15,BALI,60,0,49,11,12691,11656,402,633
2020-11-16,BALI,7,1,38,-32,12698,11694,403,601
2020-11-17,BALI,2,2,60,-60,12700,11754,405,541
2020-11-18,BALI,69,0,99,-30,12769,11853,405,511
2020-11-19,BALI,88,0,65,23,12857,11918,405,534
2020-11-20,BALI,61,2,70,-11,12918,11988,407,523
2020-11-21,BALI,94,0,70,24,13012,12058,407,547
2020-11-22,BALI,103,1,68,34,13115,12126,408,581
2020-11-23,BALI,68,3,76,-11,13183,12202,411,570
2020-11-24,BALI,111,2,93,16,13294,12295,413,586
2020-11-25,BALI,95,2,68,25,13389,12363,415,611
2020-11-26,BALI,111,4,59,48,13500,12422,419,659
2020-11-27,BALI,82,4,52,26,13582,12474,423,685
2020-11-28,BALI,99,1,90,8,13681,12564,424,693
2020-11-29,BALI,109,2,54,53,13790,12618,426,746
2020-11-30,BALI,89,4,134,-49,13879,12752,430,697
2020-12-01,BALI,109,2,42,65,13988,12794,432,762
2020-12-02,BALI,202,0,96,106,14190,12890,432,868
2020-12-03,BALI,230,6,103,121,14420,12993,438,989
2020-12-04,BALI,122,3,88,31,14542,13081,441,1020
2020-12-05,BALI,91,1,105,-15,14633,13186,442,1005
2020-12-06,BALI,110,2,78,30,14743,13264,444,1035
2020-12-07,BALI,102,1,356,-255,14845,13620,445,780
2020-12-08,BALI,86,1,85,0,14931,13705,446,780
2020-12-09,BALI,139,4,91,44,15070,13796,450,824
2020-12-10,BALI,112,4,105,3,15182,13901,454,827
2020-12-11,BALI,110,4,92,14,15292,13993,458,841
2020-12-12,BALI,69,0,91,-22,15361,14084,458,819
2020-12-13,BALI,72,2,70,0,15433,14154,460,819
2020-12-14,BALI,77,0,102,-25,15510,14256,460,794
2020-12-15,BALI,73,7,66,0,15583,14322,467,794
2020-12-16,BALI,145,1,150,-6,15728,14472,468,788
2020-12-17,BALI,132,2,81,49,15860,14553,470,837
2020-12-18,BALI,121,3,79,39,15981,14632,473,876
2020-12-19,BALI,96,0,60,36,16077,14692,473,912
2020-12-20,BALI,99,3,79,17,16176,14771,476,929
2020-12-21,BALI,135,1,161,-27,16311,14932,477,902
2020-12-22,BALI,117,1,134,-18,16428,15066,478,884
2020-12-23,BALI,122,4,126,-8,16550,15192,482,876
2020-12-24,BALI,123,3,109,11,16673,15301,485,887
2020-12-25,BALI,112,4,95,13,16785,15396,489,900
2020-12-26,BALI,96,5,102,-11,16881,15498,494,889
2020-12-27,BALI,66,3,112,-49,16947,15610,497,840
2020-12-28,BALI,138,4,123,11,17085,15733,501,851
2020-12-29,BALI,172,3,187,-18,17257,15920,504,833
2020-12-30,BALI,157,8,125,24,17414,16045,512,857
2020-12-31,BALI,179,4,99,76,17593,16144,516,933
2021-01-01,BALI,101,1,76,24,17694,16220,517,957
2021-01-02,BALI,165,5,125,35,17859,16345,522,992
2021-01-03,BALI,119,0,84,35,17978,16429,522,1027
2021-01-04,BALI,118,8,114,-4,18096,16543,530,1023
2021-01-05,BALI,167,1,126,40,18263,16669,531,1063
2021-01-06,BALI,191,11,170,10,18454,16839,542,1073
2021-01-07,BALI,189,5,147,37,18643,16986,547,1110
2021-01-08,BALI,231,3,105,123,18874,17091,550,1233
2021-01-09,BALI,189,4,100,85,19063,17191,554,1318
2021-01-10,BALI,169,2,137,30,19232,17328,556,1348
2021-01-11,BALI,253,4,135,114,19485,17463,560,1462
2021-01-12,BALI,350,10,159,181,19835,17622,570,1643
2021-01-13,BALI,268,3,97,168,20103,17719,573,1811
2021-01-14,BALI,297,1,265,31,20400,17984,574,1842
2021-01-15,BALI,311,6,197,108,20711,18181,580,1950
2021-01-16,BALI,319,1,124,194,21030,18305,581,2144
2021-01-17,BALI,262,2,150,110,21292,18455,583,2254
2021-01-18,BALI,238,8,210,20,21530,18665,591,2274
2021-01-19,BALI,247,5,248,-6,21777,18913,596,2268
2021-01-20,BALI,494,7,241,246,22271,19154,603,2514
2021-01-21,BALI,483,4,179,300,22754,19333,607,2814
2021-01-22,BALI,313,9,269,35,23067,19602,616,2849
2021-01-23,BALI,253,8,223,22,23320,19825,624,2871
2021-01-24,BALI,292,5,212,75,23612,20037,629,2946
2021-01-25,BALI,186,10,260,-84,23798,20297,639,2862
2021-01-26,BALI,542,7,254,281,24340,20551,646,3143
2021-01-27,BALI,540,3,240,297,24880,20791,649,3440
2021-01-28,BALI,366,7,237,122,25246,21028,656,3562
2021-01-29,BALI,415,7,349,59,25661,21377,663,3621
2021-01-30,BALI,253,5,222,26,25914,21599,668,3647
2021-01-31,BALI,238,8,228,2,26152,21827,676,3649
2021-02-01,BALI,253,6,331,-84,26405,22158,682,3565
2021-02-02,BALI,309,6,385,-82,26714,22543,688,3483
2021-02-03,BALI,261,5,202,54,26975,22745,693,3537
2021-02-04,BALI,216,9,448,-241,27191,23193,702,3296
2021-02-05,BALI,508,9,354,145,27699,23547,711,3441
2021-02-06,BALI,197,14,389,-206,27896,23936,725,3235
2021-02-07,BALI,381,5,217,159,28277,24153,730,3394
2021-02-08,BALI,260,11,471,-222,28537,24624,741,3172
2021-02-09,BALI,453,6,328,119,28990,24952,747,3291
2021-02-10,BALI,305,11,305,-11,29295,25257,758,3280
2021-02-11,BALI,371,13,377,-19,29666,25634,771,3261
2021-02-12,BALI,312,9,307,-4,29978,25941,780,3257
2021-02-13,BALI,156,14,201,-59,30134,26142,794,3198
2021-02-14,BALI,139,6,196,-63,30273,26338,800,3135
2021-02-15,BALI,274,9,279,-14,30547,26617,809,3121
2021-02-16,BALI,274,11,301,-38,30821,26918,820,3083
2021-02-17,BALI,374,11,232,131,31195,27150,831,3214
2021-02-18,BALI,306,12,416,-122,31501,27566,843,3092
2021-02-19,BALI,330,10,411,-91,31831,27977,853,3001
2021-02-20,BALI,202,5,417,-220,32033,28394,858,2781
2021-02-21,BALI,326,7,204,115,32359,28598,865,2896
2021-02-22,BALI,278,8,300,-30,32637,28898,873,2866
2021-02-23,BALI,288,10,354,-76,32925,29252,883,2790
2021-02-24,BALI,307,6,303,-2,33232,29555,889,2788
2021-02-25,BALI,263,9,307,-53,33495,29862,898,2735
2021-02-26,BALI,330,10,307,13,33825,30169,908,2748
2021-02-27,BALI,151,6,280,-135,33976,30449,914,2613
2021-02-28,BALI,239,5,157,77,34215,30606,919,2690
2021-03-01,BALI,165,5,224,-64,34380,30830,924,2626
2021-03-02,BALI,167,7,253,-93,34547,31083,931,2533
2021-03-03,BALI,198,10,227,-39,34745,31310,941,2494
2021-03-04,BALI,268,14,245,9,35013,31555,955,2503
2021-03-05,BALI,214,8,296,-90,35227,31851,963,2413
2021-03-06,BALI,153,5,215,-67,35380,32066,968,2346
2021-03-07,BALI,147,3,186,-42,35527,32252,971,2304
2021-03-08,BALI,200,5,308,-113,35727,32560,976,2191
2021-03-09,BALI,256,7,256,-7,35983,32816,983,2184
2021-03-10,BALI,254,6,220,28,36237,33036,989,2212
2021-03-11,BALI,156,6,141,9,36393,33177,995,2221
2021-03-12,BALI,197,12,216,-31,36590,33393,1007,2190
2021-03-13,BALI,158,4,145,9,36748,33538,1011,2199
2021-03-14,BALI,0,3,21,-24,36748,33559,1014,2175
2021-03-15,BALI,100,5,230,-135,36848,33789,1019,2040
2021-03-16,BALI,77,7,210,-140,36925,33999,1026,1900
2021-03-17,BALI,227,9,291,-73,37152,34290,1035,1827
2021-03-18,BALI,306,8,226,72,37458,34516,1043,1899
2021-03-19,BALI,207,7,328,-128,37665,34844,1050,1771
2021-03-20,BALI,130,7,279,-156,37795,35123,1057,1615
2021-03-21,BALI,186,2,124,60,37981,35247,1059,1675
2021-03-22,BALI,174,7,225,-58,38155,35472,1066,1617
2021-03-23,BALI,182,10,116,56,38337,35588,1076,1673
2021-03-24,BALI,189,10,158,21,38526,35746,1086,1694
2021-03-25,BALI,201,5,140,56,38727,35886,1091,1750
2021-03-26,BALI,178,6,170,2,38905,36056,1097,1752
2021-03-27,BALI,145,8,135,2,39050,36191,1105,1754
2021-03-28,BALI,121,5,126,-10,39171,36317,1110,1744
2021-03-29,BALI,144,8,232,-96,39315,36549,1118,1648
2021-03-30,BALI,169,11,172,-14,39484,36721,1129,1634
2021-03-31,BALI,200,4,203,-7,39684,36924,1133,1627
2021-04-01,BALI,172,12,195,-35,39856,37119,1145,1592
2021-04-02,BALI,169,3,128,38,40025,37247,1148,1630
2021-04-03,BALI,141,6,221,-86,40166,37468,1154,1544
2021-04-04,BALI,255,5,257,-7,40421,37725,1159,1537
2021-04-05,BALI,187,6,152,29,40608,37877,1165,1566
2021-04-06,BALI,236,8,214,14,40844,38091,1173,1580
2021-04-07,BALI,210,9,153,48,41054,38244,1182,1628
2021-04-08,BALI,205,9,208,-12,41259,38452,1191,1616
2021-04-09,BALI,207,8,158,41,41466,38610,1199,1657
2021-04-10,BALI,153,4,135,14,41619,38745,1203,1671
2021-04-11,BALI,115,0,108,7,41734,38853,1203,1678
2021-04-12,BALI,169,9,177,-17,41903,39030,1212,1661
2021-04-13,BALI,150,6,120,24,42053,39150,1218,1685
2021-04-14,BALI,121,2,66,53,42174,39216,1220,1738
2021-04-15,BALI,202,5,143,54,42376,39359,1225,1792
2021-04-16,BALI,211,4,294,-87,42587,39653,1229,1705
2021-04-17,BALI,169,11,180,-22,42756,39833,1240,1683
2021-04-18,BALI,172,8,212,-48,42928,40045,1248,1635
2021-04-19,BALI,154,10,231,-87,43082,40276,1258,1548
2021-04-20,BALI,207,10,231,-34,43289,40507,1268,1514
2021-04-21,BALI,196,9,153,34,43485,40660,1277,1548
2021-04-22,BALI,168,8,232,-72,43653,40892,1285,1476
2021-04-23,BALI,138,8,124,6,43791,41016,1293,1482
2021-04-24,BALI,124,1,76,47,43915,41092,1294,1529
2021-04-25,BALI,66,5,87,-26,43981,41179,1299,1503
2021-04-26,BALI,105,8,182,-85,44086,41361,1307,1418
2021-04-27,BALI,150,8,113,29,44236,41474,1315,1447
2021-04-28,BALI,166,10,139,17,44402,41613,1325,1464
2021-04-29,BALI,132,5,207,-80,44534,41820,1330,1384
2021-04-30,BALI,137,6,147,-16,44671,41967,1336,1368
2021-05-01,BALI,142,10,165,-33,44813,42132,1346,1335
2021-05-02,BALI,86,5,61,20,44899,42193,1351,1355
2021-05-03,BALI,105,9,131,-35,45004,42324,1360,1320
2021-05-04,BALI,150,9,123,18,45154,42447,1369,1338
2021-05-05,BALI,128,9,126,-7,45282,42573,1378,1331
2021-05-06,BALI,146,11,156,-21,45428,42729,1389,1310
2021-05-07,BALI,114,5,150,-41,45542,42879,1394,1269
2021-05-08,BALI,113,8,130,-25,45655,43009,1402,1244
2021-05-09,BALI,103,5,103,-5,45758,43112,1407,1239
2021-05-10,BALI,74,9,134,-69,45832,43246,1416,1170
2021-05-11,BALI,101,9,90,2,45933,43336,1425,1172
2021-05-12,BALI,97,6,120,-29,46030,43456,1431,1143
2021-05-13,BALI,94,4,88,2,46124,43544,1435,1145
2021-05-14,BALI,47,4,98,-55,46171,43642,1439,1090
2021-05-15,BALI,45,3,121,-79,46216,43763,1442,1011
2021-05-16,BALI,74,4,52,18,46290,43815,1446,1029
2021-05-17,BALI,74,5,135,-66,46364,43950,1451,963
2021-05-18,BALI,79,4,114,-39,46443,44064,1455,924
2021-05-19,BALI,112,8,125,-21,46555,44189,1463,903
2021-05-20,BALI,83,4,94,-15,46638,44283,1467,888
2021-05-21,BALI,100,1,185,-86,46738,44468,1468,802
2021-05-22,BALI,50,5,83,-38,46788,44551,1473,764
2021-05-23,BALI,68,2,48,18,46856,44599,1475,782
2021-05-24,BALI,62,1,70,-9,46918,44669,1476,773
2021-05-25,BALI,55,5,83,-33,46973,44752,1481,740
2021-05-26,BALI,59,5,41,13,47032,44793,1486,753
2021-05-27,BALI,31,5,74,-48,47063,44867,1491,705
2021-05-28,BALI,61,6,69,-14,47124,44936,1497,691
2021-05-29,BALI,49,2,72,-25,47173,45008,1499,666
2021-05-30,BALI,42,2,42,-2,47215,45050,1501,664
2021-05-31,BALI,44,3,94,-53,47259,45144,1504,611
2021-06-01,BALI,28,0,32,-4,47287,45176,1504,607
2021-06-02,BALI,33,1,72,-40,47320,45248,1505,567
2021-06-03,BALI,46,0,70,-24,47366,45318,1505,543
2021-06-04,BALI,51,3,75,-27,47417,45393,1508,516
2021-06-05,BALI,28,0,44,-16,47445,45437,1508,500
2021-06-06,BALI,27,1,53,-27,47472,45490,1509,473
2021-06-07,BALI,36,0,45,-9,47508,45535,1509,464
2021-06-08,BALI,36,5,40,-9,47544,45575,1514,455
2021-06-09,BALI,37,0,55,-18,47581,45630,1514,437
2021-06-10,BALI,61,1,58,2,47642,45688,1515,439
2021-06-11,BALI,46,2,60,-16,47688,45748,1517,423
2021-06-12,BALI,22,3,35,-16,47710,45783,1520,407
2021-06-13,BALI,44,3,42,-1,47754,45825,1523,406
2021-06-14,BALI,48,2,58,-12,47802,45883,1525,394
2021-06-15,BALI,55,2,30,23,47857,45913,1527,417
2021-06-16,BALI,67,0,24,43,47924,45937,1527,460
2021-06-17,BALI,65,1,39,25,47989,45976,1528,485
2021-06-18,BALI,95,3,52,40,48084,46028,1531,525
2021-06-19,BALI,155,2,40,113,48239,46068,1533,638
2021-06-20,BALI,106,2,37,67,48345,46105,1535,705
2021-06-21,BALI,90,1,50,39,48435,46155,1536,744
2021-06-22,BALI,127,3,2,122,48562,46157,1539,866
2021-06-23,BALI,189,4,23,162,48751,46180,1543,1028
2021-06-24,BALI,181,2,70,109,48932,46250,1545,1137
2021-06-25,BALI,195,2,65,128,49127,46315,1547,1265
2021-06-26,BALI,246,3,86,157,49373,46401,1550,1422
2021-06-27,BALI,174,4,72,98,49547,46473,1554,1520
2021-06-28,BALI,212,5,151,56,49759,46624,1559,1576
2021-06-29,BALI,238,1,101,136,49997,46725,1560,1712
2021-06-30,BALI,221,0,112,109,50218,46837,1560,1821
2021-07-01,BALI,311,9,116,186,50529,46953,1569,2007
2021-07-02,BALI,343,8,175,160,50872,47128,1577,2167
2021-07-03,BALI,272,4,173,95,51144,47301,1581,2262
2021-07-04,BALI,355,4,131,220,51499,47432,1585,2482
2021-07-05,BALI,401,7,207,187,51900,47639,1592,2669
2021-07-06,BALI,424,5,268,151,52324,47907,1597,2820
2021-07-07,BALI,504,8,209,287,52828,48116,1605,3107
2021-07-08,BALI,577,7,265,305,53405,48381,1612,3412
2021-07-09,BALI,674,6,287,381,54079,48668,1618,3793
2021-07-10,BALI,678,7,236,435,54757,48904,1625,4228
2021-07-11,BALI,561,9,293,259,55318,49197,1634,4487
2021-07-12,BALI,656,14,315,327,55974,49512,1648,4814
2021-07-13,BALI,723,21,358,344,56697,49870,1669,5158
2021-07-14,BALI,791,21,314,456,57488,50184,1690,5614
2021-07-15,BALI,843,14,418,411,58331,50602,1704,6025
2021-07-16,BALI,885,21,475,389,59216,51077,1725,6414
2021-07-17,BALI,1019,23,529,467,60235,51606,1748,6881
2021-07-18,BALI,944,21,465,458,61179,52071,1769,7339
2021-07-19,BALI,837,25,617,195,62016,52688,1794,7534
2021-07-20,BALI,880,23,533,324,62896,53221,1817,7858
2021-07-21,BALI,1111,23,658,430,64007,53879,1840,8288
2021-07-22,BALI,1250,33,652,565,65257,54531,1873,8853
2021-07-23,BALI,1407,32,685,690,66664,55216,1905,9543
2021-07-24,BALI,1057,25,696,336,67721,55912,1930,9879
2021-07-25,BALI,990,27,696,267,68711,56608,1957,10146
2021-07-26,BALI,1078,26,802,250,69789,57410,1983,10396
2021-07-27,BALI,1314,33,829,452,71103,58239,2016,10848
2021-07-28,BALI,1452,44,954,454,72555,59193,2060,11302
2021-07-29,BALI,1119,20,614,485,73674,59807,2080,11787
2021-07-30,BALI,1365,37,810,518,75039,60617,2117,12305
2021-07-31,BALI,1280,34,908,338,76319,61525,2151,12643
2021-08-01,BALI,1146,33,839,274,77465,62364,2184,12917
2021-08-02,BALI,1044,47,766,231,78509,63130,2231,13148
2021-08-03,BALI,1408,38,937,433,79917,64067,2269,13581
2021-08-04,BALI,1362,37,1075,250,81279,65142,2306,13831
2021-08-05,BALI,1470,25,1235,210,82749,66377,2331,14041
2021-08-06,BALI,1239,46,1510,-317,83988,67887,2377,13724
2021-08-07,BALI,1027,39,1254,-266,85015,69141,2416,13458
2021-08-08,BALI,1184,25,1279,-120,86199,70420,2441,13338
2021-08-09,BALI,1018,40,1123,-145,87217,71543,2481,13193
2021-08-10,BALI,1411,36,1576,-201,88628,73119,2517,12992
2021-08-11,BALI,1270,27,1142,101,89898,74261,2544,13093
2021-08-12,BALI,1353,35,1557,-239,91251,75818,2579,12854
2021-08-13,BALI,1910,51,2124,-265,93161,77942,2630,12589
2021-08-14,BALI,1795,36,1642,117,94956,79584,2666,12706
2021-08-15,BALI,1071,43,2046,-1018,96027,81630,2709,11688
2021-08-16,BALI,888,48,961,-121,96915,82591,2757,11567
2021-08-17,BALI,988,48,1037,-97,97903,83628,2805,11470
2021-08-18,BALI,734,66,1154,-486,98637,84782,2871,10984
2020-03-22,PAPUA,2,0,0,2,2,0,0,2
2020-03-23,PAPUA,0,0,0,0,2,0,0,2
2020-03-24,PAPUA,0,0,0,0,2,0,0,2
2020-03-25,PAPUA,0,0,0,0,2,0,0,2
2020-03-26,PAPUA,4,0,0,4,6,0,0,6
2020-03-27,PAPUA,0,0,0,0,6,0,0,6
2020-03-28,PAPUA,0,0,0,0,6,0,0,6
2020-03-29,PAPUA,2,0,0,2,8,0,0,8
2020-03-30,PAPUA,0,0,0,0,8,0,0,8
2020-03-31,PAPUA,1,0,1,0,9,1,0,8
2020-04-01,PAPUA,0,0,1,-1,9,2,0,7
2020-04-02,PAPUA,0,0,1,-1,9,3,0,6
2020-04-03,PAPUA,6,1,0,5,15,3,1,11
2020-04-04,PAPUA,2,0,1,1,17,4,1,12
2020-04-05,PAPUA,8,0,0,8,25,4,1,20
2020-04-06,PAPUA,0,1,0,-1,25,4,2,19
2020-04-07,PAPUA,0,1,0,-1,25,4,3,18
2020-04-08,PAPUA,11,0,0,11,36,4,3,29
2020-04-09,PAPUA,0,0,0,0,36,4,3,29
2020-04-10,PAPUA,0,1,1,-2,36,5,4,27
2020-04-11,PAPUA,24,0,2,22,60,7,4,49
2020-04-12,PAPUA,1,0,2,-1,61,9,4,48
2020-04-13,PAPUA,6,0,0,6,67,9,4,54
2020-04-14,PAPUA,0,0,0,0,67,9,4,54
2020-04-15,PAPUA,7,0,0,7,74,9,4,61
2020-04-16,PAPUA,6,2,5,-1,80,14,6,60
2020-04-17,PAPUA,9,0,0,9,89,14,6,69
2020-04-18,PAPUA,6,0,0,6,95,14,6,75
2020-04-19,PAPUA,12,0,0,12,107,14,6,87
2020-04-20,PAPUA,0,0,14,-14,107,28,6,73
2020-04-21,PAPUA,11,0,4,7,118,32,6,80
2020-04-22,PAPUA,5,0,0,5,123,32,6,85
2020-04-23,PAPUA,7,0,0,7,130,32,6,92
2020-04-24,PAPUA,6,0,0,6,136,32,6,98
2020-04-25,PAPUA,0,0,0,0,136,32,6,98
2020-04-26,PAPUA,5,0,0,5,141,32,6,103
2020-04-27,PAPUA,10,0,0,10,151,32,6,113
2020-04-28,PAPUA,26,0,16,10,177,48,6,123
2020-04-29,PAPUA,12,0,0,12,189,48,6,135
2020-04-30,PAPUA,16,0,0,16,205,48,6,151
2020-05-01,PAPUA,5,0,1,4,210,49,6,155
2020-05-02,PAPUA,29,0,0,29,239,49,6,184
2020-05-03,PAPUA,0,0,0,0,239,49,6,184
2020-05-04,PAPUA,0,0,0,0,239,49,6,184
2020-05-05,PAPUA,6,0,0,6,245,49,6,190
2020-05-06,PAPUA,1,0,0,1,246,49,6,191
2020-05-07,PAPUA,4,0,0,4,250,49,6,195
2020-05-08,PAPUA,13,0,0,13,263,49,6,208
2020-05-09,PAPUA,12,0,0,12,275,49,6,220
2020-05-10,PAPUA,30,0,0,30,305,49,6,250
2020-05-11,PAPUA,0,0,0,0,305,49,6,250
2020-05-12,PAPUA,16,0,0,16,321,49,6,266
2020-05-13,PAPUA,5,0,0,5,326,49,6,271
2020-05-14,PAPUA,4,0,0,4,330,49,6,275
2020-05-15,PAPUA,3,0,0,3,333,49,6,278
2020-05-16,PAPUA,15,0,0,15,348,49,6,293
2020-05-17,PAPUA,33,0,0,33,381,49,6,326
2020-05-18,PAPUA,0,0,0,0,381,49,6,326
2020-05-19,PAPUA,6,0,0,6,387,49,6,332
2020-05-20,PAPUA,20,0,0,20,407,49,6,352
2020-05-21,PAPUA,1,0,0,1,408,49,6,353
2020-05-22,PAPUA,27,0,0,27,435,49,6,380
2020-05-23,PAPUA,56,0,0,56,491,49,6,436
2020-05-24,PAPUA,62,0,0,62,553,49,6,498
2020-05-25,PAPUA,9,0,20,-11,562,69,6,487
2020-05-26,PAPUA,0,0,0,0,562,69,6,487
2020-05-27,PAPUA,14,0,0,14,576,69,6,501
2020-05-28,PAPUA,4,0,0,4,580,69,6,505
2020-05-29,PAPUA,56,0,0,56,636,69,6,561
2020-05-30,PAPUA,18,0,0,18,654,69,6,579
2020-05-31,PAPUA,17,0,0,17,671,69,6,596
2020-06-01,PAPUA,41,0,0,41,712,69,6,637
2020-06-02,PAPUA,99,1,10,88,811,79,7,725
2020-06-03,PAPUA,46,0,0,46,857,79,7,771
2020-06-04,PAPUA,17,0,0,17,874,79,7,788
2020-06-05,PAPUA,42,0,0,42,916,79,7,830
2020-06-06,PAPUA,86,0,0,86,1002,79,7,916
2020-06-07,PAPUA,54,0,0,54,1056,79,7,970
2020-06-08,PAPUA,22,0,0,22,1078,79,7,992
2020-06-09,PAPUA,16,0,0,16,1094,79,7,1008
2020-06-10,PAPUA,28,0,0,28,1122,79,7,1036
2020-06-11,PAPUA,19,0,0,19,1141,79,7,1055
2020-06-12,PAPUA,31,0,0,31,1172,79,7,1086
2020-06-13,PAPUA,42,0,0,42,1214,79,7,1128
2020-06-14,PAPUA,12,0,50,-38,1226,129,7,1090
2020-06-15,PAPUA,0,0,63,-63,1226,192,7,1027
2020-06-16,PAPUA,29,0,103,-74,1255,295,7,953
2020-06-17,PAPUA,29,0,3,26,1284,298,7,979
2020-06-18,PAPUA,38,0,0,38,1322,298,7,1017
2020-06-19,PAPUA,18,0,0,18,1340,298,7,1035
2020-06-20,PAPUA,12,0,0,12,1352,298,7,1047
2020-06-21,PAPUA,49,0,0,49,1401,298,7,1096
2020-06-22,PAPUA,11,0,0,11,1412,298,7,1107
2020-06-23,PAPUA,49,0,0,49,1461,298,7,1156
2020-06-24,PAPUA,55,0,0,55,1516,298,7,1211
2020-06-25,PAPUA,56,0,0,56,1572,298,7,1267
2020-06-26,PAPUA,17,0,0,17,1589,298,7,1284
2020-06-27,PAPUA,35,0,0,35,1624,298,7,1319
2020-06-28,PAPUA,25,0,337,-312,1649,635,7,1007
2020-06-29,PAPUA,2,0,105,-103,1651,740,7,904
2020-06-30,PAPUA,62,8,119,-65,1713,859,15,839
2020-07-01,PAPUA,94,0,14,80,1807,873,15,919
2020-07-02,PAPUA,70,1,0,69,1877,873,16,988
2020-07-03,PAPUA,23,0,10,13,1900,883,16,1001
2020-07-04,PAPUA,38,0,0,38,1938,883,16,1039
2020-07-05,PAPUA,36,0,0,36,1974,883,16,1075
2020-07-06,PAPUA,7,2,48,-43,1981,931,18,1032
2020-07-07,PAPUA,30,1,35,-6,2011,966,19,1026
2020-07-08,PAPUA,18,1,23,-6,2029,989,20,1020
2020-07-09,PAPUA,28,0,57,-29,2057,1046,20,991
2020-07-10,PAPUA,85,0,16,69,2142,1062,20,1060
2020-07-11,PAPUA,28,0,19,9,2170,1081,20,1069
2020-07-12,PAPUA,67,2,7,58,2237,1088,22,1127
2020-07-13,PAPUA,101,0,9,92,2338,1097,22,1219
2020-07-14,PAPUA,1,0,2,-1,2339,1099,22,1218
2020-07-15,PAPUA,68,3,59,6,2407,1158,25,1224
2020-07-16,PAPUA,55,1,9,45,2462,1167,26,1269
2020-07-17,PAPUA,21,0,35,-14,2483,1202,26,1255
2020-07-18,PAPUA,58,0,11,47,2541,1213,26,1302
2020-07-19,PAPUA,50,1,13,36,2591,1226,27,1338
2020-07-20,PAPUA,41,0,10,31,2632,1236,27,1369
2020-07-21,PAPUA,9,3,7,-1,2641,1243,30,1368
2020-07-22,PAPUA,32,0,13,19,2673,1256,30,1387
2020-07-23,PAPUA,46,0,4,42,2719,1260,30,1429
2020-07-24,PAPUA,68,0,2,66,2787,1262,30,1495
2020-07-25,PAPUA,42,2,52,-12,2829,1314,32,1483
2020-07-26,PAPUA,57,0,8,49,2886,1322,32,1532
2020-07-27,PAPUA,56,0,16,40,2942,1338,32,1572
2020-07-28,PAPUA,19,0,9,10,2961,1347,32,1582
2020-07-29,PAPUA,27,0,17,10,2988,1364,32,1592
2020-07-30,PAPUA,33,0,14,19,3021,1378,32,1611
2020-07-31,PAPUA,38,0,0,38,3059,1378,32,1649
2020-08-01,PAPUA,28,0,0,28,3087,1378,32,1677
2020-08-02,PAPUA,27,1,22,4,3114,1400,33,1681
2020-08-03,PAPUA,0,0,0,0,3114,1400,33,1681
2020-08-04,PAPUA,50,0,47,3,3164,1447,33,1684
2020-08-05,PAPUA,11,0,27,-16,3175,1474,33,1668
2020-08-06,PAPUA,17,1,49,-33,3192,1523,34,1635
2020-08-07,PAPUA,22,0,223,-201,3214,1746,34,1434
2020-08-08,PAPUA,0,1,0,-1,3214,1746,35,1433
2020-08-09,PAPUA,43,0,106,-63,3257,1852,35,1370
2020-08-10,PAPUA,21,0,30,-9,3278,1882,35,1361
2020-08-11,PAPUA,1,0,56,-55,3279,1938,35,1306
2020-08-12,PAPUA,26,0,15,11,3305,1953,35,1317
2020-08-13,PAPUA,31,0,9,22,3336,1962,35,1339
2020-08-14,PAPUA,9,0,3,6,3345,1965,35,1345
2020-08-15,PAPUA,0,0,36,-36,3345,2001,35,1309
2020-08-16,PAPUA,77,1,20,56,3422,2021,36,1365
2020-08-17,PAPUA,10,0,4,6,3432,2025,36,1371
2020-08-18,PAPUA,0,0,0,0,3432,2025,36,1371
2020-08-19,PAPUA,21,2,6,13,3453,2031,38,1384
2020-08-20,PAPUA,67,4,65,-2,3520,2096,42,1382
2020-08-21,PAPUA,14,0,150,-136,3534,2246,42,1246
2020-08-22,PAPUA,33,0,36,-3,3567,2282,42,1243
2020-08-23,PAPUA,0,0,0,0,3567,2282,42,1243
2020-08-24,PAPUA,83,0,409,-326,3650,2691,42,917
2020-08-25,PAPUA,0,0,0,0,3650,2691,42,917
2020-08-26,PAPUA,36,0,340,-304,3686,3031,42,613
2020-08-27,PAPUA,23,0,12,11,3709,3043,42,624
2020-08-28,PAPUA,26,0,53,-27,3735,3096,42,597
2020-08-29,PAPUA,36,0,20,16,3771,3116,42,613
2020-08-30,PAPUA,25,1,5,19,3796,3121,43,632
2020-08-31,PAPUA,0,0,0,0,3796,3121,43,632
2020-09-01,PAPUA,66,1,25,40,3862,3146,44,672
2020-09-02,PAPUA,11,0,21,-10,3873,3167,44,662
2020-09-03,PAPUA,28,1,0,27,3901,3167,45,689
2020-09-04,PAPUA,72,1,18,53,3973,3185,46,742
2020-09-05,PAPUA,101,2,69,30,4074,3254,48,772
2020-09-06,PAPUA,0,0,0,0,4074,3254,48,772
2020-09-07,PAPUA,74,2,38,34,4148,3292,50,806
2020-09-08,PAPUA,14,0,24,-10,4162,3316,50,796
2020-09-09,PAPUA,0,0,0,0,4162,3316,50,796
2020-09-10,PAPUA,113,2,21,90,4275,3337,52,886
2020-09-11,PAPUA,54,2,26,26,4329,3363,54,912
2020-09-12,PAPUA,62,0,27,35,4391,3390,54,947
2020-09-13,PAPUA,84,3,18,63,4475,3408,57,1010
2020-09-14,PAPUA,96,0,0,96,4571,3408,57,1106
2020-09-15,PAPUA,65,2,20,43,4636,3428,59,1149
2020-09-16,PAPUA,126,2,11,113,4762,3439,61,1262
2020-09-17,PAPUA,73,3,16,54,4835,3455,64,1316
2020-09-18,PAPUA,58,5,67,-14,4893,3522,69,1302
2020-09-19,PAPUA,203,3,43,157,5096,3565,72,1459
2020-09-20,PAPUA,50,0,0,50,5146,3565,72,1509
2020-09-21,PAPUA,29,0,0,29,5175,3565,72,1538
2020-09-22,PAPUA,73,2,13,58,5248,3578,74,1596
2020-09-23,PAPUA,139,4,50,85,5387,3628,78,1681
2020-09-24,PAPUA,266,2,68,196,5653,3696,80,1877
2020-09-25,PAPUA,110,0,0,110,5763,3696,80,1987
2020-09-26,PAPUA,77,0,55,22,5840,3751,80,2009
2020-09-27,PAPUA,113,1,0,112,5953,3751,81,2121
2020-09-28,PAPUA,46,0,0,46,5999,3751,81,2167
2020-09-29,PAPUA,0,0,0,0,5999,3751,81,2167
2020-09-30,PAPUA,322,6,92,224,6321,3843,87,2391
2020-10-01,PAPUA,61,5,32,24,6382,3875,92,2415
2020-10-02,PAPUA,122,3,60,59,6504,3935,95,2474
2020-10-03,PAPUA,186,5,47,134,6690,3982,100,2608
2020-10-04,PAPUA,91,4,31,56,6781,4013,104,2664
2020-10-05,PAPUA,100,0,0,100,6881,4013,104,2764
2020-10-06,PAPUA,192,3,55,134,7073,4068,107,2898
2020-10-07,PAPUA,141,0,51,90,7214,4119,107,2988
2020-10-08,PAPUA,98,1,47,50,7312,4166,108,3038
2020-10-09,PAPUA,116,0,0,116,7428,4166,108,3154
2020-10-10,PAPUA,44,3,51,-10,7472,4217,111,3144
2020-10-11,PAPUA,150,0,0,150,7622,4217,111,3294
2020-10-12,PAPUA,0,0,0,0,7622,4217,111,3294
2020-10-13,PAPUA,142,1,114,27,7764,4331,112,3321
2020-10-14,PAPUA,224,1,46,177,7988,4377,113,3498
2020-10-15,PAPUA,111,1,58,52,8099,4435,114,3550
2020-10-16,PAPUA,0,0,0,0,8099,4435,114,3550
2020-10-17,PAPUA,69,4,18,47,8168,4453,118,3597
2020-10-18,PAPUA,71,0,0,71,8239,4453,118,3668
2020-10-19,PAPUA,0,1,0,-1,8239,4453,119,3667
2020-10-20,PAPUA,129,3,95,31,8368,4548,122,3698
2020-10-21,PAPUA,0,0,0,0,8368,4548,122,3698
2020-10-22,PAPUA,95,0,0,95,8463,4548,122,3793
2020-10-23,PAPUA,49,1,0,48,8512,4548,123,3841
2020-10-24,PAPUA,57,0,0,57,8569,4548,123,3898
2020-10-25,PAPUA,49,0,0,49,8618,4548,123,3947
2020-10-26,PAPUA,167,5,66,96,8785,4614,128,4043
2020-10-27,PAPUA,0,0,0,0,8785,4614,128,4043
2020-10-28,PAPUA,125,5,39,81,8910,4653,133,4124
2020-10-29,PAPUA,20,0,0,20,8930,4653,133,4144
2020-10-30,PAPUA,62,0,0,62,8992,4653,133,4206
2020-10-31,PAPUA,45,0,0,45,9037,4653,133,4251
2020-11-01,PAPUA,0,0,0,0,9037,4653,133,4251
2020-11-02,PAPUA,0,0,0,0,9037,4653,133,4251
2020-11-03,PAPUA,45,0,22,23,9082,4675,133,4274
2020-11-04,PAPUA,0,0,0,0,9082,4675,133,4274
2020-11-05,PAPUA,193,4,165,24,9275,4840,137,4298
2020-11-06,PAPUA,0,1,0,-1,9275,4840,138,4297
2020-11-07,PAPUA,0,0,0,0,9275,4840,138,4297
2020-11-08,PAPUA,33,3,50,-20,9308,4890,141,4277
2020-11-09,PAPUA,0,0,0,0,9308,4890,141,4277
2020-11-10,PAPUA,0,0,0,0,9308,4890,141,4277
2020-11-11,PAPUA,0,0,0,0,9308,4890,141,4277
2020-11-12,PAPUA,100,1,35,64,9408,4925,142,4341
2020-11-13,PAPUA,147,0,0,147,9555,4925,142,4488
2020-11-14,PAPUA,177,1,27,149,9732,4952,143,4637
2020-11-15,PAPUA,0,0,0,0,9732,4952,143,4637
2020-11-16,PAPUA,17,0,77,-60,9749,5029,143,4577
2020-11-17,PAPUA,6,0,0,6,9755,5029,143,4583
2020-11-18,PAPUA,4,0,0,4,9759,5029,143,4587
2020-11-19,PAPUA,0,0,0,0,9759,5029,143,4587
2020-11-20,PAPUA,0,0,0,0,9759,5029,143,4587
2020-11-21,PAPUA,0,0,0,0,9759,5029,143,4587
2020-11-22,PAPUA,0,0,0,0,9759,5029,143,4587
2020-11-23,PAPUA,0,0,0,0,9759,5029,143,4587
2020-11-24,PAPUA,100,0,0,100,9859,5029,143,4687
2020-11-25,PAPUA,39,0,0,39,9898,5029,143,4726
2020-11-26,PAPUA,36,0,0,36,9934,5029,143,4762
2020-11-27,PAPUA,39,0,0,39,9973,5029,143,4801
2020-11-28,PAPUA,28,0,100,-72,10001,5129,143,4729
2020-11-29,PAPUA,8,0,100,-92,10009,5229,143,4637
2020-11-30,PAPUA,5,1,100,-96,10014,5329,144,4541
2020-12-01,PAPUA,80,3,0,77,10094,5329,147,4618
2020-12-02,PAPUA,30,0,20,10,10124,5349,147,4628
2020-12-03,PAPUA,1748,1,102,1645,11872,5451,148,6273
2020-12-04,PAPUA,122,0,224,-102,11994,5675,148,6171
2020-12-05,PAPUA,52,0,0,52,12046,5675,148,6223
2020-12-06,PAPUA,19,0,0,19,12065,5675,148,6242
2020-12-07,PAPUA,48,0,25,23,12113,5700,148,6265
2020-12-08,PAPUA,123,0,0,123,12236,5700,148,6388
2020-12-09,PAPUA,59,0,3,56,12295,5703,148,6444
2020-12-10,PAPUA,37,1,46,-10,12332,5749,149,6434
2020-12-11,PAPUA,64,0,44,20,12396,5793,149,6454
2020-12-12,PAPUA,52,0,39,13,12448,5832,149,6467
2020-12-13,PAPUA,17,0,0,17,12465,5832,149,6484
2020-12-14,PAPUA,31,0,0,31,12496,5832,149,6515
2020-12-15,PAPUA,110,0,7,103,12606,5839,149,6618
2020-12-16,PAPUA,43,0,0,43,12649,5839,149,6661
2020-12-17,PAPUA,26,4,39,-17,12675,5878,153,6644
2020-12-18,PAPUA,28,0,8,20,12703,5886,153,6664
2020-12-19,PAPUA,32,0,0,32,12735,5886,153,6696
2020-12-20,PAPUA,17,0,1,16,12752,5887,153,6712
2020-12-21,PAPUA,32,0,100,-68,12784,5987,153,6644
2020-12-22,PAPUA,33,0,17,16,12817,6004,153,6660
2020-12-23,PAPUA,28,0,43,-15,12845,6047,153,6645
2020-12-24,PAPUA,41,0,0,41,12886,6047,153,6686
2020-12-25,PAPUA,22,0,300,-278,12908,6347,153,6408
2020-12-26,PAPUA,51,0,200,-149,12959,6547,153,6259
2020-12-27,PAPUA,92,0,200,-108,13051,6747,153,6151
2020-12-28,PAPUA,26,0,0,26,13077,6747,153,6177
2020-12-29,PAPUA,46,0,58,-12,13123,6805,153,6165
2020-12-30,PAPUA,31,0,150,-119,13154,6955,153,6046
2020-12-31,PAPUA,55,1,100,-46,13209,7055,154,6000
2021-01-01,PAPUA,11,1,123,-113,13220,7178,155,5887
2021-01-02,PAPUA,23,0,108,-85,13243,7286,155,5802
2021-01-03,PAPUA,27,1,211,-185,13270,7497,156,5617
2021-01-04,PAPUA,36,1,124,-89,13306,7621,157,5528
2021-01-05,PAPUA,67,0,102,-35,13373,7723,157,5493
2021-01-06,PAPUA,58,0,119,-61,13431,7842,157,5432
2021-01-07,PAPUA,47,1,105,-59,13478,7947,158,5373
2021-01-08,PAPUA,70,2,116,-48,13548,8063,160,5325
2021-01-09,PAPUA,75,1,13,61,13623,8076,161,5386
2021-01-10,PAPUA,32,1,8,23,13655,8084,162,5409
2021-01-11,PAPUA,63,0,13,50,13718,8097,162,5459
2021-01-12,PAPUA,42,0,12,30,13760,8109,162,5489
2021-01-13,PAPUA,61,2,12,47,13821,8121,164,5536
2021-01-14,PAPUA,50,1,8,41,13871,8129,165,5577
2021-01-15,PAPUA,99,0,9,90,13970,8138,165,5667
2021-01-16,PAPUA,98,0,8,90,14068,8146,165,5757
2021-01-17,PAPUA,32,0,0,32,14100,8146,165,5789
2021-01-18,PAPUA,31,1,8,22,14131,8154,166,5811
2021-01-19,PAPUA,109,0,9,100,14240,8163,166,5911
2021-01-20,PAPUA,60,0,6,54,14300,8169,166,5965
2021-01-21,PAPUA,90,0,18,72,14390,8187,166,6037
2021-01-22,PAPUA,185,0,16,169,14575,8203,166,6206
2021-01-23,PAPUA,69,3,101,-35,14644,8304,169,6171
2021-01-24,PAPUA,64,0,10,54,14708,8314,169,6225
2021-01-25,PAPUA,18,0,27,-9,14726,8341,169,6216
2021-01-26,PAPUA,136,0,21,115,14862,8362,169,6331
2021-01-27,PAPUA,70,1,19,50,14932,8381,170,6381
2021-01-28,PAPUA,0,2,114,-116,14932,8495,172,6265
2021-01-29,PAPUA,212,2,16,194,15144,8511,174,6459
2021-01-30,PAPUA,64,1,12,51,15208,8523,175,6510
2021-01-31,PAPUA,22,0,16,6,15230,8539,175,6516
2021-02-01,PAPUA,11,0,16,-5,15241,8555,175,6511
2021-02-02,PAPUA,77,0,17,60,15318,8572,175,6571
2021-02-03,PAPUA,69,0,51,18,15387,8623,175,6589
2021-02-04,PAPUA,145,0,23,122,15532,8646,175,6711
2021-02-05,PAPUA,63,0,19,44,15595,8665,175,6755
2021-02-06,PAPUA,67,0,14,53,15662,8679,175,6808
2021-02-07,PAPUA,57,0,10,47,15719,8689,175,6855
2021-02-08,PAPUA,52,0,18,34,15771,8707,175,6889
2021-02-09,PAPUA,63,0,19,44,15834,8726,175,6933
2021-02-10,PAPUA,101,2,10,89,15935,8736,177,7022
2021-02-11,PAPUA,41,0,16,25,15976,8752,177,7047
2021-02-12,PAPUA,67,1,17,49,16043,8769,178,7096
2021-02-13,PAPUA,55,0,7,48,16098,8776,178,7144
2021-02-14,PAPUA,15,0,13,2,16113,8789,178,7146
2021-02-15,PAPUA,17,0,12,5,16130,8801,178,7151
2021-02-16,PAPUA,2,0,13,-11,16132,8814,178,7140
2021-02-17,PAPUA,8,0,225,-217,16140,9039,178,6923
2021-02-18,PAPUA,33,0,8,25,16173,9047,178,6948
2021-02-19,PAPUA,143,0,34,109,16316,9081,178,7057
2021-02-20,PAPUA,118,1,12,105,16434,9093,179,7162
2021-02-21,PAPUA,40,3,12,25,16474,9105,182,7187
2021-02-22,PAPUA,92,0,1,91,16566,9106,182,7278
2021-02-23,PAPUA,76,0,17,59,16642,9123,182,7337
2021-02-24,PAPUA,41,0,19,22,16683,9142,182,7359
2021-02-25,PAPUA,51,0,22,29,16734,9164,182,7388
2021-02-26,PAPUA,160,0,37,123,16894,9201,182,7511
2021-02-27,PAPUA,93,0,31,62,16987,9232,182,7573
2021-02-28,PAPUA,55,0,49,6,17042,9281,182,7579
2021-03-01,PAPUA,41,2,41,-2,17083,9322,184,7577
2021-03-02,PAPUA,82,1,49,32,17165,9371,185,7609
2021-03-03,PAPUA,116,0,36,80,17281,9407,185,7689
2021-03-04,PAPUA,163,0,48,115,17444,9455,185,7804
2021-03-05,PAPUA,63,0,33,30,17507,9488,185,7834
2021-03-06,PAPUA,53,1,27,25,17560,9515,186,7859
2021-03-07,PAPUA,5,2,39,-36,17565,9554,188,7823
2021-03-08,PAPUA,89,0,41,48,17654,9595,188,7871
2021-03-09,PAPUA,360,1,29,330,18014,9624,189,8201
2021-03-10,PAPUA,181,1,32,148,18195,9656,190,8349
2021-03-11,PAPUA,153,14,428,-289,18348,10084,204,8060
2021-03-12,PAPUA,55,0,30,25,18403,10114,204,8085
2021-03-13,PAPUA,47,0,37,10,18450,10151,204,8095
2021-03-14,PAPUA,32,0,38,-6,18482,10189,204,8089
2021-03-15,PAPUA,45,0,30,15,18527,10219,204,8104
2021-03-16,PAPUA,70,0,21,49,18597,10240,204,8153
2021-03-17,PAPUA,65,0,2,63,18662,10242,204,8216
2021-03-18,PAPUA,126,0,30,96,18788,10272,204,8312
2021-03-19,PAPUA,110,1,19,90,18898,10291,205,8402
2021-03-20,PAPUA,40,0,0,40,18938,10291,205,8442
2021-03-21,PAPUA,5,2,35,-32,18943,10326,207,8410
2021-03-22,PAPUA,20,0,0,20,18963,10326,207,8430
2021-03-23,PAPUA,59,0,21,38,19022,10347,207,8468
2021-03-24,PAPUA,66,0,12,54,19088,10359,207,8522
2021-03-25,PAPUA,116,0,40,76,19204,10399,207,8598
2021-03-26,PAPUA,89,0,5,84,19293,10404,207,8682
2021-03-27,PAPUA,121,0,0,121,19414,10404,207,8803
2021-03-28,PAPUA,15,0,15,0,19429,10419,207,8803
2021-03-29,PAPUA,50,1,11,38,19479,10430,208,8841
2021-03-30,PAPUA,52,1,35,16,19531,10465,209,8857
2021-03-31,PAPUA,58,0,0,58,19589,10465,209,8915
2021-04-01,PAPUA,13,1,25,-13,19602,10490,210,8902
2021-04-02,PAPUA,52,0,51,1,19654,10541,210,8903
2021-04-03,PAPUA,21,0,32,-11,19675,10573,210,8892
2021-04-04,PAPUA,17,0,18,-1,19692,10591,210,8891
2021-04-05,PAPUA,6,1,46,-41,19698,10637,211,8850
2021-04-06,PAPUA,30,0,3,27,19728,10640,211,8877
2021-04-07,PAPUA,60,0,20,40,19788,10660,211,8917
2021-04-08,PAPUA,75,2,30,43,19863,10690,213,8960
2021-04-09,PAPUA,66,0,37,29,19929,10727,213,8989
2021-04-10,PAPUA,73,0,0,73,20002,10727,213,9062
2021-04-11,PAPUA,20,1,39,-20,20022,10766,214,9042
2021-04-12,PAPUA,30,0,67,-37,20052,10833,214,9005
2021-04-13,PAPUA,12,0,1,11,20064,10834,214,9016
2021-04-14,PAPUA,0,0,37,-37,20064,10871,214,8979
2021-04-15,PAPUA,63,0,30,33,20127,10901,214,9012
2021-04-16,PAPUA,44,0,41,3,20171,10942,214,9015
2021-04-17,PAPUA,13,0,34,-21,20184,10976,214,8994
2021-04-18,PAPUA,6,0,48,-42,20190,11024,214,8952
2021-04-19,PAPUA,29,0,50,-21,20219,11074,214,8931
2021-04-20,PAPUA,15,0,25,-10,20234,11099,214,8921
2021-04-21,PAPUA,24,0,0,24,20258,11099,214,8945
2021-04-22,PAPUA,13,0,47,-34,20271,11146,214,8911
2021-04-23,PAPUA,8,0,3,5,20279,11149,214,8916
2021-04-24,PAPUA,5,0,15,-10,20284,11164,214,8906
2021-04-25,PAPUA,8,0,24,-16,20292,11188,214,8890
2021-04-26,PAPUA,2,0,18,-16,20294,11206,214,8874
2021-04-27,PAPUA,14,0,16,-2,20308,11222,214,8872
2021-04-28,PAPUA,12,0,25,-13,20320,11247,214,8859
2021-04-29,PAPUA,18,0,39,-21,20338,11286,214,8838
2021-04-30,PAPUA,27,0,31,-4,20365,11317,214,8834
2021-05-01,PAPUA,0,0,10,-10,20365,11327,214,8824
2021-05-02,PAPUA,0,0,14,-14,20365,11341,214,8810
2021-05-03,PAPUA,0,0,16,-16,20365,11357,214,8794
2021-05-04,PAPUA,3,0,5,-2,20368,11362,214,8792
2021-05-05,PAPUA,18,0,18,0,20386,11380,214,8792
2021-05-06,PAPUA,22,0,22,0,20408,11402,214,8792
2021-05-07,PAPUA,2,0,0,2,20410,11402,214,8794
2021-05-08,PAPUA,1,0,4,-3,20411,11406,214,8791
2021-05-09,PAPUA,17,0,18,-1,20428,11424,214,8790
2021-05-10,PAPUA,0,0,0,0,20428,11424,214,8790
2021-05-11,PAPUA,2,0,18,-16,20430,11442,214,8774
2021-05-12,PAPUA,3,0,6,-3,20433,11448,214,8771
2021-05-13,PAPUA,0,0,0,0,20433,11448,214,8771
2021-05-14,PAPUA,0,0,4,-4,20433,11452,214,8767
2021-05-15,PAPUA,0,0,0,0,20433,11452,214,8767
2021-05-16,PAPUA,0,0,0,0,20433,11452,214,8767
2021-05-17,PAPUA,0,0,0,0,20433,11452,214,8767
2021-05-18,PAPUA,0,0,0,0,20433,11452,214,8767
2021-05-19,PAPUA,0,0,0,0,20433,11452,214,8767
2021-05-20,PAPUA,0,0,0,0,20433,11452,214,8767
2021-05-21,PAPUA,0,0,0,0,20433,11452,214,8767
2021-05-22,PAPUA,0,0,0,0,20433,11452,214,8767
2021-05-23,PAPUA,0,0,0,0,20433,11452,214,8767
2021-05-24,PAPUA,28,0,0,28,20461,11452,214,8795
2021-05-25,PAPUA,0,0,0,0,20461,11452,214,8795
2021-05-26,PAPUA,0,1,0,-1,20461,11452,215,8794
2021-05-27,PAPUA,0,0,0,0,20461,11452,215,8794
2021-05-28,PAPUA,0,0,0,0,20461,11452,215,8794
2021-05-29,PAPUA,0,0,0,0,20461,11452,215,8794
2021-05-30,PAPUA,0,0,0,0,20461,11452,215,8794
2021-05-31,PAPUA,0,0,0,0,20461,11452,215,8794
2021-06-01,PAPUA,0,0,0,0,20461,11452,215,8794
2021-06-02,PAPUA,0,0,0,0,20461,11452,215,8794
2021-06-03,PAPUA,0,0,0,0,20461,11452,215,8794
2021-06-04,PAPUA,0,0,0,0,20461,11452,215,8794
2021-06-05,PAPUA,12,0,0,12,20473,11452,215,8806
2021-06-06,PAPUA,0,0,0,0,20473,11452,215,8806
2021-06-07,PAPUA,0,0,0,0,20473,11452,215,8806
2021-06-08,PAPUA,16,0,10,6,20489,11462,215,8812
2021-06-09,PAPUA,20,1,20,-1,20509,11482,216,8811
2021-06-10,PAPUA,34,2,20,12,20543,11502,218,8823
2021-06-11,PAPUA,30,2,20,8,20573,11522,220,8831
2021-06-12,PAPUA,20,0,10,10,20593,11532,220,8841
2021-06-13,PAPUA,8,0,20,-12,20601,11552,220,8829
2021-06-14,PAPUA,4,0,0,4,20605,11552,220,8833
2021-06-15,PAPUA,11,1,6,4,20616,11558,221,8837
2021-06-16,PAPUA,4,0,0,4,20620,11558,221,8841
2021-06-17,PAPUA,28,0,2,26,20648,11560,221,8867
2021-06-18,PAPUA,11,0,6,5,20659,11566,221,8872
2021-06-19,PAPUA,7,0,2,5,20666,11568,221,8877
2021-06-20,PAPUA,6,0,0,6,20672,11568,221,8883
2021-06-21,PAPUA,12,0,0,12,20684,11568,221,8895
2021-06-22,PAPUA,37,0,0,37,20721,11568,221,8932
2021-06-23,PAPUA,37,0,2,35,20758,11570,221,8967
2021-06-24,PAPUA,10,0,0,10,20768,11570,221,8977
2021-06-25,PAPUA,45,0,2,43,20813,11572,221,9020
2021-06-26,PAPUA,42,0,8,34,20855,11580,221,9054
2021-06-27,PAPUA,34,0,5,29,20889,11585,221,9083
2021-06-28,PAPUA,12,0,0,12,20901,11585,221,9095
2021-06-29,PAPUA,45,0,3,42,20946,11588,221,9137
2021-06-30,PAPUA,35,0,59,-24,20981,11647,221,9113
2021-07-01,PAPUA,46,0,0,46,21027,11647,221,9159
2021-07-02,PAPUA,25,0,6,19,21052,11653,221,9178
2021-07-03,PAPUA,30,0,1,29,21082,11654,221,9207
2021-07-04,PAPUA,67,0,13,54,21149,11667,221,9261
2021-07-05,PAPUA,44,0,0,44,21193,11667,221,9305
2021-07-06,PAPUA,15,0,0,15,21208,11667,221,9320
2021-07-07,PAPUA,69,0,0,69,21277,11667,221,9389
2021-07-08,PAPUA,101,0,5,96,21378,11672,221,9485
2021-07-09,PAPUA,125,0,21,104,21503,11693,221,9589
2021-07-10,PAPUA,74,0,3,71,21577,11696,221,9660
2021-07-11,PAPUA,89,0,13,76,21666,11709,221,9736
2021-07-12,PAPUA,209,0,1,208,21875,11710,221,9944
2021-07-13,PAPUA,209,0,19,190,22084,11729,221,10134
2021-07-14,PAPUA,357,0,1,356,22441,11730,221,10490
2021-07-15,PAPUA,317,0,0,317,22758,11730,221,10807
2021-07-16,PAPUA,292,0,0,292,23050,11730,221,11099
2021-07-17,PAPUA,199,0,0,199,23249,11730,221,11298
2021-07-18,PAPUA,135,3,63,69,23384,11793,224,11367
2021-07-19,PAPUA,180,0,0,180,23564,11793,224,11547
2021-07-20,PAPUA,260,0,3,257,23824,11796,224,11804
2021-07-21,PAPUA,256,0,1,255,24080,11797,224,12059
2021-07-22,PAPUA,221,1,0,220,24301,11797,225,12279
2021-07-23,PAPUA,325,1,0,324,24626,11797,226,12603
2021-07-24,PAPUA,261,4,59,198,24887,11856,230,12801
2021-07-25,PAPUA,189,0,1,188,25076,11857,230,12989
2021-07-26,PAPUA,351,0,0,351,25427,11857,230,13340
2021-07-27,PAPUA,351,0,109,242,25778,11966,230,13582
2021-07-28,PAPUA,338,0,300,38,26116,12266,230,13620
2021-07-29,PAPUA,325,12,282,31,26441,12548,242,13651
2021-07-30,PAPUA,330,25,1,304,26771,12549,267,13955
2021-07-31,PAPUA,264,1,0,263,27035,12549,268,14218
2021-08-01,PAPUA,187,7,12,168,27222,12561,275,14386
2021-08-02,PAPUA,173,0,0,173,27395,12561,275,14559
2021-08-03,PAPUA,325,4,16,305,27720,12577,279,14864
2021-08-04,PAPUA,254,1,141,112,27974,12718,280,14976
2021-08-05,PAPUA,301,1,113,187,28275,12831,281,15163
2021-08-06,PAPUA,212,3,252,-43,28487,13083,284,15120
2021-08-07,PAPUA,217,10,217,-10,28704,13300,294,15110
2021-08-08,PAPUA,94,5,200,-111,28798,13500,299,14999
2021-08-09,PAPUA,135,2,3364,-3231,28933,16864,301,11768
2021-08-10,PAPUA,205,9,309,-113,29138,17173,310,11655
2021-08-11,PAPUA,175,9,155,11,29313,17328,319,11666
2021-08-12,PAPUA,224,3,96,125,29537,17424,322,11791
2021-08-13,PAPUA,241,5,200,36,29778,17624,327,11827
2021-08-14,PAPUA,178,2,200,-24,29956,17824,329,11803
2021-08-15,PAPUA,152,0,207,-55,30108,18031,329,11748
2021-08-16,PAPUA,197,2,164,31,30305,18195,331,11779
2021-08-17,PAPUA,234,16,183,35,30539,18378,347,11814
2021-08-18,PAPUA,154,1,105,48,30693,18483,348,11862
2020-03-30,KALIMANTAN SELATAN,5,0,0,5,5,0,0,5
2020-03-31,KALIMANTAN SELATAN,2,0,0,2,7,0,0,7
2020-04-01,KALIMANTAN SELATAN,0,0,0,0,7,0,0,7
2020-04-02,KALIMANTAN SELATAN,0,0,0,0,7,0,0,7
2020-04-03,KALIMANTAN SELATAN,0,0,0,0,7,0,0,7
2020-04-04,KALIMANTAN SELATAN,0,0,0,0,7,0,0,7
2020-04-05,KALIMANTAN SELATAN,8,1,0,7,15,0,1,14
2020-04-06,KALIMANTAN SELATAN,2,0,0,2,17,0,1,16
2020-04-07,KALIMANTAN SELATAN,0,2,0,-2,17,0,3,14
2020-04-08,KALIMANTAN SELATAN,4,0,1,3,21,1,3,17
2020-04-09,KALIMANTAN SELATAN,0,1,2,-3,21,3,4,14
2020-04-10,KALIMANTAN SELATAN,7,0,0,7,28,3,4,21
2020-04-11,KALIMANTAN SELATAN,0,1,0,-1,28,3,5,20
2020-04-12,KALIMANTAN SELATAN,5,0,0,5,33,3,5,25
2020-04-13,KALIMANTAN SELATAN,1,0,1,0,34,4,5,25
2020-04-14,KALIMANTAN SELATAN,3,2,0,1,37,4,7,26
2020-04-15,KALIMANTAN SELATAN,12,0,1,11,49,5,7,37
2020-04-16,KALIMANTAN SELATAN,9,0,4,5,58,9,7,42
2020-04-17,KALIMANTAN SELATAN,15,0,0,15,73,9,7,57
2020-04-18,KALIMANTAN SELATAN,18,0,1,17,91,10,7,74
2020-04-19,KALIMANTAN SELATAN,4,0,0,4,95,10,7,78
2020-04-20,KALIMANTAN SELATAN,0,0,0,0,95,10,7,78
2020-04-21,KALIMANTAN SELATAN,2,0,1,1,97,11,7,79
2020-04-22,KALIMANTAN SELATAN,10,0,0,10,107,11,7,89
2020-04-23,KALIMANTAN SELATAN,7,1,0,6,114,11,8,95
2020-04-24,KALIMANTAN SELATAN,18,0,0,18,132,11,8,113
2020-04-25,KALIMANTAN SELATAN,14,0,4,10,146,15,8,123
2020-04-26,KALIMANTAN SELATAN,0,0,1,-1,146,16,8,122
2020-04-27,KALIMANTAN SELATAN,4,0,0,4,150,16,8,126
2020-04-28,KALIMANTAN SELATAN,0,1,4,-5,150,20,9,121
2020-04-29,KALIMANTAN SELATAN,7,0,0,7,157,20,9,128
2020-04-30,KALIMANTAN SELATAN,13,0,0,13,170,20,9,141
2020-05-01,KALIMANTAN SELATAN,9,0,4,5,179,24,9,146
2020-05-02,KALIMANTAN SELATAN,0,0,0,0,179,24,9,146
2020-05-03,KALIMANTAN SELATAN,16,0,0,16,195,24,9,162
2020-05-04,KALIMANTAN SELATAN,3,0,0,3,198,24,9,165
2020-05-05,KALIMANTAN SELATAN,14,0,0,14,212,24,9,179
2020-05-06,KALIMANTAN SELATAN,13,0,0,13,225,24,9,192
2020-05-07,KALIMANTAN SELATAN,13,0,0,13,238,24,9,205
2020-05-08,KALIMANTAN SELATAN,8,0,0,8,246,24,9,213
2020-05-09,KALIMANTAN SELATAN,7,0,0,7,253,24,9,220
2020-05-10,KALIMANTAN SELATAN,7,0,0,7,260,24,9,227
2020-05-11,KALIMANTAN SELATAN,0,0,0,0,260,24,9,227
2020-05-12,KALIMANTAN SELATAN,14,0,0,14,274,24,9,241
2020-05-13,KALIMANTAN SELATAN,13,0,0,13,287,24,9,254
2020-05-14,KALIMANTAN SELATAN,2,0,0,2,289,24,9,256
2020-05-15,KALIMANTAN SELATAN,67,27,0,40,356,24,36,296
2020-05-16,KALIMANTAN SELATAN,7,0,50,-43,363,74,36,253
2020-05-17,KALIMANTAN SELATAN,2,8,0,-6,365,74,44,247
2020-05-18,KALIMANTAN SELATAN,71,2,0,69,436,74,46,316
2020-05-19,KALIMANTAN SELATAN,46,5,3,38,482,77,51,354
2020-05-20,KALIMANTAN SELATAN,59,4,0,55,541,77,55,409
2020-05-21,KALIMANTAN SELATAN,8,4,1,3,549,78,59,412
2020-05-22,KALIMANTAN SELATAN,21,0,0,21,570,78,59,433
2020-05-23,KALIMANTAN SELATAN,18,2,0,16,588,78,61,449
2020-05-24,KALIMANTAN SELATAN,9,2,3,4,597,81,63,453
2020-05-25,KALIMANTAN SELATAN,3,2,0,1,600,81,65,454
2020-05-26,KALIMANTAN SELATAN,28,8,0,20,628,81,73,474
2020-05-27,KALIMANTAN SELATAN,73,0,0,73,701,81,73,547
2020-05-28,KALIMANTAN SELATAN,114,1,2,111,815,83,74,658
2020-05-29,KALIMANTAN SELATAN,73,5,15,53,888,98,79,711
2020-05-30,KALIMANTAN SELATAN,3,0,2,1,891,100,79,712
2020-05-31,KALIMANTAN SELATAN,26,6,0,20,917,100,85,732
2020-06-01,KALIMANTAN SELATAN,29,1,0,28,946,100,86,760
2020-06-02,KALIMANTAN SELATAN,21,3,2,16,967,102,89,776
2020-06-03,KALIMANTAN SELATAN,64,3,0,61,1031,102,92,837
2020-06-04,KALIMANTAN SELATAN,109,0,3,106,1140,105,92,943
2020-06-05,KALIMANTAN SELATAN,71,2,0,69,1211,105,94,1012
2020-06-06,KALIMANTAN SELATAN,33,2,4,27,1244,109,96,1039
2020-06-07,KALIMANTAN SELATAN,38,3,0,35,1282,109,99,1074
2020-06-08,KALIMANTAN SELATAN,62,0,9,53,1344,118,99,1127
2020-06-09,KALIMANTAN SELATAN,91,8,1,82,1435,119,107,1209
2020-06-10,KALIMANTAN SELATAN,127,4,10,113,1562,129,111,1322
2020-06-11,KALIMANTAN SELATAN,70,4,36,30,1632,165,115,1352
2020-06-12,KALIMANTAN SELATAN,60,3,15,42,1692,180,118,1394
2020-06-13,KALIMANTAN SELATAN,123,6,22,95,1815,202,124,1489
2020-06-14,KALIMANTAN SELATAN,70,6,29,35,1885,231,130,1524
2020-06-15,KALIMANTAN SELATAN,66,4,16,46,1951,247,134,1570
2020-06-16,KALIMANTAN SELATAN,169,6,6,157,2120,253,140,1727
2020-06-17,KALIMANTAN SELATAN,87,9,79,-1,2207,332,149,1726
2020-06-18,KALIMANTAN SELATAN,118,2,14,102,2325,346,151,1828
2020-06-19,KALIMANTAN SELATAN,66,3,14,49,2391,360,154,1877
2020-06-20,KALIMANTAN SELATAN,84,10,25,49,2475,385,164,1926
2020-06-21,KALIMANTAN SELATAN,94,2,10,82,2569,395,166,2008
2020-06-22,KALIMANTAN SELATAN,89,0,10,79,2658,405,166,2087
2020-06-23,KALIMANTAN SELATAN,27,1,28,-2,2685,433,167,2085
2020-06-24,KALIMANTAN SELATAN,90,7,15,68,2775,448,174,2153
2020-06-25,KALIMANTAN SELATAN,59,3,86,-30,2834,534,177,2123
2020-06-26,KALIMANTAN SELATAN,41,0,15,26,2875,549,177,2149
2020-06-27,KALIMANTAN SELATAN,54,4,94,-44,2929,643,181,2105
2020-06-28,KALIMANTAN SELATAN,73,4,80,-11,3002,723,185,2094
2020-06-29,KALIMANTAN SELATAN,38,3,5,30,3040,728,188,2124
2020-06-30,KALIMANTAN SELATAN,108,1,38,69,3148,766,189,2193
2020-07-01,KALIMANTAN SELATAN,75,0,23,52,3223,789,189,2245
2020-07-02,KALIMANTAN SELATAN,113,5,51,57,3336,840,194,2302
2020-07-03,KALIMANTAN SELATAN,110,3,28,79,3446,868,197,2381
2020-07-04,KALIMANTAN SELATAN,73,2,42,29,3519,910,199,2410
2020-07-05,KALIMANTAN SELATAN,44,2,32,10,3563,942,201,2420
2020-07-06,KALIMANTAN SELATAN,64,3,15,46,3627,957,204,2466
2020-07-07,KALIMANTAN SELATAN,67,1,107,-41,3694,1064,205,2425
2020-07-08,KALIMANTAN SELATAN,123,3,62,58,3817,1126,208,2483
2020-07-09,KALIMANTAN SELATAN,106,2,22,82,3923,1148,210,2565
2020-07-10,KALIMANTAN SELATAN,66,0,55,11,3989,1203,210,2576
2020-07-11,KALIMANTAN SELATAN,79,5,75,-1,4068,1278,215,2575
2020-07-12,KALIMANTAN SELATAN,77,5,107,-35,4145,1385,220,2540
2020-07-13,KALIMANTAN SELATAN,73,3,24,46,4218,1409,223,2586
2020-07-14,KALIMANTAN SELATAN,161,2,54,105,4379,1463,225,2691
2020-07-15,KALIMANTAN SELATAN,109,8,41,60,4488,1504,233,2751
2020-07-16,KALIMANTAN SELATAN,133,2,66,65,4621,1570,235,2816
2020-07-17,KALIMANTAN SELATAN,101,7,42,52,4722,1612,242,2868
2020-07-18,KALIMANTAN SELATAN,107,3,88,16,4829,1700,245,2884
2020-07-19,KALIMANTAN SELATAN,110,5,30,75,4939,1730,250,2959
2020-07-20,KALIMANTAN SELATAN,52,6,99,-53,4991,1829,256,2906
2020-07-21,KALIMANTAN SELATAN,92,5,191,-104,5083,2020,261,2802
2020-07-22,KALIMANTAN SELATAN,133,1,134,-2,5216,2154,262,2800
2020-07-23,KALIMANTAN SELATAN,116,0,115,1,5332,2269,262,2801
2020-07-24,KALIMANTAN SELATAN,90,3,271,-184,5422,2540,265,2617
2020-07-25,KALIMANTAN SELATAN,118,5,178,-65,5540,2718,270,2552
2020-07-26,KALIMANTAN SELATAN,115,2,131,-18,5655,2849,272,2534
2020-07-27,KALIMANTAN SELATAN,33,3,67,-37,5688,2916,275,2497
2020-07-28,KALIMANTAN SELATAN,94,4,157,-67,5782,3073,279,2430
2020-07-29,KALIMANTAN SELATAN,101,8,71,22,5883,3144,287,2452
2020-07-30,KALIMANTAN SELATAN,87,1,155,-69,5970,3299,288,2383
2020-07-31,KALIMANTAN SELATAN,128,6,68,54,6098,3367,294,2437
2020-08-01,KALIMANTAN SELATAN,62,0,82,-20,6160,3449,294,2417
2020-08-02,KALIMANTAN SELATAN,32,0,18,14,6192,3467,294,2431
2020-08-03,KALIMANTAN SELATAN,46,2,92,-48,6238,3559,296,2383
2020-08-04,KALIMANTAN SELATAN,119,1,50,68,6357,3609,297,2451
2020-08-05,KALIMANTAN SELATAN,54,0,95,-41,6411,3704,297,2410
2020-08-06,KALIMANTAN SELATAN,67,0,25,42,6478,3729,297,2452
2020-08-07,KALIMANTAN SELATAN,57,3,121,-67,6535,3850,300,2385
2020-08-08,KALIMANTAN SELATAN,82,2,42,38,6617,3892,302,2423
2020-08-09,KALIMANTAN SELATAN,98,3,133,-38,6715,4025,305,2385
2020-08-10,KALIMANTAN SELATAN,50,1,28,21,6765,4053,306,2406
2020-08-11,KALIMANTAN SELATAN,71,1,82,-12,6836,4135,307,2394
2020-08-12,KALIMANTAN SELATAN,53,2,86,-35,6889,4221,309,2359
2020-08-13,KALIMANTAN SELATAN,45,4,26,15,6934,4247,313,2374
2020-08-14,KALIMANTAN SELATAN,55,2,57,-4,6989,4304,315,2370
2020-08-15,KALIMANTAN SELATAN,62,3,36,23,7051,4340,318,2393
2020-08-16,KALIMANTAN SELATAN,100,0,83,17,7151,4423,318,2410
2020-08-17,KALIMANTAN SELATAN,90,6,126,-42,7241,4549,324,2368
2020-08-18,KALIMANTAN SELATAN,40,0,40,0,7281,4589,324,2368
2020-08-19,KALIMANTAN SELATAN,82,1,136,-55,7363,4725,325,2313
2020-08-20,KALIMANTAN SELATAN,181,0,74,107,7544,4799,325,2420
2020-08-21,KALIMANTAN SELATAN,74,2,275,-203,7618,5074,327,2217
2020-08-22,KALIMANTAN SELATAN,78,3,230,-155,7696,5304,330,2062
2020-08-23,KALIMANTAN SELATAN,81,2,77,2,7777,5381,332,2064
2020-08-24,KALIMANTAN SELATAN,61,2,47,12,7838,5428,334,2076
2020-08-25,KALIMANTAN SELATAN,82,4,66,12,7920,5494,338,2088
2020-08-26,KALIMANTAN SELATAN,54,2,141,-89,7974,5635,340,1999
2020-08-27,KALIMANTAN SELATAN,39,2,184,-147,8013,5819,342,1852
2020-08-28,KALIMANTAN SELATAN,68,5,180,-117,8081,5999,347,1735
2020-08-29,KALIMANTAN SELATAN,111,3,149,-41,8192,6148,350,1694
2020-08-30,KALIMANTAN SELATAN,64,2,96,-34,8256,6244,352,1660
2020-08-31,KALIMANTAN SELATAN,32,1,42,-11,8288,6286,353,1649
2020-09-01,KALIMANTAN SELATAN,69,1,102,-34,8357,6388,354,1615
2020-09-02,KALIMANTAN SELATAN,59,4,105,-50,8416,6493,358,1565
2020-09-03,KALIMANTAN SELATAN,111,4,139,-32,8527,6632,362,1533
2020-09-04,KALIMANTAN SELATAN,49,0,37,12,8576,6669,362,1545
2020-09-05,KALIMANTAN SELATAN,81,6,37,38,8657,6706,368,1583
2020-09-06,KALIMANTAN SELATAN,103,1,95,7,8760,6801,369,1590
2020-09-07,KALIMANTAN SELATAN,77,2,49,26,8837,6850,371,1616
2020-09-08,KALIMANTAN SELATAN,66,1,38,27,8903,6888,372,1643
2020-09-09,KALIMANTAN SELATAN,99,1,106,-8,9002,6994,373,1635
2020-09-10,KALIMANTAN SELATAN,77,6,138,-67,9079,7132,379,1568
2020-09-11,KALIMANTAN SELATAN,73,1,101,-29,9152,7233,380,1539
2020-09-12,KALIMANTAN SELATAN,96,5,84,7,9248,7317,385,1546
2020-09-13,KALIMANTAN SELATAN,33,0,78,-45,9281,7395,385,1501
2020-09-14,KALIMANTAN SELATAN,141,3,78,60,9422,7473,388,1561
2020-09-15,KALIMANTAN SELATAN,77,1,56,20,9499,7529,389,1581
2020-09-16,KALIMANTAN SELATAN,11,2,58,-49,9510,7587,391,1532
2020-09-17,KALIMANTAN SELATAN,36,0,37,-1,9546,7624,391,1531
2020-09-18,KALIMANTAN SELATAN,25,2,199,-176,9571,7823,393,1355
2020-09-19,KALIMANTAN SELATAN,76,2,247,-173,9647,8070,395,1182
2020-09-20,KALIMANTAN SELATAN,87,3,59,25,9734,8129,398,1207
2020-09-21,KALIMANTAN SELATAN,82,2,96,-16,9816,8225,400,1191
2020-09-22,KALIMANTAN SELATAN,85,0,40,45,9901,8265,400,1236
2020-09-23,KALIMANTAN SELATAN,82,3,104,-25,9983,8369,403,1211
2020-09-24,KALIMANTAN SELATAN,63,1,81,-19,10046,8450,404,1192
2020-09-25,KALIMANTAN SELATAN,33,4,51,-22,10079,8501,408,1170
2020-09-26,KALIMANTAN SELATAN,40,2,16,22,10119,8517,410,1192
2020-09-27,KALIMANTAN SELATAN,77,1,75,1,10196,8592,411,1193
2020-09-28,KALIMANTAN SELATAN,40,5,89,-54,10236,8681,416,1139
2020-09-29,KALIMANTAN SELATAN,53,2,64,-13,10289,8745,418,1126
2020-09-30,KALIMANTAN SELATAN,59,2,38,19,10348,8783,420,1145
2020-10-01,KALIMANTAN SELATAN,55,0,73,-18,10403,8856,420,1127
2020-10-02,KALIMANTAN SELATAN,75,4,63,8,10478,8919,424,1135
2020-10-03,KALIMANTAN SELATAN,84,2,71,11,10562,8990,426,1146
2020-10-04,KALIMANTAN SELATAN,59,1,97,-39,10621,9087,427,1107
2020-10-05,KALIMANTAN SELATAN,44,1,32,11,10665,9119,428,1118
2020-10-06,KALIMANTAN SELATAN,73,3,107,-37,10738,9226,431,1081
2020-10-07,KALIMANTAN SELATAN,40,1,68,-29,10778,9294,432,1052
2020-10-08,KALIMANTAN SELATAN,42,5,69,-32,10820,9363,437,1020
2020-10-09,KALIMANTAN SELATAN,81,1,142,-62,10901,9505,438,958
2020-10-10,KALIMANTAN SELATAN,53,1,22,30,10954,9527,439,988
2020-10-11,KALIMANTAN SELATAN,75,1,79,-5,11029,9606,440,983
2020-10-12,KALIMANTAN SELATAN,27,1,45,-19,11056,9651,441,964
2020-10-13,KALIMANTAN SELATAN,77,1,111,-35,11133,9762,442,929
2020-10-14,KALIMANTAN SELATAN,55,3,54,-2,11188,9816,445,927
2020-10-15,KALIMANTAN SELATAN,76,1,59,16,11264,9875,446,943
2020-10-16,KALIMANTAN SELATAN,68,2,43,23,11332,9918,448,966
2020-10-17,KALIMANTAN SELATAN,71,2,66,3,11403,9984,450,969
2020-10-18,KALIMANTAN SELATAN,39,2,58,-21,11442,10042,452,948
2020-10-19,KALIMANTAN SELATAN,8,2,33,-27,11450,10075,454,921
2020-10-20,KALIMANTAN SELATAN,42,2,42,-2,11492,10117,456,919
2020-10-21,KALIMANTAN SELATAN,19,3,37,-21,11511,10154,459,898
2020-10-22,KALIMANTAN SELATAN,28,3,42,-17,11539,10196,462,881
2020-10-23,KALIMANTAN SELATAN,48,3,80,-35,11587,10276,465,846
2020-10-24,KALIMANTAN SELATAN,46,3,99,-56,11633,10375,468,790
2020-10-25,KALIMANTAN SELATAN,19,3,52,-36,11652,10427,471,754
2020-10-26,KALIMANTAN SELATAN,2,2,56,-56,11654,10483,473,698
2020-10-27,KALIMANTAN SELATAN,12,3,32,-23,11666,10515,476,675
2020-10-28,KALIMANTAN SELATAN,69,2,80,-13,11735,10595,478,662
2020-10-29,KALIMANTAN SELATAN,32,2,43,-13,11767,10638,480,649
2020-10-30,KALIMANTAN SELATAN,44,1,59,-16,11811,10697,481,633
2020-10-31,KALIMANTAN SELATAN,48,3,78,-33,11859,10775,484,600
2020-11-01,KALIMANTAN SELATAN,25,2,75,-52,11884,10850,486,548
2020-11-02,KALIMANTAN SELATAN,12,0,25,-13,11896,10875,486,535
2020-11-03,KALIMANTAN SELATAN,16,1,53,-38,11912,10928,487,497
2020-11-04,KALIMANTAN SELATAN,22,0,41,-19,11934,10969,487,478
2020-11-05,KALIMANTAN SELATAN,94,1,27,66,12028,10996,488,544
2020-11-06,KALIMANTAN SELATAN,59,2,45,12,12087,11041,490,556
2020-11-07,KALIMANTAN SELATAN,43,2,15,26,12130,11056,492,582
2020-11-08,KALIMANTAN SELATAN,46,2,16,28,12176,11072,494,610
2020-11-09,KALIMANTAN SELATAN,12,1,8,3,12188,11080,495,613
2020-11-10,KALIMANTAN SELATAN,59,0,43,16,12247,11123,495,629
2020-11-11,KALIMANTAN SELATAN,68,2,61,5,12315,11184,497,634
2020-11-12,KALIMANTAN SELATAN,50,2,28,20,12365,11212,499,654
2020-11-13,KALIMANTAN SELATAN,31,1,29,1,12396,11241,500,655
2020-11-14,KALIMANTAN SELATAN,51,1,91,-41,12447,11332,501,614
2020-11-15,KALIMANTAN SELATAN,74,0,35,39,12521,11367,501,653
2020-11-16,KALIMANTAN SELATAN,22,2,46,-26,12543,11413,503,627
2020-11-17,KALIMANTAN SELATAN,14,0,173,-159,12557,11586,503,468
2020-11-18,KALIMANTAN SELATAN,83,1,2,80,12640,11588,504,548
2020-11-19,KALIMANTAN SELATAN,40,3,2,35,12680,11590,507,583
2020-11-20,KALIMANTAN SELATAN,58,3,3,52,12738,11593,510,635
2020-11-21,KALIMANTAN SELATAN,89,1,0,88,12827,11593,511,723
2020-11-22,KALIMANTAN SELATAN,75,3,1,71,12902,11594,514,794
2020-11-23,KALIMANTAN SELATAN,11,0,9,2,12913,11603,514,796
2020-11-24,KALIMANTAN SELATAN,21,2,26,-7,12934,11629,516,789
2020-11-25,KALIMANTAN SELATAN,64,1,29,34,12998,11658,517,823
2020-11-26,KALIMANTAN SELATAN,49,3,16,30,13047,11674,520,853
2020-11-27,KALIMANTAN SELATAN,44,2,39,3,13091,11713,522,856
2020-11-28,KALIMANTAN SELATAN,56,1,18,37,13147,11731,523,893
2020-11-29,KALIMANTAN SELATAN,40,3,14,23,13187,11745,526,916
2020-11-30,KALIMANTAN SELATAN,12,1,32,-21,13199,11777,527,895
2020-12-01,KALIMANTAN SELATAN,82,4,39,39,13281,11816,531,934
2020-12-02,KALIMANTAN SELATAN,33,1,73,-41,13314,11889,532,893
2020-12-03,KALIMANTAN SELATAN,54,2,10,42,13368,11899,534,935
2020-12-04,KALIMANTAN SELATAN,71,2,84,-15,13439,11983,536,920
2020-12-05,KALIMANTAN SELATAN,96,0,13,83,13535,11996,536,1003
2020-12-06,KALIMANTAN SELATAN,70,1,27,42,13605,12023,537,1045
2020-12-07,KALIMANTAN SELATAN,28,1,10,17,13633,12033,538,1062
2020-12-08,KALIMANTAN SELATAN,62,1,31,30,13695,12064,539,1092
2020-12-09,KALIMANTAN SELATAN,83,3,225,-145,13778,12289,542,947
2020-12-10,KALIMANTAN SELATAN,46,2,109,-65,13824,12398,544,882
2020-12-11,KALIMANTAN SELATAN,56,5,51,0,13880,12449,549,882
2020-12-12,KALIMANTAN SELATAN,91,2,117,-28,13971,12566,551,854
2020-12-13,KALIMANTAN SELATAN,104,1,55,48,14075,12621,552,902
2020-12-14,KALIMANTAN SELATAN,48,1,60,-13,14123,12681,553,889
2020-12-15,KALIMANTAN SELATAN,48,2,68,-22,14171,12749,555,867
2020-12-16,KALIMANTAN SELATAN,72,0,66,6,14243,12815,555,873
2020-12-17,KALIMANTAN SELATAN,95,0,94,1,14338,12909,555,874
2020-12-18,KALIMANTAN SELATAN,82,1,123,-42,14420,13032,556,832
2020-12-19,KALIMANTAN SELATAN,78,5,102,-29,14498,13134,561,803
2020-12-20,KALIMANTAN SELATAN,88,2,41,45,14586,13175,563,848
2020-12-21,KALIMANTAN SELATAN,43,3,25,15,14629,13200,566,863
2020-12-22,KALIMANTAN SELATAN,66,2,32,32,14695,13232,568,895
2020-12-23,KALIMANTAN SELATAN,90,2,39,49,14785,13271,570,944
2020-12-24,KALIMANTAN SELATAN,95,3,33,59,14880,13304,573,1003
2020-12-25,KALIMANTAN SELATAN,93,0,75,18,14973,13379,573,1021
2020-12-26,KALIMANTAN SELATAN,63,0,93,-30,15036,13472,573,991
2020-12-27,KALIMANTAN SELATAN,45,2,35,8,15081,13507,575,999
2020-12-28,KALIMANTAN SELATAN,21,0,40,-19,15102,13547,575,980
2020-12-29,KALIMANTAN SELATAN,61,3,99,-41,15163,13646,578,939
2020-12-30,KALIMANTAN SELATAN,74,2,72,0,15237,13718,580,939
2020-12-31,KALIMANTAN SELATAN,66,4,82,-20,15303,13800,584,919
2021-01-01,KALIMANTAN SELATAN,99,0,61,38,15402,13861,584,957
2021-01-02,KALIMANTAN SELATAN,17,2,45,-30,15419,13906,586,927
2021-01-03,KALIMANTAN SELATAN,71,1,80,-10,15490,13986,587,917
2021-01-04,KALIMANTAN SELATAN,20,2,69,-51,15510,14055,589,866
2021-01-05,KALIMANTAN SELATAN,81,1,59,21,15591,14114,590,887
2021-01-06,KALIMANTAN SELATAN,88,2,59,27,15679,14173,592,914
2021-01-07,KALIMANTAN SELATAN,93,0,47,46,15772,14220,592,960
2021-01-08,KALIMANTAN SELATAN,89,1,46,42,15861,14266,593,1002
2021-01-09,KALIMANTAN SELATAN,98,1,61,36,15959,14327,594,1038
2021-01-10,KALIMANTAN SELATAN,120,3,45,72,16079,14372,597,1110
2021-01-11,KALIMANTAN SELATAN,114,2,59,53,16193,14431,599,1163
2021-01-12,KALIMANTAN SELATAN,34,1,91,-58,16227,14522,600,1105
2021-01-13,KALIMANTAN SELATAN,69,2,37,30,16296,14559,602,1135
2021-01-14,KALIMANTAN SELATAN,101,2,75,24,16397,14634,604,1159
2021-01-15,KALIMANTAN SELATAN,107,1,77,29,16504,14711,605,1188
2021-01-16,KALIMANTAN SELATAN,108,3,76,29,16612,14787,608,1217
2021-01-17,KALIMANTAN SELATAN,112,2,62,48,16724,14849,610,1265
2021-01-18,KALIMANTAN SELATAN,13,3,82,-72,16737,14931,613,1193
2021-01-19,KALIMANTAN SELATAN,68,2,42,24,16805,14973,615,1217
2021-01-20,KALIMANTAN SELATAN,32,1,44,-13,16837,15017,616,1204
2021-01-21,KALIMANTAN SELATAN,106,2,77,27,16943,15094,618,1231
2021-01-22,KALIMANTAN SELATAN,107,3,93,11,17050,15187,621,1242
2021-01-23,KALIMANTAN SELATAN,137,2,105,30,17187,15292,623,1272
2021-01-24,KALIMANTAN SELATAN,120,2,87,31,17307,15379,625,1303
2021-01-25,KALIMANTAN SELATAN,133,2,138,-7,17440,15517,627,1296
2021-01-26,KALIMANTAN SELATAN,97,5,75,17,17537,15592,632,1313
2021-01-27,KALIMANTAN SELATAN,62,3,101,-42,17599,15693,635,1271
2021-01-28,KALIMANTAN SELATAN,103,1,49,53,17702,15742,636,1324
2021-01-29,KALIMANTAN SELATAN,120,3,100,17,17822,15842,639,1341
2021-01-30,KALIMANTAN SELATAN,130,2,42,86,17952,15884,641,1427
2021-01-31,KALIMANTAN SELATAN,124,3,88,33,18076,15972,644,1460
2021-02-01,KALIMANTAN SELATAN,74,3,58,13,18150,16030,647,1473
2021-02-02,KALIMANTAN SELATAN,87,2,64,21,18237,16094,649,1494
2021-02-03,KALIMANTAN SELATAN,104,2,45,57,18341,16139,651,1551
2021-02-04,KALIMANTAN SELATAN,111,5,138,-32,18452,16277,656,1519
2021-02-05,KALIMANTAN SELATAN,128,2,64,62,18580,16341,658,1581
2021-02-06,KALIMANTAN SELATAN,140,4,154,-18,18720,16495,662,1563
2021-02-07,KALIMANTAN SELATAN,117,3,56,58,18837,16551,665,1621
2021-02-08,KALIMANTAN SELATAN,80,2,34,44,18917,16585,667,1665
2021-02-09,KALIMANTAN SELATAN,115,3,181,-69,19032,16766,670,1596
2021-02-10,KALIMANTAN SELATAN,145,2,190,-47,19177,16956,672,1549
2021-02-11,KALIMANTAN SELATAN,139,2,108,29,19316,17064,674,1578
2021-02-12,KALIMANTAN SELATAN,136,3,65,68,19452,17129,677,1646
2021-02-13,KALIMANTAN SELATAN,144,0,120,24,19596,17249,677,1670
2021-02-14,KALIMANTAN SELATAN,97,5,92,0,19693,17341,682,1670
2021-02-15,KALIMANTAN SELATAN,146,0,21,125,19839,17362,682,1795
2021-02-16,KALIMANTAN SELATAN,139,0,52,87,19978,17414,682,1882
2021-02-17,KALIMANTAN SELATAN,151,1,8,142,20129,17422,683,2024
2021-02-18,KALIMANTAN SELATAN,120,0,109,11,20249,17531,683,2035
2021-02-19,KALIMANTAN SELATAN,180,12,211,-43,20429,17742,695,1992
2021-02-20,KALIMANTAN SELATAN,183,0,382,-199,20612,18124,695,1793
2021-02-21,KALIMANTAN SELATAN,162,2,153,7,20774,18277,697,1800
2021-02-22,KALIMANTAN SELATAN,107,7,194,-94,20881,18471,704,1706
2021-02-23,KALIMANTAN SELATAN,101,1,117,-17,20982,18588,705,1689
2021-02-24,KALIMANTAN SELATAN,133,3,129,1,21115,18717,708,1690
2021-02-25,KALIMANTAN SELATAN,179,5,93,81,21294,18810,713,1771
2021-02-26,KALIMANTAN SELATAN,186,3,294,-111,21480,19104,716,1660
2021-02-27,KALIMANTAN SELATAN,187,1,128,58,21667,19232,717,1718
2021-02-28,KALIMANTAN SELATAN,170,3,43,124,21837,19275,720,1842
2021-03-01,KALIMANTAN SELATAN,206,1,91,114,22043,19366,721,1956
2021-03-02,KALIMANTAN SELATAN,187,6,102,79,22230,19468,727,2035
2021-03-03,KALIMANTAN SELATAN,179,2,121,56,22409,19589,729,2091
2021-03-04,KALIMANTAN SELATAN,167,5,129,33,22576,19718,734,2124
2021-03-05,KALIMANTAN SELATAN,197,3,242,-48,22773,19960,737,2076
2021-03-06,KALIMANTAN SELATAN,171,6,83,82,22944,20043,743,2158
2021-03-07,KALIMANTAN SELATAN,196,2,136,58,23140,20179,745,2216
2021-03-08,KALIMANTAN SELATAN,160,2,265,-107,23300,20444,747,2109
2021-03-09,KALIMANTAN SELATAN,126,4,131,-9,23426,20575,751,2100
2021-03-10,KALIMANTAN SELATAN,112,4,114,-6,23538,20689,755,2094
2021-03-11,KALIMANTAN SELATAN,196,2,125,69,23734,20814,757,2163
2021-03-12,KALIMANTAN SELATAN,199,3,72,124,23933,20886,760,2287
2021-03-13,KALIMANTAN SELATAN,197,3,146,48,24130,21032,763,2335
2021-03-14,KALIMANTAN SELATAN,204,5,279,-80,24334,21311,768,2255
2021-03-15,KALIMANTAN SELATAN,175,4,142,29,24509,21453,772,2284
2021-03-16,KALIMANTAN SELATAN,191,2,266,-77,24700,21719,774,2207
2021-03-17,KALIMANTAN SELATAN,158,5,130,23,24858,21849,779,2230
2021-03-18,KALIMANTAN SELATAN,118,4,134,-20,24976,21983,783,2210
2021-03-19,KALIMANTAN SELATAN,197,4,157,36,25173,22140,787,2246
2021-03-20,KALIMANTAN SELATAN,215,4,188,23,25388,22328,791,2269
2021-03-21,KALIMANTAN SELATAN,228,0,116,112,25616,22444,791,2381
2021-03-22,KALIMANTAN SELATAN,207,4,91,112,25823,22535,795,2493
2021-03-23,KALIMANTAN SELATAN,140,4,117,19,25963,22652,799,2512
2021-03-24,KALIMANTAN SELATAN,190,5,363,-178,26153,23015,804,2334
2021-03-25,KALIMANTAN SELATAN,236,3,110,123,26389,23125,807,2457
2021-03-26,KALIMANTAN SELATAN,215,3,159,53,26604,23284,810,2510
2021-03-27,KALIMANTAN SELATAN,267,4,164,99,26871,23448,814,2609
2021-03-28,KALIMANTAN SELATAN,248,6,196,46,27119,23644,820,2655
2021-03-29,KALIMANTAN SELATAN,275,6,217,52,27394,23861,826,2707
2021-03-30,KALIMANTAN SELATAN,221,3,82,136,27615,23943,829,2843
2021-03-31,KALIMANTAN SELATAN,267,4,83,180,27882,24026,833,3023
2021-04-01,KALIMANTAN SELATAN,262,4,258,0,28144,24284,837,3023
2021-04-02,KALIMANTAN SELATAN,283,5,141,137,28427,24425,842,3160
2021-04-03,KALIMANTAN SELATAN,154,5,220,-71,28581,24645,847,3089
2021-04-04,KALIMANTAN SELATAN,290,0,258,32,28871,24903,847,3121
2021-04-05,KALIMANTAN SELATAN,153,2,213,-62,29024,25116,849,3059
2021-04-06,KALIMANTAN SELATAN,153,5,222,-74,29177,25338,854,2985
2021-04-07,KALIMANTAN SELATAN,140,3,122,15,29317,25460,857,3000
2021-04-08,KALIMANTAN SELATAN,301,7,498,-204,29618,25958,864,2796
2021-04-09,KALIMANTAN SELATAN,281,5,174,102,29899,26132,869,2898
2021-04-10,KALIMANTAN SELATAN,257,4,225,28,30156,26357,873,2926
2021-04-11,KALIMANTAN SELATAN,241,0,290,-49,30397,26647,873,2877
2021-04-12,KALIMANTAN SELATAN,82,4,184,-106,30479,26831,877,2771
2021-04-13,KALIMANTAN SELATAN,142,5,124,13,30621,26955,882,2784
2021-04-14,KALIMANTAN SELATAN,256,1,154,101,30877,27109,883,2885
2021-04-15,KALIMANTAN SELATAN,221,6,237,-22,31098,27346,889,2863
2021-04-16,KALIMANTAN SELATAN,153,6,215,-68,31251,27561,895,2795
2021-04-17,KALIMANTAN SELATAN,156,2,287,-133,31407,27848,897,2662
2021-04-18,KALIMANTAN SELATAN,186,3,142,41,31593,27990,900,2703
2021-04-19,KALIMANTAN SELATAN,31,2,112,-83,31624,28102,902,2620
2021-04-20,KALIMANTAN SELATAN,147,4,142,1,31771,28244,906,2621
2021-04-21,KALIMANTAN SELATAN,95,5,279,-189,31866,28523,911,2432
2021-04-22,KALIMANTAN SELATAN,206,5,210,-9,32072,28733,916,2423
2021-04-23,KALIMANTAN SELATAN,197,4,327,-134,32269,29060,920,2289
2021-04-24,KALIMANTAN SELATAN,173,5,54,114,32442,29114,925,2403
2021-04-25,KALIMANTAN SELATAN,56,2,62,-8,32498,29176,927,2395
2021-04-26,KALIMANTAN SELATAN,16,3,212,-199,32514,29388,930,2196
2021-04-27,KALIMANTAN SELATAN,98,7,130,-39,32612,29518,937,2157
2021-04-28,KALIMANTAN SELATAN,74,1,97,-24,32686,29615,938,2133
2021-04-29,KALIMANTAN SELATAN,65,3,59,3,32751,29674,941,2136
2021-04-30,KALIMANTAN SELATAN,207,0,166,41,32958,29840,941,2177
2021-05-01,KALIMANTAN SELATAN,88,4,99,-15,33046,29939,945,2162
2021-05-02,KALIMANTAN SELATAN,12,4,62,-54,33058,30001,949,2108
2021-05-03,KALIMANTAN SELATAN,34,1,45,-12,33092,30046,950,2096
2021-05-04,KALIMANTAN SELATAN,56,5,224,-173,33148,30270,955,1923
2021-05-05,KALIMANTAN SELATAN,108,3,211,-106,33256,30481,958,1817
2021-05-06,KALIMANTAN SELATAN,64,2,140,-78,33320,30621,960,1739
2021-05-07,KALIMANTAN SELATAN,144,1,223,-80,33464,30844,961,1659
2021-05-08,KALIMANTAN SELATAN,108,3,92,13,33572,30936,964,1672
2021-05-09,KALIMANTAN SELATAN,64,2,129,-67,33636,31065,966,1605
2021-05-10,KALIMANTAN SELATAN,22,3,63,-44,33658,31128,969,1561
2021-05-11,KALIMANTAN SELATAN,46,2,114,-70,33704,31242,971,1491
2021-05-12,KALIMANTAN SELATAN,85,1,458,-374,33789,31700,972,1117
2021-05-13,KALIMANTAN SELATAN,27,3,100,-76,33816,31800,975,1041
2021-05-14,KALIMANTAN SELATAN,19,1,39,-21,33835,31839,976,1020
2021-05-15,KALIMANTAN SELATAN,1,1,44,-44,33836,31883,977,976
2021-05-16,KALIMANTAN SELATAN,37,4,48,-15,33873,31931,981,961
2021-05-17,KALIMANTAN SELATAN,25,3,77,-55,33898,32008,984,906
2021-05-18,KALIMANTAN SELATAN,42,5,76,-39,33940,32084,989,867
2021-05-19,KALIMANTAN SELATAN,55,3,86,-34,33995,32170,992,833
2021-05-20,KALIMANTAN SELATAN,81,3,47,31,34076,32217,995,864
2021-05-21,KALIMANTAN SELATAN,85,2,64,19,34161,32281,997,883
2021-05-22,KALIMANTAN SELATAN,48,1,27,20,34209,32308,998,903
2021-05-23,KALIMANTAN SELATAN,73,2,57,14,34282,32365,1000,917
2021-05-24,KALIMANTAN SELATAN,29,2,193,-166,34311,32558,1002,751
2021-05-25,KALIMANTAN SELATAN,43,1,65,-23,34354,32623,1003,728
2021-05-26,KALIMANTAN SELATAN,82,3,25,54,34436,32648,1006,782
2021-05-27,KALIMANTAN SELATAN,56,2,47,7,34492,32695,1008,789
2021-05-28,KALIMANTAN SELATAN,68,2,39,27,34560,32734,1010,816
2021-05-29,KALIMANTAN SELATAN,110,2,42,66,34670,32776,1012,882
2021-05-30,KALIMANTAN SELATAN,74,2,45,27,34744,32821,1014,909
2021-05-31,KALIMANTAN SELATAN,15,1,65,-51,34759,32886,1015,858
2021-06-01,KALIMANTAN SELATAN,43,2,41,0,34802,32927,1017,858
2021-06-02,KALIMANTAN SELATAN,12,3,32,-23,34814,32959,1020,835
2021-06-03,KALIMANTAN SELATAN,56,3,42,11,34870,33001,1023,846
2021-06-04,KALIMANTAN SELATAN,53,3,54,-4,34923,33055,1026,842
2021-06-05,KALIMANTAN SELATAN,48,0,41,7,34971,33096,1026,849
2021-06-06,KALIMANTAN SELATAN,72,7,83,-18,35043,33179,1033,831
2021-06-07,KALIMANTAN SELATAN,9,2,33,-26,35052,33212,1035,805
2021-06-08,KALIMANTAN SELATAN,17,2,52,-37,35069,33264,1037,768
2021-06-09,KALIMANTAN SELATAN,28,3,92,-67,35097,33356,1040,701
2021-06-10,KALIMANTAN SELATAN,102,1,164,-63,35199,33520,1041,638
2021-06-11,KALIMANTAN SELATAN,34,0,35,-1,35233,33555,1041,637
2021-06-12,KALIMANTAN SELATAN,23,0,24,-1,35256,33579,1041,636
2021-06-13,KALIMANTAN SELATAN,29,3,30,-4,35285,33609,1044,632
2021-06-14,KALIMANTAN SELATAN,13,2,27,-16,35298,33636,1046,616
2021-06-15,KALIMANTAN SELATAN,21,2,42,-23,35319,33678,1048,593
2021-06-16,KALIMANTAN SELATAN,57,1,55,1,35376,33733,1049,594
2021-06-17,KALIMANTAN SELATAN,93,1,36,56,35469,33769,1050,650
2021-06-18,KALIMANTAN SELATAN,28,0,12,16,35497,33781,1050,666
2021-06-19,KALIMANTAN SELATAN,48,1,31,16,35545,33812,1051,682
2021-06-20,KALIMANTAN SELATAN,20,0,50,-30,35565,33862,1051,652
2021-06-21,KALIMANTAN SELATAN,5,1,29,-25,35570,33891,1052,627
2021-06-22,KALIMANTAN SELATAN,37,1,21,15,35607,33912,1053,642
2021-06-23,KALIMANTAN SELATAN,77,1,86,-10,35684,33998,1054,632
2021-06-24,KALIMANTAN SELATAN,39,3,22,14,35723,34020,1057,646
2021-06-25,KALIMANTAN SELATAN,56,1,21,34,35779,34041,1058,680
2021-06-26,KALIMANTAN SELATAN,89,4,31,54,35868,34072,1062,734
2021-06-27,KALIMANTAN SELATAN,23,0,35,-12,35891,34107,1062,722
2021-06-28,KALIMANTAN SELATAN,48,3,21,24,35939,34128,1065,746
2021-06-29,KALIMANTAN SELATAN,55,1,70,-16,35994,34198,1066,730
2021-06-30,KALIMANTAN SELATAN,82,0,25,57,36076,34223,1066,787
2021-07-01,KALIMANTAN SELATAN,124,1,44,79,36200,34267,1067,866
2021-07-02,KALIMANTAN SELATAN,159,4,67,88,36359,34334,1071,954
2021-07-03,KALIMANTAN SELATAN,77,1,23,53,36436,34357,1072,1007
2021-07-04,KALIMANTAN SELATAN,208,1,134,73,36644,34491,1073,1080
2021-07-05,KALIMANTAN SELATAN,22,2,22,-2,36666,34513,1075,1078
2021-07-06,KALIMANTAN SELATAN,55,5,69,-19,36721,34582,1080,1059
2021-07-07,KALIMANTAN SELATAN,111,5,36,70,36832,34618,1085,1129
2021-07-08,KALIMANTAN SELATAN,144,3,82,59,36976,34700,1088,1188
2021-07-09,KALIMANTAN SELATAN,200,3,73,124,37176,34773,1091,1312
2021-07-10,KALIMANTAN SELATAN,202,6,52,144,37378,34825,1097,1456
2021-07-11,KALIMANTAN SELATAN,120,6,35,79,37498,34860,1103,1535
2021-07-12,KALIMANTAN SELATAN,49,5,64,-20,37547,34924,1108,1515
2021-07-13,KALIMANTAN SELATAN,307,5,82,220,37854,35006,1113,1735
2021-07-14,KALIMANTAN SELATAN,393,5,62,326,38247,35068,1118,2061
2021-07-15,KALIMANTAN SELATAN,493,5,137,351,38740,35205,1123,2412
2021-07-16,KALIMANTAN SELATAN,345,6,134,205,39085,35339,1129,2617
2021-07-17,KALIMANTAN SELATAN,644,6,87,551,39729,35426,1135,3168
2021-07-18,KALIMANTAN SELATAN,299,5,104,190,40028,35530,1140,3358
2021-07-19,KALIMANTAN SELATAN,248,6,33,209,40276,35563,1146,3567
2021-07-20,KALIMANTAN SELATAN,495,6,79,410,40771,35642,1152,3977
2021-07-21,KALIMANTAN SELATAN,229,10,165,54,41000,35807,1162,4031
2021-07-22,KALIMANTAN SELATAN,650,6,149,495,41650,35956,1168,4526
2021-07-23,KALIMANTAN SELATAN,876,8,112,756,42526,36068,1176,5282
2021-07-24,KALIMANTAN SELATAN,687,0,72,615,43213,36140,1176,5897
2021-07-25,KALIMANTAN SELATAN,619,19,165,435,43832,36305,1195,6332
2021-07-26,KALIMANTAN SELATAN,195,5,412,-222,44027,36717,1200,6110
2021-07-27,KALIMANTAN SELATAN,517,37,347,133,44544,37064,1237,6243
2021-07-28,KALIMANTAN SELATAN,862,11,217,634,45406,37281,1248,6877
2021-07-29,KALIMANTAN SELATAN,913,29,374,510,46319,37655,1277,7387
2021-07-30,KALIMANTAN SELATAN,958,13,253,692,47277,37908,1290,8079
2021-07-31,KALIMANTAN SELATAN,720,3,130,587,47997,38038,1293,8666
2021-08-01,KALIMANTAN SELATAN,665,28,415,222,48662,38453,1321,8888
2021-08-02,KALIMANTAN SELATAN,470,42,418,10,49132,38871,1363,8898
2021-08-03,KALIMANTAN SELATAN,744,41,299,404,49876,39170,1404,9302
2021-08-04,KALIMANTAN SELATAN,733,17,165,551,50609,39335,1421,9853
2021-08-05,KALIMANTAN SELATAN,876,46,309,521,51485,39644,1467,10374
2021-08-06,KALIMANTAN SELATAN,906,21,786,99,52391,40430,1488,10473
2021-08-07,KALIMANTAN SELATAN,908,42,522,344,53299,40952,1530,10817
2021-08-08,KALIMANTAN SELATAN,817,49,422,346,54116,41374,1579,11163
2021-08-09,KALIMANTAN SELATAN,559,24,693,-158,54675,42067,1603,11005
2021-08-10,KALIMANTAN SELATAN,578,26,601,-49,55253,42668,1629,10956
2021-08-11,KALIMANTAN SELATAN,687,24,247,416,55940,42915,1653,11372
2021-08-12,KALIMANTAN SELATAN,465,32,412,21,56405,43327,1685,11393
2021-08-13,KALIMANTAN SELATAN,811,4,632,175,57216,43959,1689,11568
2021-08-14,KALIMANTAN SELATAN,856,44,424,388,58072,44383,1733,11956
2021-08-15,KALIMANTAN SELATAN,616,41,1129,-554,58688,45512,1774,11402
2021-08-16,KALIMANTAN SELATAN,574,25,416,133,59262,45928,1799,11535
2021-08-17,KALIMANTAN SELATAN,669,40,614,15,59931,46542,1839,11550
2021-08-18,KALIMANTAN SELATAN,445,39,785,-379,60376,47327,1878,11171
2020-03-26,SUMATERA BARAT,3,0,0,3,3,0,0,3
2020-03-27,SUMATERA BARAT,2,0,0,2,5,0,0,5
2020-03-28,SUMATERA BARAT,0,0,0,0,5,0,0,5
2020-03-29,SUMATERA BARAT,0,0,0,0,5,0,0,5
2020-03-30,SUMATERA BARAT,3,0,0,3,8,0,0,8
2020-03-31,SUMATERA BARAT,0,0,0,0,8,0,0,8
2020-04-01,SUMATERA BARAT,0,0,0,0,8,0,0,8
2020-04-02,SUMATERA BARAT,0,0,0,0,8,0,0,8
2020-04-03,SUMATERA BARAT,0,0,0,0,8,0,0,8
2020-04-04,SUMATERA BARAT,0,0,0,0,8,0,0,8
2020-04-05,SUMATERA BARAT,0,0,0,0,8,0,0,8
2020-04-06,SUMATERA BARAT,10,0,0,10,18,0,0,18
2020-04-07,SUMATERA BARAT,0,0,0,0,18,0,0,18
2020-04-08,SUMATERA BARAT,0,0,0,0,18,0,0,18
2020-04-09,SUMATERA BARAT,0,0,0,0,18,0,0,18
2020-04-10,SUMATERA BARAT,13,3,5,5,31,5,3,23
2020-04-11,SUMATERA BARAT,0,0,0,0,31,5,3,23
2020-04-12,SUMATERA BARAT,13,0,1,12,44,6,3,35
2020-04-13,SUMATERA BARAT,1,0,0,1,45,6,3,36
2020-04-14,SUMATERA BARAT,3,1,0,2,48,6,4,38
2020-04-15,SUMATERA BARAT,7,0,1,6,55,7,4,44
2020-04-16,SUMATERA BARAT,0,0,0,0,55,7,4,44
2020-04-17,SUMATERA BARAT,7,2,3,2,62,10,6,46
2020-04-18,SUMATERA BARAT,9,1,2,6,71,12,7,52
2020-04-19,SUMATERA BARAT,1,0,0,1,72,12,7,53
2020-04-20,SUMATERA BARAT,2,0,1,1,74,13,7,54
2020-04-21,SUMATERA BARAT,2,1,0,1,76,13,8,55
2020-04-22,SUMATERA BARAT,5,1,0,4,81,13,9,59
2020-04-23,SUMATERA BARAT,5,0,3,2,86,16,9,61
2020-04-24,SUMATERA BARAT,10,1,1,8,96,17,10,69
2020-04-25,SUMATERA BARAT,1,1,4,-4,97,21,11,65
2020-04-26,SUMATERA BARAT,5,0,0,5,102,21,11,70
2020-04-27,SUMATERA BARAT,19,3,4,12,121,25,14,82
2020-04-28,SUMATERA BARAT,23,0,0,23,144,25,14,105
2020-04-29,SUMATERA BARAT,1,1,0,0,145,25,15,105
2020-04-30,SUMATERA BARAT,3,0,1,2,148,26,15,107
2020-05-01,SUMATERA BARAT,24,0,5,19,172,31,15,126
2020-05-02,SUMATERA BARAT,10,1,0,9,182,31,16,135
2020-05-03,SUMATERA BARAT,13,0,5,8,195,36,16,143
2020-05-04,SUMATERA BARAT,8,0,2,6,203,38,16,149
2020-05-05,SUMATERA BARAT,18,0,1,17,221,39,16,166
2020-05-06,SUMATERA BARAT,17,1,0,16,238,39,17,182
2020-05-07,SUMATERA BARAT,14,1,3,10,252,42,18,192
2020-05-08,SUMATERA BARAT,18,0,7,11,270,49,18,203
2020-05-09,SUMATERA BARAT,16,0,7,9,286,56,18,212
2020-05-10,SUMATERA BARAT,13,0,2,11,299,58,18,223
2020-05-11,SUMATERA BARAT,0,0,11,-11,299,69,18,212
2020-05-12,SUMATERA BARAT,20,1,3,16,319,72,19,228
2020-05-13,SUMATERA BARAT,20,1,13,6,339,85,20,234
2020-05-14,SUMATERA BARAT,32,2,3,27,371,88,22,261
2020-05-15,SUMATERA BARAT,22,0,3,19,393,91,22,280
2020-05-16,SUMATERA BARAT,3,1,3,-1,396,94,23,279
2020-05-17,SUMATERA BARAT,12,0,3,9,408,97,23,288
2020-05-18,SUMATERA BARAT,1,0,12,-11,409,109,23,277
2020-05-19,SUMATERA BARAT,11,0,10,1,420,119,23,278
2020-05-20,SUMATERA BARAT,8,1,28,-21,428,147,24,257
2020-05-21,SUMATERA BARAT,8,0,7,1,436,154,24,258
2020-05-22,SUMATERA BARAT,2,0,5,-3,438,159,24,255
2020-05-23,SUMATERA BARAT,5,1,20,-16,443,179,25,239
2020-05-24,SUMATERA BARAT,35,0,5,30,478,184,25,269
2020-05-25,SUMATERA BARAT,0,0,5,-5,478,189,25,264
2020-05-26,SUMATERA BARAT,32,0,22,10,510,211,25,274
2020-05-27,SUMATERA BARAT,27,1,28,-2,537,239,26,272
2020-05-28,SUMATERA BARAT,4,0,8,-4,541,247,26,268
2020-05-29,SUMATERA BARAT,0,0,6,-6,541,253,26,262
2020-05-30,SUMATERA BARAT,11,0,6,5,552,259,26,267
2020-05-31,SUMATERA BARAT,15,0,9,6,567,268,26,273
2020-06-01,SUMATERA BARAT,0,0,2,-2,567,270,26,271
2020-06-02,SUMATERA BARAT,7,0,5,2,574,275,26,273
2020-06-03,SUMATERA BARAT,9,0,5,4,583,280,26,277
2020-06-04,SUMATERA BARAT,11,0,35,-24,594,315,26,253
2020-06-05,SUMATERA BARAT,13,1,21,-9,607,336,27,244
2020-06-06,SUMATERA BARAT,11,0,3,8,618,339,27,252
2020-06-07,SUMATERA BARAT,8,0,4,4,626,343,27,256
2020-06-08,SUMATERA BARAT,0,0,11,-11,626,354,27,245
2020-06-09,SUMATERA BARAT,19,2,10,7,645,364,29,252
2020-06-10,SUMATERA BARAT,14,0,28,-14,659,392,29,238
2020-06-11,SUMATERA BARAT,2,0,3,-1,661,395,29,237
2020-06-12,SUMATERA BARAT,10,0,15,-5,671,410,29,232
2020-06-13,SUMATERA BARAT,3,0,4,-1,674,414,29,231
2020-06-14,SUMATERA BARAT,7,1,12,-6,681,426,30,225
2020-06-15,SUMATERA BARAT,0,0,0,0,681,426,30,225
2020-06-16,SUMATERA BARAT,6,0,36,-30,687,462,30,195
2020-06-17,SUMATERA BARAT,4,0,6,-2,691,468,30,193
2020-06-18,SUMATERA BARAT,5,0,17,-12,696,485,30,181
2020-06-19,SUMATERA BARAT,4,0,11,-7,700,496,30,174
2020-06-20,SUMATERA BARAT,3,0,4,-1,703,500,30,173
2020-06-21,SUMATERA BARAT,4,0,6,-2,707,506,30,171
2020-06-22,SUMATERA BARAT,0,0,2,-2,707,508,30,169
2020-06-23,SUMATERA BARAT,5,0,19,-14,712,527,30,155
2020-06-24,SUMATERA BARAT,3,0,15,-12,715,542,30,143
2020-06-25,SUMATERA BARAT,2,0,22,-20,717,564,30,123
2020-06-26,SUMATERA BARAT,3,1,10,-8,720,574,31,115
2020-06-27,SUMATERA BARAT,2,0,10,-8,722,584,31,107
2020-06-28,SUMATERA BARAT,3,0,6,-3,725,590,31,104
2020-06-29,SUMATERA BARAT,0,0,1,-1,725,591,31,103
2020-06-30,SUMATERA BARAT,1,0,12,-11,726,603,31,92
2020-07-01,SUMATERA BARAT,16,0,7,9,742,610,31,101
2020-07-02,SUMATERA BARAT,8,0,11,-3,750,621,31,98
2020-07-03,SUMATERA BARAT,10,0,4,6,760,625,31,104
2020-07-04,SUMATERA BARAT,2,0,2,0,762,627,31,104
2020-07-05,SUMATERA BARAT,13,0,1,12,775,628,31,116
2020-07-06,SUMATERA BARAT,0,0,2,-2,775,630,31,114
2020-07-07,SUMATERA BARAT,5,0,10,-5,780,640,31,109
2020-07-08,SUMATERA BARAT,0,1,10,-11,780,650,32,98
2020-07-09,SUMATERA BARAT,5,0,8,-3,785,658,32,95
2020-07-10,SUMATERA BARAT,6,0,6,0,791,664,32,95
2020-07-11,SUMATERA BARAT,3,0,5,-2,794,669,32,93
2020-07-12,SUMATERA BARAT,6,0,5,1,800,674,32,94
2020-07-13,SUMATERA BARAT,0,0,0,0,800,674,32,94
2020-07-14,SUMATERA BARAT,3,0,11,-8,803,685,32,86
2020-07-15,SUMATERA BARAT,2,0,5,-3,805,690,32,83
2020-07-16,SUMATERA BARAT,1,0,3,-2,806,693,32,81
2020-07-17,SUMATERA BARAT,7,0,2,5,813,695,32,86
2020-07-18,SUMATERA BARAT,4,0,5,-1,817,700,32,85
2020-07-19,SUMATERA BARAT,9,1,4,4,826,704,33,89
2020-07-20,SUMATERA BARAT,2,0,0,2,828,704,33,91
2020-07-21,SUMATERA BARAT,8,0,7,1,836,711,33,92
2020-07-22,SUMATERA BARAT,10,0,1,9,846,712,33,101
2020-07-23,SUMATERA BARAT,3,0,3,0,849,715,33,101
2020-07-24,SUMATERA BARAT,3,0,6,-3,852,721,33,98
2020-07-25,SUMATERA BARAT,12,0,13,-1,864,734,33,97
2020-07-26,SUMATERA BARAT,5,0,6,-1,869,740,33,96
2020-07-27,SUMATERA BARAT,0,0,3,-3,869,743,33,93
2020-07-28,SUMATERA BARAT,5,0,4,1,874,747,33,94
2020-07-29,SUMATERA BARAT,17,0,7,10,891,754,33,104
2020-07-30,SUMATERA BARAT,16,0,8,8,907,762,33,112
2020-07-31,SUMATERA BARAT,41,1,2,38,948,764,34,150
2020-08-01,SUMATERA BARAT,0,0,0,0,948,764,34,150
2020-08-02,SUMATERA BARAT,9,0,8,1,957,772,34,151
2020-08-03,SUMATERA BARAT,17,0,2,15,974,774,34,166
2020-08-04,SUMATERA BARAT,13,0,3,10,987,777,34,176
2020-08-05,SUMATERA BARAT,19,0,3,16,1006,780,34,192
2020-08-06,SUMATERA BARAT,32,0,12,20,1038,792,34,212
2020-08-07,SUMATERA BARAT,41,0,10,31,1079,802,34,243
2020-08-08,SUMATERA BARAT,23,0,5,18,1102,807,34,261
2020-08-09,SUMATERA BARAT,38,0,3,35,1140,810,34,296
2020-08-10,SUMATERA BARAT,36,0,9,27,1176,819,34,323
2020-08-11,SUMATERA BARAT,13,0,9,4,1189,828,34,327
2020-08-12,SUMATERA BARAT,27,2,11,14,1216,839,36,341
2020-08-13,SUMATERA BARAT,42,1,20,21,1258,859,37,362
2020-08-14,SUMATERA BARAT,42,1,15,26,1300,874,38,388
2020-08-15,SUMATERA BARAT,37,0,19,18,1337,893,38,406
2020-08-16,SUMATERA BARAT,13,2,8,3,1350,901,40,409
2020-08-17,SUMATERA BARAT,26,1,18,7,1376,919,41,416
2020-08-18,SUMATERA BARAT,37,2,4,31,1413,923,43,447
2020-08-19,SUMATERA BARAT,26,2,20,4,1439,943,45,451
2020-08-20,SUMATERA BARAT,44,0,19,25,1483,962,45,476
2020-08-21,SUMATERA BARAT,45,0,42,3,1528,1004,45,479
2020-08-22,SUMATERA BARAT,37,3,7,27,1565,1011,48,506
2020-08-23,SUMATERA BARAT,68,1,37,30,1633,1048,49,536
2020-08-24,SUMATERA BARAT,26,0,12,14,1659,1060,49,550
2020-08-25,SUMATERA BARAT,77,1,20,56,1736,1080,50,606
2020-08-26,SUMATERA BARAT,87,1,8,78,1823,1088,51,684
2020-08-27,SUMATERA BARAT,41,2,55,-16,1864,1143,53,668
2020-08-28,SUMATERA BARAT,26,2,11,13,1890,1154,55,681
2020-08-29,SUMATERA BARAT,88,0,8,80,1978,1162,55,761
2020-08-30,SUMATERA BARAT,90,1,39,50,2068,1201,56,811
2020-08-31,SUMATERA BARAT,89,0,27,62,2157,1228,56,873
2020-09-01,SUMATERA BARAT,83,0,19,64,2240,1247,56,937
2020-09-02,SUMATERA BARAT,88,0,66,22,2328,1313,56,959
2020-09-03,SUMATERA BARAT,44,0,21,23,2372,1334,56,982
2020-09-04,SUMATERA BARAT,65,3,70,-8,2437,1404,59,974
2020-09-05,SUMATERA BARAT,70,0,30,40,2507,1434,59,1014
2020-09-06,SUMATERA BARAT,244,1,23,220,2751,1457,60,1234
2020-09-07,SUMATERA BARAT,44,1,57,-14,2795,1514,61,1220
2020-09-08,SUMATERA BARAT,115,0,53,62,2910,1567,61,1282
2020-09-09,SUMATERA BARAT,110,2,65,43,3020,1632,63,1325
2020-09-10,SUMATERA BARAT,104,0,61,43,3124,1693,63,1368
2020-09-11,SUMATERA BARAT,37,0,50,-13,3161,1743,63,1355
2020-09-12,SUMATERA BARAT,103,4,5,94,3264,1748,67,1449
2020-09-13,SUMATERA BARAT,123,3,23,97,3387,1771,70,1546
2020-09-14,SUMATERA BARAT,118,4,41,73,3505,1812,74,1619
2020-09-15,SUMATERA BARAT,128,5,86,37,3633,1898,79,1656
2020-09-16,SUMATERA BARAT,116,5,59,52,3749,1957,84,1708
2020-09-17,SUMATERA BARAT,119,2,36,81,3868,1993,86,1789
2020-09-18,SUMATERA BARAT,134,2,63,69,4002,2056,88,1858
2020-09-19,SUMATERA BARAT,159,2,130,27,4161,2186,90,1885
2020-09-20,SUMATERA BARAT,106,3,37,66,4267,2223,93,1951
2020-09-21,SUMATERA BARAT,181,1,88,92,4448,2311,94,2043
2020-09-22,SUMATERA BARAT,202,2,91,109,4650,2402,96,2152
2020-09-23,SUMATERA BARAT,204,2,105,97,4854,2507,98,2249
2020-09-24,SUMATERA BARAT,302,2,144,156,5156,2651,100,2405
2020-09-25,SUMATERA BARAT,208,4,89,115,5364,2740,104,2520
2020-09-26,SUMATERA BARAT,140,1,117,22,5504,2857,105,2542
2020-09-27,SUMATERA BARAT,216,3,68,145,5720,2925,108,2687
2020-09-28,SUMATERA BARAT,206,2,80,124,5926,3005,110,2811
2020-09-29,SUMATERA BARAT,254,6,85,163,6180,3090,116,2974
2020-09-30,SUMATERA BARAT,101,11,105,-15,6281,3195,127,2959
2020-10-01,SUMATERA BARAT,192,4,107,81,6473,3302,131,3040
2020-10-02,SUMATERA BARAT,114,5,133,-24,6587,3435,136,3016
2020-10-03,SUMATERA BARAT,285,7,114,164,6872,3549,143,3180
2020-10-04,SUMATERA BARAT,255,4,132,119,7127,3681,147,3299
2020-10-05,SUMATERA BARAT,216,4,156,56,7343,3837,151,3355
2020-10-06,SUMATERA BARAT,85,3,300,-218,7428,4137,154,3137
2020-10-07,SUMATERA BARAT,194,9,119,66,7622,4256,163,3203
2020-10-08,SUMATERA BARAT,201,5,142,54,7823,4398,168,3257
2020-10-09,SUMATERA BARAT,295,4,167,124,8118,4565,172,3381
2020-10-10,SUMATERA BARAT,244,5,134,105,8362,4699,177,3486
2020-10-11,SUMATERA BARAT,341,4,207,130,8703,4906,181,3616
2020-10-12,SUMATERA BARAT,176,0,112,64,8879,5018,181,3680
2020-10-13,SUMATERA BARAT,173,3,91,79,9052,5109,184,3759
2020-10-14,SUMATERA BARAT,351,1,125,225,9403,5234,185,3984
2020-10-15,SUMATERA BARAT,346,4,131,211,9749,5365,189,4195
2020-10-16,SUMATERA BARAT,500,4,148,348,10249,5513,193,4543
2020-10-17,SUMATERA BARAT,435,3,257,175,10684,5770,196,4718
2020-10-18,SUMATERA BARAT,277,2,107,168,10961,5877,198,4886
2020-10-19,SUMATERA BARAT,242,13,170,59,11203,6047,211,4945
2020-10-20,SUMATERA BARAT,170,3,110,57,11373,6157,214,5002
2020-10-21,SUMATERA BARAT,279,7,268,4,11652,6425,221,5006
2020-10-22,SUMATERA BARAT,222,3,114,105,11874,6539,224,5111
2020-10-23,SUMATERA BARAT,257,7,523,-273,12131,7062,231,4838
2020-10-24,SUMATERA BARAT,296,0,203,93,12427,7265,231,4931
2020-10-25,SUMATERA BARAT,356,6,173,177,12783,7438,237,5108
2020-10-26,SUMATERA BARAT,271,4,185,82,13054,7623,241,5190
2020-10-27,SUMATERA BARAT,312,9,481,-178,13366,8104,250,5012
2020-10-28,SUMATERA BARAT,266,4,199,63,13632,8303,254,5075
2020-10-29,SUMATERA BARAT,345,9,553,-217,13977,8856,263,4858
2020-10-30,SUMATERA BARAT,301,7,1176,-882,14278,10032,270,3976
2020-10-31,SUMATERA BARAT,252,5,261,-14,14530,10293,275,3962
2020-11-01,SUMATERA BARAT,223,6,244,-27,14753,10537,281,3935
2020-11-02,SUMATERA BARAT,178,5,252,-79,14931,10789,286,3856
2020-11-03,SUMATERA BARAT,78,4,252,-178,15009,11041,290,3678
2020-11-04,SUMATERA BARAT,170,5,663,-498,15179,11704,295,3180
2020-11-05,SUMATERA BARAT,240,5,373,-138,15419,12077,300,3042
2020-11-06,SUMATERA BARAT,234,6,291,-63,15653,12368,306,2979
2020-11-07,SUMATERA BARAT,167,8,267,-108,15820,12635,314,2871
2020-11-08,SUMATERA BARAT,197,6,240,-49,16017,12875,320,2822
2020-11-09,SUMATERA BARAT,126,2,184,-60,16143,13059,322,2762
2020-11-10,SUMATERA BARAT,112,4,298,-190,16255,13357,326,2572
2020-11-11,SUMATERA BARAT,254,2,119,133,16509,13476,328,2705
2020-11-12,SUMATERA BARAT,200,4,144,52,16709,13620,332,2757
2020-11-13,SUMATERA BARAT,189,2,125,62,16898,13745,334,2819
2020-11-14,SUMATERA BARAT,244,3,147,94,17142,13892,337,2913
2020-11-15,SUMATERA BARAT,213,0,138,75,17355,14030,337,2988
2020-11-16,SUMATERA BARAT,38,3,80,-45,17393,14110,340,2943
2020-11-17,SUMATERA BARAT,105,11,37,57,17498,14147,351,3000
2020-11-18,SUMATERA BARAT,210,6,147,57,17708,14294,357,3057
2020-11-19,SUMATERA BARAT,195,2,501,-308,17903,14795,359,2749
2020-11-20,SUMATERA BARAT,218,4,319,-105,18121,15114,363,2644
2020-11-21,SUMATERA BARAT,243,11,324,-92,18364,15438,374,2552
2020-11-22,SUMATERA BARAT,229,7,443,-221,18593,15881,381,2331
2020-11-23,SUMATERA BARAT,33,4,161,-132,18626,16042,385,2199
2020-11-24,SUMATERA BARAT,58,1,431,-374,18684,16473,386,1825
2020-11-25,SUMATERA BARAT,260,6,332,-78,18944,16805,392,1747
2020-11-26,SUMATERA BARAT,307,5,147,155,19251,16952,397,1902
2020-11-27,SUMATERA BARAT,239,3,250,-14,19490,17202,400,1888
2020-11-28,SUMATERA BARAT,186,4,210,-28,19676,17412,404,1860
2020-11-29,SUMATERA BARAT,273,3,192,78,19949,17604,407,1938
2020-11-30,SUMATERA BARAT,92,7,216,-131,20041,17820,414,1807
2020-12-01,SUMATERA BARAT,57,1,118,-62,20098,17938,415,1745
2020-12-02,SUMATERA BARAT,175,5,216,-46,20273,18154,420,1699
2020-12-03,SUMATERA BARAT,191,4,151,36,20464,18305,424,1735
2020-12-04,SUMATERA BARAT,209,5,211,-7,20673,18516,429,1728
2020-12-05,SUMATERA BARAT,161,1,151,9,20834,18667,430,1737
2020-12-06,SUMATERA BARAT,139,5,201,-67,20973,18868,435,1670
2020-12-07,SUMATERA BARAT,114,0,113,1,21087,18981,435,1671
2020-12-08,SUMATERA BARAT,88,5,164,-81,21175,19145,440,1590
2020-12-09,SUMATERA BARAT,125,5,159,-39,21300,19304,445,1551
2020-12-10,SUMATERA BARAT,140,0,278,-138,21440,19582,445,1413
2020-12-11,SUMATERA BARAT,63,1,253,-191,21503,19835,446,1222
2020-12-12,SUMATERA BARAT,85,0,39,46,21588,19874,446,1268
2020-12-13,SUMATERA BARAT,116,2,245,-131,21704,20119,448,1137
2020-12-14,SUMATERA BARAT,54,2,51,1,21758,20170,450,1138
2020-12-15,SUMATERA BARAT,39,0,143,-104,21797,20313,450,1034
2020-12-16,SUMATERA BARAT,175,4,154,17,21972,20467,454,1051
2020-12-17,SUMATERA BARAT,114,6,128,-20,22086,20595,460,1031
2020-12-18,SUMATERA BARAT,109,7,127,-25,22195,20722,467,1006
2020-12-19,SUMATERA BARAT,136,6,34,96,22331,20756,473,1102
2020-12-20,SUMATERA BARAT,127,7,113,7,22458,20869,480,1109
2020-12-21,SUMATERA BARAT,122,6,102,14,22580,20971,486,1123
2020-12-22,SUMATERA BARAT,48,2,107,-61,22628,21078,488,1062
2020-12-23,SUMATERA BARAT,160,5,39,116,22788,21117,493,1178
2020-12-24,SUMATERA BARAT,100,6,29,65,22888,21146,499,1243
2020-12-25,SUMATERA BARAT,100,5,20,75,22988,21166,504,1318
2020-12-26,SUMATERA BARAT,75,5,11,59,23063,21177,509,1377
2020-12-27,SUMATERA BARAT,60,4,126,-70,23123,21303,513,1307
2020-12-28,SUMATERA BARAT,16,1,115,-100,23139,21418,514,1207
2020-12-29,SUMATERA BARAT,83,6,129,-52,23222,21547,520,1155
2020-12-30,SUMATERA BARAT,125,1,143,-19,23347,21690,521,1136
2020-12-31,SUMATERA BARAT,117,4,125,-12,23464,21815,525,1124
2021-01-01,SUMATERA BARAT,147,1,115,31,23611,21930,526,1155
2021-01-02,SUMATERA BARAT,38,2,125,-89,23649,22055,528,1066
2021-01-03,SUMATERA BARAT,61,3,116,-58,23710,22171,531,1008
2021-01-04,SUMATERA BARAT,24,3,141,-120,23734,22312,534,888
2021-01-05,SUMATERA BARAT,72,2,141,-71,23806,22453,536,817
2021-01-06,SUMATERA BARAT,178,4,123,51,23984,22576,540,868
2021-01-07,SUMATERA BARAT,171,4,23,144,24155,22599,544,1012
2021-01-08,SUMATERA BARAT,167,0,23,144,24322,22622,544,1156
2021-01-09,SUMATERA BARAT,182,1,19,162,24504,22641,545,1318
2021-01-10,SUMATERA BARAT,5,0,12,-7,24509,22653,545,1311
2021-01-11,SUMATERA BARAT,0,3,24,-27,24509,22677,548,1284
2021-01-12,SUMATERA BARAT,111,4,19,88,24620,22696,552,1372
2021-01-13,SUMATERA BARAT,170,4,43,123,24790,22739,556,1495
2021-01-14,SUMATERA BARAT,269,1,40,228,25059,22779,557,1723
2021-01-15,SUMATERA BARAT,191,5,33,153,25250,22812,562,1876
2021-01-16,SUMATERA BARAT,182,3,29,150,25432,22841,565,2026
2021-01-17,SUMATERA BARAT,168,0,14,154,25600,22855,565,2180
2021-01-18,SUMATERA BARAT,35,2,4,29,25635,22859,567,2209
2021-01-19,SUMATERA BARAT,108,0,59,49,25743,22918,567,2258
2021-01-20,SUMATERA BARAT,167,7,17,143,25910,22935,574,2401
2021-01-21,SUMATERA BARAT,181,4,49,128,26091,22984,578,2529
2021-01-22,SUMATERA BARAT,127,7,22,98,26218,23006,585,2627
2021-01-23,SUMATERA BARAT,111,0,114,-3,26329,23120,585,2624
2021-01-24,SUMATERA BARAT,123,0,122,1,26452,23242,585,2625
2021-01-25,SUMATERA BARAT,44,3,80,-39,26496,23322,588,2586
2021-01-26,SUMATERA BARAT,31,3,52,-24,26527,23374,591,2562
2021-01-27,SUMATERA BARAT,100,1,53,46,26627,23427,592,2608
2021-01-28,SUMATERA BARAT,110,1,133,-24,26737,23560,593,2584
2021-01-29,SUMATERA BARAT,71,6,311,-246,26808,23871,599,2338
2021-01-30,SUMATERA BARAT,84,1,77,6,26892,23948,600,2344
2021-01-31,SUMATERA BARAT,87,2,144,-59,26979,24092,602,2285
2021-02-01,SUMATERA BARAT,44,2,39,3,27023,24131,604,2288
2021-02-02,SUMATERA BARAT,37,7,183,-153,27060,24314,611,2135
2021-02-03,SUMATERA BARAT,129,3,118,8,27189,24432,614,2143
2021-02-04,SUMATERA BARAT,97,3,176,-82,27286,24608,617,2061
2021-02-05,SUMATERA BARAT,58,1,106,-49,27344,24714,618,2012
2021-02-06,SUMATERA BARAT,95,1,161,-67,27439,24875,619,1945
2021-02-07,SUMATERA BARAT,129,0,111,18,27568,24986,619,1963
2021-02-08,SUMATERA BARAT,42,1,154,-113,27610,25140,620,1850
2021-02-09,SUMATERA BARAT,51,0,171,-120,27661,25311,620,1730
2021-02-10,SUMATERA BARAT,141,1,59,81,27802,25370,621,1811
2021-02-11,SUMATERA BARAT,85,5,91,-11,27887,25461,626,1800
2021-02-12,SUMATERA BARAT,123,3,52,68,28010,25513,629,1868
2021-02-13,SUMATERA BARAT,81,1,61,19,28091,25574,630,1887
2021-02-14,SUMATERA BARAT,77,0,116,-39,28168,25690,630,1848
2021-02-15,SUMATERA BARAT,14,4,46,-36,28182,25736,634,1812
2021-02-16,SUMATERA BARAT,54,0,0,54,28236,25736,634,1866
2021-02-17,SUMATERA BARAT,71,0,27,44,28307,25763,634,1910
2021-02-18,SUMATERA BARAT,112,1,49,62,28419,25812,635,1972
2021-02-19,SUMATERA BARAT,90,3,6,81,28509,25818,638,2053
2021-02-20,SUMATERA BARAT,81,3,60,18,28590,25878,641,2071
2021-02-21,SUMATERA BARAT,71,0,55,16,28661,25933,641,2087
2021-02-22,SUMATERA BARAT,29,0,227,-198,28690,26160,641,1889
2021-02-23,SUMATERA BARAT,60,1,184,-125,28750,26344,642,1764
2021-02-24,SUMATERA BARAT,87,0,189,-102,28837,26533,642,1662
2021-02-25,SUMATERA BARAT,83,0,133,-50,28920,26666,642,1612
2021-02-26,SUMATERA BARAT,97,1,137,-41,29017,26803,643,1571
2021-02-27,SUMATERA BARAT,81,0,95,-14,29098,26898,643,1557
2021-02-28,SUMATERA BARAT,84,0,129,-45,29182,27027,643,1512
2021-03-01,SUMATERA BARAT,22,4,164,-146,29204,27191,647,1366
2021-03-02,SUMATERA BARAT,71,1,149,-79,29275,27340,648,1287
2021-03-03,SUMATERA BARAT,105,2,184,-81,29380,27524,650,1206
2021-03-04,SUMATERA BARAT,87,2,75,10,29467,27599,652,1216
2021-03-05,SUMATERA BARAT,87,1,165,-79,29554,27764,653,1137
2021-03-06,SUMATERA BARAT,92,0,141,-49,29646,27905,653,1088
2021-03-07,SUMATERA BARAT,60,1,69,-10,29706,27974,654,1078
2021-03-08,SUMATERA BARAT,8,1,75,-68,29714,28049,655,1010
2021-03-09,SUMATERA BARAT,83,2,33,48,29797,28082,657,1058
2021-03-10,SUMATERA BARAT,101,1,101,-1,29898,28183,658,1057
2021-03-11,SUMATERA BARAT,87,1,104,-18,29985,28287,659,1039
2021-03-12,SUMATERA BARAT,57,4,48,5,30042,28335,663,1044
2021-03-13,SUMATERA BARAT,68,2,50,16,30110,28385,665,1060
2021-03-14,SUMATERA BARAT,93,3,145,-55,30203,28530,668,1005
2021-03-15,SUMATERA BARAT,22,0,33,-11,30225,28563,668,994
2021-03-16,SUMATERA BARAT,55,0,64,-9,30280,28627,668,985
2021-03-17,SUMATERA BARAT,135,4,66,65,30415,28693,672,1050
2021-03-18,SUMATERA BARAT,105,0,91,14,30520,28784,672,1064
2021-03-19,SUMATERA BARAT,109,2,80,27,30629,28864,674,1091
2021-03-20,SUMATERA BARAT,77,1,172,-96,30706,29036,675,995
2021-03-21,SUMATERA BARAT,87,2,60,25,30793,29096,677,1020
2021-03-22,SUMATERA BARAT,41,0,59,-18,30834,29155,677,1002
2021-03-23,SUMATERA BARAT,90,2,41,47,30924,29196,679,1049
2021-03-24,SUMATERA BARAT,89,0,105,-16,31013,29301,679,1033
2021-03-25,SUMATERA BARAT,111,0,123,-12,31124,29424,679,1021
2021-03-26,SUMATERA BARAT,115,0,46,69,31239,29470,679,1090
2021-03-27,SUMATERA BARAT,110,1,64,45,31349,29534,680,1135
2021-03-28,SUMATERA BARAT,106,2,128,-24,31455,29662,682,1111
2021-03-29,SUMATERA BARAT,41,1,37,3,31496,29699,683,1114
2021-03-30,SUMATERA BARAT,106,0,13,93,31602,29712,683,1207
2021-03-31,SUMATERA BARAT,126,1,56,69,31728,29768,684,1276
2021-04-01,SUMATERA BARAT,134,1,76,57,31862,29844,685,1333
2021-04-02,SUMATERA BARAT,150,4,55,91,32012,29899,689,1424
2021-04-03,SUMATERA BARAT,86,1,92,-7,32098,29991,690,1417
2021-04-04,SUMATERA BARAT,57,0,37,20,32155,30028,690,1437
2021-04-05,SUMATERA BARAT,51,4,110,-63,32206,30138,694,1374
2021-04-06,SUMATERA BARAT,105,4,115,-14,32311,30253,698,1360
2021-04-07,SUMATERA BARAT,129,0,121,8,32440,30374,698,1368
2021-04-08,SUMATERA BARAT,215,10,193,12,32655,30567,708,1380
2021-04-09,SUMATERA BARAT,145,2,67,76,32800,30634,710,1456
2021-04-10,SUMATERA BARAT,155,5,54,96,32955,30688,715,1552
2021-04-11,SUMATERA BARAT,114,1,153,-40,33069,30841,716,1512
2021-04-12,SUMATERA BARAT,57,2,50,5,33126,30891,718,1517
2021-04-13,SUMATERA BARAT,101,4,162,-65,33227,31053,722,1452
2021-04-14,SUMATERA BARAT,174,3,168,3,33401,31221,725,1455
2021-04-15,SUMATERA BARAT,158,5,153,0,33559,31374,730,1455
2021-04-16,SUMATERA BARAT,168,4,162,2,33727,31536,734,1457
2021-04-17,SUMATERA BARAT,206,7,140,59,33933,31676,741,1516
2021-04-18,SUMATERA BARAT,204,3,99,102,34137,31775,744,1618
2021-04-19,SUMATERA BARAT,89,3,59,27,34226,31834,747,1645
2021-04-20,SUMATERA BARAT,176,6,146,24,34402,31980,753,1669
2021-04-21,SUMATERA BARAT,514,8,106,400,34916,32086,761,2069
2021-04-22,SUMATERA BARAT,286,2,100,184,35202,32186,763,2253
2021-04-23,SUMATERA BARAT,232,2,230,0,35434,32416,765,2253
2021-04-24,SUMATERA BARAT,295,6,259,30,35729,32675,771,2283
2021-04-25,SUMATERA BARAT,234,2,77,155,35963,32752,773,2438
2021-04-26,SUMATERA BARAT,93,6,56,31,36056,32808,779,2469
2021-04-27,SUMATERA BARAT,212,4,247,-39,36268,33055,783,2430
2021-04-28,SUMATERA BARAT,220,4,231,-15,36488,33286,787,2415
2021-04-29,SUMATERA BARAT,281,6,247,28,36769,33533,793,2443
2021-04-30,SUMATERA BARAT,162,2,140,20,36931,33673,795,2463
2021-05-01,SUMATERA BARAT,179,8,333,-162,37110,34006,803,2301
2021-05-02,SUMATERA BARAT,270,6,137,127,37380,34143,809,2428
2021-05-03,SUMATERA BARAT,58,5,98,-45,37438,34241,814,2383
2021-05-04,SUMATERA BARAT,144,5,223,-84,37582,34464,819,2299
2021-05-05,SUMATERA BARAT,263,5,208,50,37845,34672,824,2349
2021-05-06,SUMATERA BARAT,416,10,257,149,38261,34929,834,2498
2021-05-07,SUMATERA BARAT,283,7,204,72,38544,35133,841,2570
2021-05-08,SUMATERA BARAT,300,3,276,21,38844,35409,844,2591
2021-05-09,SUMATERA BARAT,322,11,171,140,39166,35580,855,2731
2021-05-10,SUMATERA BARAT,177,11,103,63,39343,35683,866,2794
2021-05-11,SUMATERA BARAT,231,3,268,-40,39574,35951,869,2754
2021-05-12,SUMATERA BARAT,443,9,184,250,40017,36135,878,3004
2021-05-13,SUMATERA BARAT,94,0,228,-134,40111,36363,878,2870
2021-05-14,SUMATERA BARAT,0,0,2,-2,40111,36365,878,2868
2021-05-15,SUMATERA BARAT,0,0,10,-10,40111,36375,878,2858
2021-05-16,SUMATERA BARAT,141,6,230,-95,40252,36605,884,2763
2021-05-17,SUMATERA BARAT,127,10,146,-29,40379,36751,894,2734
2021-05-18,SUMATERA BARAT,230,7,244,-21,40609,36995,901,2713
2021-05-19,SUMATERA BARAT,295,5,358,-68,40904,37353,906,2645
2021-05-20,SUMATERA BARAT,349,7,223,119,41253,37576,913,2764
2021-05-21,SUMATERA BARAT,362,10,314,38,41615,37890,923,2802
2021-05-22,SUMATERA BARAT,301,8,304,-11,41916,38194,931,2791
2021-05-23,SUMATERA BARAT,381,9,181,191,42297,38375,940,2982
2021-05-24,SUMATERA BARAT,154,1,194,-41,42451,38569,941,2941
2021-05-25,SUMATERA BARAT,271,8,184,79,42722,38753,949,3020
2021-05-26,SUMATERA BARAT,290,3,268,19,43012,39021,952,3039
2021-05-27,SUMATERA BARAT,313,4,137,172,43325,39158,956,3211
2021-05-28,SUMATERA BARAT,172,11,217,-56,43497,39375,967,3155
2021-05-29,SUMATERA BARAT,361,10,401,-50,43858,39776,977,3105
2021-05-30,SUMATERA BARAT,269,15,188,66,44127,39964,992,3171
2021-05-31,SUMATERA BARAT,131,2,123,6,44258,40087,994,3177
2021-06-01,SUMATERA BARAT,185,9,333,-157,44443,40420,1003,3020
2021-06-02,SUMATERA BARAT,224,1,118,105,44667,40538,1004,3125
2021-06-03,SUMATERA BARAT,177,6,280,-109,44844,40818,1010,3016
2021-06-04,SUMATERA BARAT,306,3,184,119,45150,41002,1013,3135
2021-06-05,SUMATERA BARAT,467,8,276,183,45617,41278,1021,3318
2021-06-06,SUMATERA BARAT,388,4,240,144,46005,41518,1025,3462
2021-06-07,SUMATERA BARAT,239,14,52,173,46244,41570,1039,3635
2021-06-08,SUMATERA BARAT,141,9,229,-97,46385,41799,1048,3538
2021-06-09,SUMATERA BARAT,259,7,168,84,46644,41967,1055,3622
2021-06-10,SUMATERA BARAT,353,6,199,148,46997,42166,1061,3770
2021-06-11,SUMATERA BARAT,278,10,366,-98,47275,42532,1071,3672
2021-06-12,SUMATERA BARAT,232,3,221,8,47507,42753,1074,3680
2021-06-13,SUMATERA BARAT,267,8,454,-195,47774,43207,1082,3485
2021-06-14,SUMATERA BARAT,111,7,170,-66,47885,43377,1089,3419
2021-06-15,SUMATERA BARAT,154,9,369,-224,48039,43746,1098,3195
2021-06-16,SUMATERA BARAT,214,4,233,-23,48253,43979,1102,3172
2021-06-17,SUMATERA BARAT,188,6,250,-68,48441,44229,1108,3104
2021-06-18,SUMATERA BARAT,241,7,264,-30,48682,44493,1115,3074
2021-06-19,SUMATERA BARAT,135,5,330,-200,48817,44823,1120,2874
2021-06-20,SUMATERA BARAT,131,5,207,-81,48948,45030,1125,2793
2021-06-21,SUMATERA BARAT,70,4,188,-122,49018,45218,1129,2671
2021-06-22,SUMATERA BARAT,188,7,158,23,49206,45376,1136,2694
2021-06-23,SUMATERA BARAT,294,7,181,106,49500,45557,1143,2800
2021-06-24,SUMATERA BARAT,206,4,133,69,49706,45690,1147,2869
2021-06-25,SUMATERA BARAT,322,4,178,140,50028,45868,1151,3009
2021-06-26,SUMATERA BARAT,257,4,358,-105,50285,46226,1155,2904
2021-06-27,SUMATERA BARAT,172,8,75,89,50457,46301,1163,2993
2021-06-28,SUMATERA BARAT,89,10,99,-20,50546,46400,1173,2973
2021-06-29,SUMATERA BARAT,188,7,182,-1,50734,46582,1180,2972
2021-06-30,SUMATERA BARAT,452,7,206,239,51186,46788,1187,3211
2021-07-01,SUMATERA BARAT,549,7,95,447,51735,46883,1194,3658
2021-07-02,SUMATERA BARAT,455,7,355,93,52190,47238,1201,3751
2021-07-03,SUMATERA BARAT,501,7,417,77,52691,47655,1208,3828
2021-07-04,SUMATERA BARAT,435,8,129,298,53126,47784,1216,4126
2021-07-05,SUMATERA BARAT,81,11,126,-56,53207,47910,1227,4070
2021-07-06,SUMATERA BARAT,304,9,208,87,53511,48118,1236,4157
2021-07-07,SUMATERA BARAT,676,3,109,564,54187,48227,1239,4721
2021-07-08,SUMATERA BARAT,770,10,314,446,54957,48541,1249,5167
2021-07-09,SUMATERA BARAT,718,11,274,433,55675,48815,1260,5600
2021-07-10,SUMATERA BARAT,847,5,242,600,56522,49057,1265,6200
2021-07-11,SUMATERA BARAT,344,19,286,39,56866,49343,1284,6239
2021-07-12,SUMATERA BARAT,366,10,258,98,57232,49601,1294,6337
2021-07-13,SUMATERA BARAT,489,11,274,204,57721,49875,1305,6541
2021-07-14,SUMATERA BARAT,667,3,330,334,58388,50205,1308,6875
2021-07-15,SUMATERA BARAT,678,5,354,319,59066,50559,1313,7194
2021-07-16,SUMATERA BARAT,1006,8,340,658,60072,50899,1321,7852
2021-07-17,SUMATERA BARAT,637,11,290,336,60709,51189,1332,8188
2021-07-18,SUMATERA BARAT,642,4,317,321,61351,51506,1336,8509
2021-07-19,SUMATERA BARAT,740,10,373,357,62091,51879,1346,8866
2021-07-20,SUMATERA BARAT,524,7,251,266,62615,52130,1353,9132
2021-07-21,SUMATERA BARAT,540,9,304,227,63155,52434,1362,9359
2021-07-22,SUMATERA BARAT,617,3,350,264,63772,52784,1365,9623
2021-07-23,SUMATERA BARAT,753,13,158,582,64525,52942,1378,10205
2021-07-24,SUMATERA BARAT,431,11,335,85,64956,53277,1389,10290
2021-07-25,SUMATERA BARAT,752,3,274,475,65708,53551,1392,10765
2021-07-26,SUMATERA BARAT,614,16,440,158,66322,53991,1408,10923
2021-07-27,SUMATERA BARAT,894,17,494,383,67216,54485,1425,11306
2021-07-28,SUMATERA BARAT,863,22,614,227,68079,55099,1447,11533
2021-07-29,SUMATERA BARAT,1036,22,696,318,69115,55795,1469,11851
2021-07-30,SUMATERA BARAT,873,8,529,336,69988,56324,1477,12187
2021-07-31,SUMATERA BARAT,886,21,439,426,70874,56763,1498,12613
2021-08-01,SUMATERA BARAT,718,19,456,243,71592,57219,1517,12856
2021-08-02,SUMATERA BARAT,982,12,410,560,72574,57629,1529,13416
2021-08-03,SUMATERA BARAT,1157,16,653,488,73731,58282,1545,13904
2021-08-04,SUMATERA BARAT,942,16,662,264,74673,58944,1561,14168
2021-08-05,SUMATERA BARAT,856,33,490,333,75529,59434,1594,14501
2021-08-06,SUMATERA BARAT,925,25,683,217,76454,60117,1619,14718
2021-08-07,SUMATERA BARAT,831,17,784,30,77285,60901,1636,14748
2021-08-08,SUMATERA BARAT,778,25,663,90,78063,61564,1661,14838
2021-08-09,SUMATERA BARAT,390,13,780,-403,78453,62344,1674,14435
2021-08-10,SUMATERA BARAT,501,24,1083,-606,78954,63427,1698,13829
2021-08-11,SUMATERA BARAT,630,22,856,-248,79584,64283,1720,13581
2021-08-12,SUMATERA BARAT,542,18,915,-391,80126,65198,1738,13190
2021-08-13,SUMATERA BARAT,590,16,960,-386,80716,66158,1754,12804
2021-08-14,SUMATERA BARAT,609,26,1300,-717,81325,67458,1780,12087
2021-08-15,SUMATERA BARAT,562,16,1184,-638,81887,68642,1796,11449
2021-08-16,SUMATERA BARAT,151,26,1019,-894,82038,69661,1822,10555
2021-08-17,SUMATERA BARAT,268,7,747,-486,82306,70408,1829,10069
2021-08-18,SUMATERA BARAT,432,12,657,-237,82738,71065,1841,9832
2020-03-23,SUMATERA SELATAN,1,2,0,-1,1,0,2,-1
2020-03-24,SUMATERA SELATAN,0,0,0,0,1,0,2,-1
2020-03-25,SUMATERA SELATAN,0,0,0,0,1,0,2,-1
2020-03-26,SUMATERA SELATAN,0,0,0,0,1,0,2,-1
2020-03-27,SUMATERA SELATAN,0,0,0,0,1,0,2,-1
2020-03-28,SUMATERA SELATAN,1,0,0,1,2,0,2,0
2020-03-29,SUMATERA SELATAN,0,0,0,0,2,0,2,0
2020-03-30,SUMATERA SELATAN,0,0,0,0,2,0,2,0
2020-03-31,SUMATERA SELATAN,3,0,0,3,5,0,2,3
2020-04-01,SUMATERA SELATAN,0,0,0,0,5,0,2,3
2020-04-02,SUMATERA SELATAN,6,0,0,6,11,0,2,9
2020-04-03,SUMATERA SELATAN,1,0,0,1,12,0,2,10
2020-04-04,SUMATERA SELATAN,0,0,1,-1,12,1,2,9
2020-04-05,SUMATERA SELATAN,4,0,0,4,16,1,2,13
2020-04-06,SUMATERA SELATAN,0,0,0,0,16,1,2,13
2020-04-07,SUMATERA SELATAN,0,0,0,0,16,1,2,13
2020-04-08,SUMATERA SELATAN,0,0,0,0,16,1,2,13
2020-04-09,SUMATERA SELATAN,1,0,0,1,17,1,2,14
2020-04-10,SUMATERA SELATAN,1,0,0,1,18,1,2,15
2020-04-11,SUMATERA SELATAN,0,0,0,0,18,1,2,15
2020-04-12,SUMATERA SELATAN,0,0,2,-2,18,3,2,13
2020-04-13,SUMATERA SELATAN,0,0,0,0,18,3,2,13
2020-04-14,SUMATERA SELATAN,1,0,0,1,19,3,2,14
2020-04-15,SUMATERA SELATAN,3,0,0,3,22,3,2,17
2020-04-16,SUMATERA SELATAN,18,0,0,18,40,3,2,35
2020-04-17,SUMATERA SELATAN,14,0,0,14,54,3,2,49
2020-04-18,SUMATERA SELATAN,30,1,0,29,84,3,3,78
2020-04-19,SUMATERA SELATAN,5,0,0,5,89,3,3,83
2020-04-20,SUMATERA SELATAN,0,0,0,0,89,3,3,83
2020-04-21,SUMATERA SELATAN,0,0,0,0,89,3,3,83
2020-04-22,SUMATERA SELATAN,0,0,0,0,89,3,3,83
2020-04-23,SUMATERA SELATAN,4,0,1,3,93,4,3,86
2020-04-24,SUMATERA SELATAN,13,0,2,11,106,6,3,97
2020-04-25,SUMATERA SELATAN,13,0,10,3,119,16,3,100
2020-04-26,SUMATERA SELATAN,10,0,0,10,129,16,3,110
2020-04-27,SUMATERA SELATAN,0,0,4,-4,129,20,3,106
2020-04-28,SUMATERA SELATAN,14,0,3,11,143,23,3,117
2020-04-29,SUMATERA SELATAN,1,0,0,1,144,23,3,118
2020-04-30,SUMATERA SELATAN,6,0,0,6,150,23,3,124
2020-05-01,SUMATERA SELATAN,6,0,5,1,156,28,3,125
2020-05-02,SUMATERA SELATAN,0,2,0,-2,156,28,5,123
2020-05-03,SUMATERA SELATAN,28,0,7,21,184,35,5,144
2020-05-04,SUMATERA SELATAN,0,1,7,-8,184,42,6,136
2020-05-05,SUMATERA SELATAN,15,0,4,11,199,46,6,147
2020-05-06,SUMATERA SELATAN,11,1,0,10,210,46,7,157
2020-05-07,SUMATERA SELATAN,17,2,2,13,227,48,9,170
2020-05-08,SUMATERA SELATAN,0,1,0,-1,227,48,10,169
2020-05-09,SUMATERA SELATAN,51,0,6,45,278,54,10,214
2020-05-10,SUMATERA SELATAN,0,3,9,-12,278,63,13,202
2020-05-11,SUMATERA SELATAN,0,0,0,0,278,63,13,202
2020-05-12,SUMATERA SELATAN,1,1,9,-9,279,72,14,193
2020-05-13,SUMATERA SELATAN,43,2,0,41,322,72,16,234
2020-05-14,SUMATERA SELATAN,117,1,0,116,439,72,17,350
2020-05-15,SUMATERA SELATAN,16,1,0,15,455,72,18,365
2020-05-16,SUMATERA SELATAN,0,0,0,0,455,72,18,365
2020-05-17,SUMATERA SELATAN,66,3,0,63,521,72,21,428
2020-05-18,SUMATERA SELATAN,16,2,4,10,537,76,23,438
2020-05-19,SUMATERA SELATAN,57,0,0,57,594,76,23,495
2020-05-20,SUMATERA SELATAN,50,2,1,47,644,77,25,542
2020-05-21,SUMATERA SELATAN,28,1,17,10,672,94,26,552
2020-05-22,SUMATERA SELATAN,19,1,5,13,691,99,27,565
2020-05-23,SUMATERA SELATAN,32,3,2,27,723,101,30,592
2020-05-24,SUMATERA SELATAN,11,0,10,1,734,111,30,593
2020-05-25,SUMATERA SELATAN,72,0,2,70,806,113,30,663
2020-05-26,SUMATERA SELATAN,58,0,0,58,864,113,30,721
2020-05-27,SUMATERA SELATAN,48,1,8,39,912,121,31,760
2020-05-28,SUMATERA SELATAN,27,0,14,13,939,135,31,773
2020-05-29,SUMATERA SELATAN,12,1,0,11,951,135,32,784
2020-05-30,SUMATERA SELATAN,11,4,66,-59,962,201,36,725
2020-05-31,SUMATERA SELATAN,19,0,11,8,981,212,36,733
2020-06-01,SUMATERA SELATAN,12,0,9,3,993,221,36,736
2020-06-02,SUMATERA SELATAN,26,0,2,24,1019,223,36,760
2020-06-03,SUMATERA SELATAN,10,0,22,-12,1029,245,36,748
2020-06-04,SUMATERA SELATAN,27,3,17,7,1056,262,39,755
2020-06-05,SUMATERA SELATAN,17,3,19,-5,1073,281,42,750
2020-06-06,SUMATERA SELATAN,28,1,14,13,1101,295,43,763
2020-06-07,SUMATERA SELATAN,25,0,48,-23,1126,343,43,740
2020-06-08,SUMATERA SELATAN,27,0,47,-20,1153,390,43,720
2020-06-09,SUMATERA SELATAN,30,1,11,18,1183,401,44,738
2020-06-10,SUMATERA SELATAN,40,3,48,-11,1223,449,47,727
2020-06-11,SUMATERA SELATAN,39,0,63,-24,1262,512,47,703
2020-06-12,SUMATERA SELATAN,34,5,31,-2,1296,543,52,701
2020-06-13,SUMATERA SELATAN,23,2,14,7,1319,557,54,708
2020-06-14,SUMATERA SELATAN,69,0,61,8,1388,618,54,716
2020-06-15,SUMATERA SELATAN,49,2,31,16,1437,649,56,732
2020-06-16,SUMATERA SELATAN,50,4,21,25,1487,670,60,757
2020-06-17,SUMATERA SELATAN,53,3,11,39,1540,681,63,796
2020-06-18,SUMATERA SELATAN,56,2,26,28,1596,707,65,824
2020-06-19,SUMATERA SELATAN,74,1,31,42,1670,738,66,866
2020-06-20,SUMATERA SELATAN,50,3,9,38,1720,747,69,904
2020-06-21,SUMATERA SELATAN,57,4,4,49,1777,751,73,953
2020-06-22,SUMATERA SELATAN,59,0,17,42,1836,768,73,995
2020-06-23,SUMATERA SELATAN,17,2,47,-32,1853,815,75,963
2020-06-24,SUMATERA SELATAN,13,3,14,-4,1866,829,78,959
2020-06-25,SUMATERA SELATAN,26,2,76,-52,1892,905,80,907
2020-06-26,SUMATERA SELATAN,14,1,15,-2,1906,920,81,905
2020-06-27,SUMATERA SELATAN,42,0,16,26,1948,936,81,931
2020-06-28,SUMATERA SELATAN,51,1,17,33,1999,953,82,964
2020-06-29,SUMATERA SELATAN,23,8,66,-51,2022,1019,90,913
2020-06-30,SUMATERA SELATAN,27,3,5,19,2049,1024,93,932
2020-07-01,SUMATERA SELATAN,29,8,17,4,2078,1041,101,936
2020-07-02,SUMATERA SELATAN,42,3,43,-4,2120,1084,104,932
2020-07-03,SUMATERA SELATAN,36,0,24,12,2156,1108,104,944
2020-07-04,SUMATERA SELATAN,49,1,11,37,2205,1119,105,981
2020-07-05,SUMATERA SELATAN,50,1,40,9,2255,1159,106,990
2020-07-06,SUMATERA SELATAN,71,6,22,43,2326,1181,112,1033
2020-07-07,SUMATERA SELATAN,30,1,28,1,2356,1209,113,1034
2020-07-08,SUMATERA SELATAN,63,0,10,53,2419,1219,113,1087
2020-07-09,SUMATERA SELATAN,56,6,4,46,2475,1223,119,1133
2020-07-10,SUMATERA SELATAN,93,2,15,76,2568,1238,121,1209
2020-07-11,SUMATERA SELATAN,36,3,4,29,2604,1242,124,1238
2020-07-12,SUMATERA SELATAN,49,1,34,14,2653,1276,125,1252
2020-07-13,SUMATERA SELATAN,50,4,30,16,2703,1306,129,1268
2020-07-14,SUMATERA SELATAN,51,4,19,28,2754,1325,133,1296
2020-07-15,SUMATERA SELATAN,30,0,14,16,2784,1339,133,1312
2020-07-16,SUMATERA SELATAN,45,3,21,21,2829,1360,136,1333
2020-07-17,SUMATERA SELATAN,70,2,27,41,2899,1387,138,1374
2020-07-18,SUMATERA SELATAN,67,1,4,62,2966,1391,139,1436
2020-07-19,SUMATERA SELATAN,46,1,17,28,3012,1408,140,1464
2020-07-20,SUMATERA SELATAN,42,2,1,39,3054,1409,142,1503
2020-07-21,SUMATERA SELATAN,58,2,9,47,3112,1418,144,1550
2020-07-22,SUMATERA SELATAN,37,0,53,-16,3149,1471,144,1534
2020-07-23,SUMATERA SELATAN,16,5,54,-43,3165,1525,149,1491
2020-07-24,SUMATERA SELATAN,46,0,55,-9,3211,1580,149,1482
2020-07-25,SUMATERA SELATAN,17,4,29,-16,3228,1609,153,1466
2020-07-26,SUMATERA SELATAN,23,1,35,-13,3251,1644,154,1453
2020-07-27,SUMATERA SELATAN,24,1,35,-12,3275,1679,155,1441
2020-07-28,SUMATERA SELATAN,21,0,14,7,3296,1693,155,1448
2020-07-29,SUMATERA SELATAN,34,7,20,7,3330,1713,162,1455
2020-07-30,SUMATERA SELATAN,57,0,42,15,3387,1755,162,1470
2020-07-31,SUMATERA SELATAN,30,1,38,-9,3417,1793,163,1461
2020-08-01,SUMATERA SELATAN,10,0,32,-22,3427,1825,163,1439
2020-08-02,SUMATERA SELATAN,17,2,31,-16,3444,1856,165,1423
2020-08-03,SUMATERA SELATAN,11,4,7,0,3455,1863,169,1423
2020-08-04,SUMATERA SELATAN,35,0,26,9,3490,1889,169,1432
2020-08-05,SUMATERA SELATAN,62,6,25,31,3552,1914,175,1463
2020-08-06,SUMATERA SELATAN,50,4,94,-48,3602,2008,179,1415
2020-08-07,SUMATERA SELATAN,21,4,89,-72,3623,2097,183,1343
2020-08-08,SUMATERA SELATAN,52,2,71,-21,3675,2168,185,1322
2020-08-09,SUMATERA SELATAN,19,11,64,-56,3694,2232,196,1266
2020-08-10,SUMATERA SELATAN,19,3,79,-63,3713,2311,199,1203
2020-08-11,SUMATERA SELATAN,22,2,60,-40,3735,2371,201,1163
2020-08-12,SUMATERA SELATAN,43,2,1,40,3778,2372,203,1203
2020-08-13,SUMATERA SELATAN,27,0,43,-16,3805,2415,203,1187
2020-08-14,SUMATERA SELATAN,39,2,112,-75,3844,2527,205,1112
2020-08-15,SUMATERA SELATAN,36,1,36,-1,3880,2563,206,1111
2020-08-16,SUMATERA SELATAN,29,0,35,-6,3909,2598,206,1105
2020-08-17,SUMATERA SELATAN,1,0,28,-27,3910,2626,206,1078
2020-08-18,SUMATERA SELATAN,9,1,15,-7,3919,2641,207,1071
2020-08-19,SUMATERA SELATAN,45,6,38,1,3964,2679,213,1072
2020-08-20,SUMATERA SELATAN,24,3,13,8,3988,2692,216,1080
2020-08-21,SUMATERA SELATAN,49,2,50,-3,4037,2742,218,1077
2020-08-22,SUMATERA SELATAN,54,5,19,30,4091,2761,223,1107
2020-08-23,SUMATERA SELATAN,34,4,60,-30,4125,2821,227,1077
2020-08-24,SUMATERA SELATAN,32,1,85,-54,4157,2906,228,1023
2020-08-25,SUMATERA SELATAN,45,3,34,8,4202,2940,231,1031
2020-08-26,SUMATERA SELATAN,21,2,17,2,4223,2957,233,1033
2020-08-27,SUMATERA SELATAN,25,3,59,-37,4248,3016,236,996
2020-08-28,SUMATERA SELATAN,57,3,39,15,4305,3055,239,1011
2020-08-29,SUMATERA SELATAN,56,11,61,-16,4361,3116,250,995
2020-08-30,SUMATERA SELATAN,40,0,16,24,4401,3132,250,1019
2020-08-31,SUMATERA SELATAN,53,2,26,25,4454,3158,252,1044
2020-09-01,SUMATERA SELATAN,32,2,65,-35,4486,3223,254,1009
2020-09-02,SUMATERA SELATAN,34,6,23,5,4520,3246,260,1014
2020-09-03,SUMATERA SELATAN,63,2,37,24,4583,3283,262,1038
2020-09-04,SUMATERA SELATAN,35,4,36,-5,4618,3319,266,1033
2020-09-05,SUMATERA SELATAN,42,9,13,20,4660,3332,275,1053
2020-09-06,SUMATERA SELATAN,15,3,48,-36,4675,3380,278,1017
2020-09-07,SUMATERA SELATAN,70,3,30,37,4745,3410,281,1054
2020-09-08,SUMATERA SELATAN,41,2,32,7,4786,3442,283,1061
2020-09-09,SUMATERA SELATAN,38,5,27,6,4824,3469,288,1067
2020-09-10,SUMATERA SELATAN,66,5,19,42,4890,3488,293,1109
2020-09-11,SUMATERA SELATAN,55,1,67,-13,4945,3555,294,1096
2020-09-12,SUMATERA SELATAN,73,3,48,22,5018,3603,297,1118
2020-09-13,SUMATERA SELATAN,33,3,48,-18,5051,3651,300,1100
2020-09-14,SUMATERA SELATAN,27,5,101,-79,5078,3752,305,1021
2020-09-15,SUMATERA SELATAN,40,4,50,-14,5118,3802,309,1007
2020-09-16,SUMATERA SELATAN,57,4,42,11,5175,3844,313,1018
2020-09-17,SUMATERA SELATAN,58,3,18,37,5233,3862,316,1055
2020-09-18,SUMATERA SELATAN,60,4,28,28,5293,3890,320,1083
2020-09-19,SUMATERA SELATAN,38,2,35,1,5331,3925,322,1084
2020-09-20,SUMATERA SELATAN,71,1,14,56,5402,3939,323,1140
2020-09-21,SUMATERA SELATAN,47,1,57,-11,5449,3996,324,1129
2020-09-22,SUMATERA SELATAN,48,1,57,-10,5497,4053,325,1119
2020-09-23,SUMATERA SELATAN,110,5,14,91,5607,4067,330,1210
2020-09-24,SUMATERA SELATAN,83,1,33,49,5690,4100,331,1259
2020-09-25,SUMATERA SELATAN,44,5,39,0,5734,4139,336,1259
2020-09-26,SUMATERA SELATAN,60,1,21,38,5794,4160,337,1297
2020-09-27,SUMATERA SELATAN,82,3,42,37,5876,4202,340,1334
2020-09-28,SUMATERA SELATAN,51,2,51,-2,5927,4253,342,1332
2020-09-29,SUMATERA SELATAN,58,0,25,33,5985,4278,342,1365
2020-09-30,SUMATERA SELATAN,110,6,86,18,6095,4364,348,1383
2020-10-01,SUMATERA SELATAN,40,3,65,-28,6135,4429,351,1355
2020-10-02,SUMATERA SELATAN,72,3,86,-17,6207,4515,354,1338
2020-10-03,SUMATERA SELATAN,70,0,93,-23,6277,4608,354,1315
2020-10-04,SUMATERA SELATAN,46,2,65,-21,6323,4673,356,1294
2020-10-05,SUMATERA SELATAN,23,1,75,-53,6346,4748,357,1241
2020-10-06,SUMATERA SELATAN,71,5,4,62,6417,4752,362,1303
2020-10-07,SUMATERA SELATAN,114,2,44,68,6531,4796,364,1371
2020-10-08,SUMATERA SELATAN,83,3,151,-71,6614,4947,367,1300
2020-10-09,SUMATERA SELATAN,63,3,66,-6,6677,5013,370,1294
2020-10-10,SUMATERA SELATAN,66,1,73,-8,6743,5086,371,1286
2020-10-11,SUMATERA SELATAN,33,0,41,-8,6776,5127,371,1278
2020-10-12,SUMATERA SELATAN,45,4,53,-12,6821,5180,375,1266
2020-10-13,SUMATERA SELATAN,66,3,17,46,6887,5197,378,1312
2020-10-14,SUMATERA SELATAN,60,6,57,-3,6947,5254,384,1309
2020-10-15,SUMATERA SELATAN,58,3,26,29,7005,5280,387,1338
2020-10-16,SUMATERA SELATAN,53,0,65,-12,7058,5345,387,1326
2020-10-17,SUMATERA SELATAN,46,0,47,-1,7104,5392,387,1325
2020-10-18,SUMATERA SELATAN,39,4,56,-21,7143,5448,391,1304
2020-10-19,SUMATERA SELATAN,39,2,7,30,7182,5455,393,1334
2020-10-20,SUMATERA SELATAN,47,2,48,-3,7229,5503,395,1331
2020-10-21,SUMATERA SELATAN,99,3,32,64,7328,5535,398,1395
2020-10-22,SUMATERA SELATAN,34,1,80,-47,7362,5615,399,1348
2020-10-23,SUMATERA SELATAN,73,8,62,3,7435,5677,407,1351
2020-10-24,SUMATERA SELATAN,65,1,40,24,7500,5717,408,1375
2020-10-25,SUMATERA SELATAN,22,0,182,-160,7522,5899,408,1215
2020-10-26,SUMATERA SELATAN,16,2,131,-117,7538,6030,410,1098
2020-10-27,SUMATERA SELATAN,43,1,60,-18,7581,6090,411,1080
2020-10-28,SUMATERA SELATAN,86,0,38,48,7667,6128,411,1128
2020-10-29,SUMATERA SELATAN,77,2,138,-63,7744,6266,413,1065
2020-10-30,SUMATERA SELATAN,43,0,32,11,7787,6298,413,1076
2020-10-31,SUMATERA SELATAN,62,1,36,25,7849,6334,414,1101
2020-11-01,SUMATERA SELATAN,54,10,66,-22,7903,6400,424,1079
2020-11-02,SUMATERA SELATAN,18,5,9,4,7921,6409,429,1083
2020-11-03,SUMATERA SELATAN,31,6,82,-57,7952,6491,435,1026
2020-11-04,SUMATERA SELATAN,70,5,47,18,8022,6538,440,1044
2020-11-05,SUMATERA SELATAN,68,3,90,-25,8090,6628,443,1019
2020-11-06,SUMATERA SELATAN,94,1,44,49,8184,6672,444,1068
2020-11-07,SUMATERA SELATAN,83,2,4,77,8267,6676,446,1145
2020-11-08,SUMATERA SELATAN,42,3,98,-59,8309,6774,449,1086
2020-11-09,SUMATERA SELATAN,26,3,27,-4,8335,6801,452,1082
2020-11-10,SUMATERA SELATAN,51,1,38,12,8386,6839,453,1094
2020-11-11,SUMATERA SELATAN,76,5,85,-14,8462,6924,458,1080
2020-11-12,SUMATERA SELATAN,72,4,52,16,8534,6976,462,1096
2020-11-13,SUMATERA SELATAN,68,2,12,54,8602,6988,464,1150
2020-11-14,SUMATERA SELATAN,64,2,38,24,8666,7026,466,1174
2020-11-15,SUMATERA SELATAN,44,0,34,10,8710,7060,466,1184
2020-11-16,SUMATERA SELATAN,45,1,99,-55,8755,7159,467,1129
2020-11-17,SUMATERA SELATAN,50,0,31,19,8805,7190,467,1148
2020-11-18,SUMATERA SELATAN,50,2,21,27,8855,7211,469,1175
2020-11-19,SUMATERA SELATAN,44,13,41,-10,8899,7252,482,1165
2020-11-20,SUMATERA SELATAN,71,2,24,45,8970,7276,484,1210
2020-11-21,SUMATERA SELATAN,53,1,1,51,9023,7277,485,1261
2020-11-22,SUMATERA SELATAN,57,1,23,33,9080,7300,486,1294
2020-11-23,SUMATERA SELATAN,33,1,20,12,9113,7320,487,1306
2020-11-24,SUMATERA SELATAN,47,4,67,-24,9160,7387,491,1282
2020-11-25,SUMATERA SELATAN,59,0,48,11,9219,7435,491,1293
2020-11-26,SUMATERA SELATAN,81,3,36,42,9300,7471,494,1335
2020-11-27,SUMATERA SELATAN,49,3,46,0,9349,7517,497,1335
2020-11-28,SUMATERA SELATAN,38,3,46,-11,9387,7563,500,1324
2020-11-29,SUMATERA SELATAN,41,2,47,-8,9428,7610,502,1316
2020-11-30,SUMATERA SELATAN,35,5,48,-18,9463,7658,507,1298
2020-12-01,SUMATERA SELATAN,67,6,93,-32,9530,7751,513,1266
2020-12-02,SUMATERA SELATAN,51,3,26,22,9581,7777,516,1288
2020-12-03,SUMATERA SELATAN,77,3,76,-2,9658,7853,519,1286
2020-12-04,SUMATERA SELATAN,88,7,119,-38,9746,7972,526,1248
2020-12-05,SUMATERA SELATAN,58,4,51,3,9804,8023,530,1251
2020-12-06,SUMATERA SELATAN,52,8,54,-10,9856,8077,538,1241
2020-12-07,SUMATERA SELATAN,63,3,54,6,9919,8131,541,1247
2020-12-08,SUMATERA SELATAN,68,0,78,-10,9987,8209,541,1237
2020-12-09,SUMATERA SELATAN,40,1,119,-80,10027,8328,542,1157
2020-12-10,SUMATERA SELATAN,58,2,50,6,10085,8378,544,1163
2020-12-11,SUMATERA SELATAN,65,4,66,-5,10150,8444,548,1158
2020-12-12,SUMATERA SELATAN,76,5,48,23,10226,8492,553,1181
2020-12-13,SUMATERA SELATAN,61,3,28,30,10287,8520,556,1211
2020-12-14,SUMATERA SELATAN,48,3,14,31,10335,8534,559,1242
2020-12-15,SUMATERA SELATAN,73,1,57,15,10408,8591,560,1257
2020-12-16,SUMATERA SELATAN,64,5,28,31,10472,8619,565,1288
2020-12-17,SUMATERA SELATAN,79,0,15,64,10551,8634,565,1352
2020-12-18,SUMATERA SELATAN,123,1,35,87,10674,8669,566,1439
2020-12-19,SUMATERA SELATAN,89,3,43,43,10763,8712,569,1482
2020-12-20,SUMATERA SELATAN,84,5,33,46,10847,8745,574,1528
2020-12-21,SUMATERA SELATAN,66,2,36,28,10913,8781,576,1556
2020-12-22,SUMATERA SELATAN,94,2,31,61,11007,8812,578,1617
2020-12-23,SUMATERA SELATAN,109,3,136,-30,11116,8948,581,1587
2020-12-24,SUMATERA SELATAN,81,3,52,26,11197,9000,584,1613
2020-12-25,SUMATERA SELATAN,89,6,31,52,11286,9031,590,1665
2020-12-26,SUMATERA SELATAN,81,1,66,14,11367,9097,591,1679
2020-12-27,SUMATERA SELATAN,95,3,69,23,11462,9166,594,1702
2020-12-28,SUMATERA SELATAN,78,1,9,68,11540,9175,595,1770
2020-12-29,SUMATERA SELATAN,84,1,88,-5,11624,9263,596,1765
2020-12-30,SUMATERA SELATAN,110,2,48,60,11734,9311,598,1825
2020-12-31,SUMATERA SELATAN,92,1,50,41,11826,9361,599,1866
2021-01-01,SUMATERA SELATAN,74,5,57,12,11900,9418,604,1878
2021-01-02,SUMATERA SELATAN,45,1,97,-53,11945,9515,605,1825
2021-01-03,SUMATERA SELATAN,53,0,81,-28,11998,9596,605,1797
2021-01-04,SUMATERA SELATAN,54,0,68,-14,12052,9664,605,1783
2021-01-05,SUMATERA SELATAN,66,2,56,8,12118,9720,607,1791
2021-01-06,SUMATERA SELATAN,99,3,99,-3,12217,9819,610,1788
2021-01-07,SUMATERA SELATAN,63,3,85,-25,12280,9904,613,1763
2021-01-08,SUMATERA SELATAN,102,0,40,62,12382,9944,613,1825
2021-01-09,SUMATERA SELATAN,89,1,78,10,12471,10022,614,1835
2021-01-10,SUMATERA SELATAN,51,5,66,-20,12522,10088,619,1815
2021-01-11,SUMATERA SELATAN,48,2,57,-11,12570,10145,621,1804
2021-01-12,SUMATERA SELATAN,74,1,46,27,12644,10191,622,1831
2021-01-13,SUMATERA SELATAN,80,2,76,2,12724,10267,624,1833
2021-01-14,SUMATERA SELATAN,98,1,38,59,12822,10305,625,1892
2021-01-15,SUMATERA SELATAN,92,4,60,28,12914,10365,629,1920
2021-01-16,SUMATERA SELATAN,78,4,83,-9,12992,10448,633,1911
2021-01-17,SUMATERA SELATAN,76,5,57,14,13068,10505,638,1925
2021-01-18,SUMATERA SELATAN,54,5,60,-11,13122,10565,643,1914
2021-01-19,SUMATERA SELATAN,104,3,87,14,13226,10652,646,1928
2021-01-20,SUMATERA SELATAN,110,1,127,-18,13336,10779,647,1910
2021-01-21,SUMATERA SELATAN,101,6,49,46,13437,10828,653,1956
2021-01-22,SUMATERA SELATAN,71,1,27,43,13508,10855,654,1999
2021-01-23,SUMATERA SELATAN,91,2,43,46,13599,10898,656,2045
2021-01-24,SUMATERA SELATAN,89,1,32,56,13688,10930,657,2101
2021-01-25,SUMATERA SELATAN,89,4,27,58,13777,10957,661,2159
2021-01-26,SUMATERA SELATAN,134,5,101,28,13911,11058,666,2187
2021-01-27,SUMATERA SELATAN,87,6,89,-8,13998,11147,672,2179
2021-01-28,SUMATERA SELATAN,82,3,55,24,14080,11202,675,2203
2021-01-29,SUMATERA SELATAN,86,0,72,14,14166,11274,675,2217
2021-01-30,SUMATERA SELATAN,64,2,104,-42,14230,11378,677,2175
2021-01-31,SUMATERA SELATAN,80,3,68,9,14310,11446,680,2184
2021-02-01,SUMATERA SELATAN,66,1,78,-13,14376,11524,681,2171
2021-02-02,SUMATERA SELATAN,62,3,89,-30,14438,11613,684,2141
2021-02-03,SUMATERA SELATAN,60,4,149,-93,14498,11762,688,2048
2021-02-04,SUMATERA SELATAN,29,1,54,-26,14527,11816,689,2022
2021-02-05,SUMATERA SELATAN,68,2,91,-25,14595,11907,691,1997
2021-02-06,SUMATERA SELATAN,58,0,67,-9,14653,11974,691,1988
2021-02-07,SUMATERA SELATAN,71,4,82,-15,14724,12056,695,1973
2021-02-08,SUMATERA SELATAN,71,2,27,42,14795,12083,697,2015
2021-02-09,SUMATERA SELATAN,62,9,135,-82,14857,12218,706,1933
2021-02-10,SUMATERA SELATAN,74,1,99,-26,14931,12317,707,1907
2021-02-11,SUMATERA SELATAN,40,4,91,-55,14971,12408,711,1852
2021-02-12,SUMATERA SELATAN,56,2,58,-4,15027,12466,713,1848
2021-02-13,SUMATERA SELATAN,57,2,80,-25,15084,12546,715,1823
2021-02-14,SUMATERA SELATAN,66,6,120,-60,15150,12666,721,1763
2021-02-15,SUMATERA SELATAN,51,1,102,-52,15201,12768,722,1711
2021-02-16,SUMATERA SELATAN,52,0,17,35,15253,12785,722,1746
2021-02-17,SUMATERA SELATAN,55,0,18,37,15308,12803,722,1783
2021-02-18,SUMATERA SELATAN,44,2,55,-13,15352,12858,724,1770
2021-02-19,SUMATERA SELATAN,50,0,41,9,15402,12899,724,1779
2021-02-20,SUMATERA SELATAN,88,0,55,33,15490,12954,724,1812
2021-02-21,SUMATERA SELATAN,52,4,40,8,15542,12994,728,1820
2021-02-22,SUMATERA SELATAN,45,4,125,-84,15587,13119,732,1736
2021-02-23,SUMATERA SELATAN,60,4,159,-103,15647,13278,736,1633
2021-02-24,SUMATERA SELATAN,57,3,23,31,15704,13301,739,1664
2021-02-25,SUMATERA SELATAN,75,2,44,29,15779,13345,741,1693
2021-02-26,SUMATERA SELATAN,39,3,64,-28,15818,13409,744,1665
2021-02-27,SUMATERA SELATAN,60,1,120,-61,15878,13529,745,1604
2021-02-28,SUMATERA SELATAN,36,6,154,-124,15914,13683,751,1480
2021-03-01,SUMATERA SELATAN,56,4,111,-59,15970,13794,755,1421
2021-03-02,SUMATERA SELATAN,44,0,38,6,16014,13832,755,1427
2021-03-03,SUMATERA SELATAN,50,0,73,-23,16064,13905,755,1404
2021-03-04,SUMATERA SELATAN,43,3,63,-23,16107,13968,758,1381
2021-03-05,SUMATERA SELATAN,63,1,46,16,16170,14014,759,1397
2021-03-06,SUMATERA SELATAN,58,0,98,-40,16228,14112,759,1357
2021-03-07,SUMATERA SELATAN,65,1,3,61,16293,14115,760,1418
2021-03-08,SUMATERA SELATAN,65,1,78,-14,16358,14193,761,1404
2021-03-09,SUMATERA SELATAN,32,2,48,-18,16390,14241,763,1386
2021-03-10,SUMATERA SELATAN,63,7,86,-30,16453,14327,770,1356
2021-03-11,SUMATERA SELATAN,37,3,35,-1,16490,14362,773,1355
2021-03-12,SUMATERA SELATAN,33,4,31,-2,16523,14393,777,1353
2021-03-13,SUMATERA SELATAN,43,3,41,-1,16566,14434,780,1352
2021-03-14,SUMATERA SELATAN,20,1,34,-15,16586,14468,781,1337
2021-03-15,SUMATERA SELATAN,57,0,40,17,16643,14508,781,1354
2021-03-16,SUMATERA SELATAN,55,4,28,23,16698,14536,785,1377
2021-03-17,SUMATERA SELATAN,45,7,57,-19,16743,14593,792,1358
2021-03-18,SUMATERA SELATAN,39,2,37,0,16782,14630,794,1358
2021-03-19,SUMATERA SELATAN,40,1,36,3,16822,14666,795,1361
2021-03-20,SUMATERA SELATAN,52,1,32,19,16874,14698,796,1380
2021-03-21,SUMATERA SELATAN,54,2,49,3,16928,14747,798,1383
2021-03-22,SUMATERA SELATAN,45,2,260,-217,16973,15007,800,1166
2021-03-23,SUMATERA SELATAN,27,2,88,-63,17000,15095,802,1103
2021-03-24,SUMATERA SELATAN,51,3,59,-11,17051,15154,805,1092
2021-03-25,SUMATERA SELATAN,118,2,131,-15,17169,15285,807,1077
2021-03-26,SUMATERA SELATAN,89,17,26,46,17258,15311,824,1123
2021-03-27,SUMATERA SELATAN,84,2,16,66,17342,15327,826,1189
2021-03-28,SUMATERA SELATAN,101,5,83,13,17443,15410,831,1202
2021-03-29,SUMATERA SELATAN,91,1,70,20,17534,15480,832,1222
2021-03-30,SUMATERA SELATAN,91,2,65,24,17625,15545,834,1246
2021-03-31,SUMATERA SELATAN,102,2,41,59,17727,15586,836,1305
2021-04-01,SUMATERA SELATAN,133,5,27,101,17860,15613,841,1406
2021-04-02,SUMATERA SELATAN,75,4,33,38,17935,15646,845,1444
2021-04-03,SUMATERA SELATAN,39,1,12,26,17974,15658,846,1470
2021-04-04,SUMATERA SELATAN,41,0,55,-14,18015,15713,846,1456
2021-04-05,SUMATERA SELATAN,54,3,50,1,18069,15763,849,1457
2021-04-06,SUMATERA SELATAN,49,4,57,-12,18118,15820,853,1445
2021-04-07,SUMATERA SELATAN,70,3,60,7,18188,15880,856,1452
2021-04-08,SUMATERA SELATAN,90,6,132,-48,18278,16012,862,1404
2021-04-09,SUMATERA SELATAN,79,3,118,-42,18357,16130,865,1362
2021-04-10,SUMATERA SELATAN,94,12,99,-17,18451,16229,877,1345
2021-04-11,SUMATERA SELATAN,52,0,93,-41,18503,16322,877,1304
2021-04-12,SUMATERA SELATAN,63,5,125,-67,18566,16447,882,1237
2021-04-13,SUMATERA SELATAN,60,5,121,-66,18626,16568,887,1171
2021-04-14,SUMATERA SELATAN,78,5,87,-14,18704,16655,892,1157
2021-04-15,SUMATERA SELATAN,63,6,128,-71,18767,16783,898,1086
2021-04-16,SUMATERA SELATAN,77,1,68,8,18844,16851,899,1094
2021-04-17,SUMATERA SELATAN,126,5,97,24,18970,16948,904,1118
2021-04-18,SUMATERA SELATAN,101,2,64,35,19071,17012,906,1153
2021-04-19,SUMATERA SELATAN,111,9,95,7,19182,17107,915,1160
2021-04-20,SUMATERA SELATAN,93,15,59,19,19275,17166,930,1179
2021-04-21,SUMATERA SELATAN,112,3,90,19,19387,17256,933,1198
2021-04-22,SUMATERA SELATAN,119,6,80,33,19506,17336,939,1231
2021-04-23,SUMATERA SELATAN,101,7,52,42,19607,17388,946,1273
2021-04-24,SUMATERA SELATAN,125,3,93,29,19732,17481,949,1302
2021-04-25,SUMATERA SELATAN,144,11,116,17,19876,17597,960,1319
2021-04-26,SUMATERA SELATAN,99,9,68,22,19975,17665,969,1341
2021-04-27,SUMATERA SELATAN,93,10,49,34,20068,17714,979,1375
2021-04-28,SUMATERA SELATAN,137,2,97,38,20205,17811,981,1413
2021-04-29,SUMATERA SELATAN,117,7,124,-14,20322,17935,988,1399
2021-04-30,SUMATERA SELATAN,126,4,77,45,20448,18012,992,1444
2021-05-01,SUMATERA SELATAN,147,5,74,68,20595,18086,997,1512
2021-05-02,SUMATERA SELATAN,130,8,44,78,20725,18130,1005,1590
2021-05-03,SUMATERA SELATAN,113,9,252,-148,20838,18382,1014,1442
2021-05-04,SUMATERA SELATAN,111,10,166,-65,20949,18548,1024,1377
2021-05-05,SUMATERA SELATAN,129,10,51,68,21078,18599,1034,1445
2021-05-06,SUMATERA SELATAN,130,7,127,-4,21208,18726,1041,1441
2021-05-07,SUMATERA SELATAN,142,4,112,26,21350,18838,1045,1467
2021-05-08,SUMATERA SELATAN,150,13,298,-161,21500,19136,1058,1306
2021-05-09,SUMATERA SELATAN,140,5,126,9,21640,19262,1063,1315
2021-05-10,SUMATERA SELATAN,131,7,149,-25,21771,19411,1070,1290
2021-05-11,SUMATERA SELATAN,100,8,122,-30,21871,19533,1078,1260
2021-05-12,SUMATERA SELATAN,126,5,75,46,21997,19608,1083,1306
2021-05-13,SUMATERA SELATAN,99,1,37,61,22096,19645,1084,1367
2021-05-14,SUMATERA SELATAN,67,6,47,14,22163,19692,1090,1381
2021-05-15,SUMATERA SELATAN,74,4,33,37,22237,19725,1094,1418
2021-05-16,SUMATERA SELATAN,77,9,224,-156,22314,19949,1103,1262
2021-05-17,SUMATERA SELATAN,106,5,220,-119,22420,20169,1108,1143
2021-05-18,SUMATERA SELATAN,68,11,188,-131,22488,20357,1119,1012
2021-05-19,SUMATERA SELATAN,75,13,115,-53,22563,20472,1132,959
2021-05-20,SUMATERA SELATAN,95,15,123,-43,22658,20595,1147,916
2021-05-21,SUMATERA SELATAN,120,6,63,51,22778,20658,1153,967
2021-05-22,SUMATERA SELATAN,204,5,112,87,22982,20770,1158,1054
2021-05-23,SUMATERA SELATAN,194,11,81,102,23176,20851,1169,1156
2021-05-24,SUMATERA SELATAN,130,9,93,28,23306,20944,1178,1184
2021-05-25,SUMATERA SELATAN,129,10,97,22,23435,21041,1188,1206
2021-05-26,SUMATERA SELATAN,159,6,46,107,23594,21087,1194,1313
2021-05-27,SUMATERA SELATAN,157,7,103,47,23751,21190,1201,1360
2021-05-28,SUMATERA SELATAN,152,1,79,72,23903,21269,1202,1432
2021-05-29,SUMATERA SELATAN,165,10,263,-108,24068,21532,1212,1324
2021-05-30,SUMATERA SELATAN,122,7,93,22,24190,21625,1219,1346
2021-05-31,SUMATERA SELATAN,142,5,95,42,24332,21720,1224,1388
2021-06-01,SUMATERA SELATAN,150,4,124,22,24482,21844,1228,1410
2021-06-02,SUMATERA SELATAN,129,7,87,35,24611,21931,1235,1445
2021-06-03,SUMATERA SELATAN,161,11,106,44,24772,22037,1246,1489
2021-06-04,SUMATERA SELATAN,156,11,204,-59,24928,22241,1257,1430
2021-06-05,SUMATERA SELATAN,158,3,136,19,25086,22377,1260,1449
2021-06-06,SUMATERA SELATAN,127,10,89,28,25213,22466,1270,1477
2021-06-07,SUMATERA SELATAN,126,10,186,-70,25339,22652,1280,1407
2021-06-08,SUMATERA SELATAN,122,4,146,-28,25461,22798,1284,1379
2021-06-09,SUMATERA SELATAN,152,11,125,16,25613,22923,1295,1395
2021-06-10,SUMATERA SELATAN,154,9,100,45,25767,23023,1304,1440
2021-06-11,SUMATERA SELATAN,128,10,89,29,25895,23112,1314,1469
2021-06-12,SUMATERA SELATAN,184,6,104,74,26079,23216,1320,1543
2021-06-13,SUMATERA SELATAN,144,11,86,47,26223,23302,1331,1590
2021-06-14,SUMATERA SELATAN,88,10,289,-211,26311,23591,1341,1379
2021-06-15,SUMATERA SELATAN,152,7,95,50,26463,23686,1348,1429
2021-06-16,SUMATERA SELATAN,138,6,163,-31,26601,23849,1354,1398
2021-06-17,SUMATERA SELATAN,121,5,88,28,26722,23937,1359,1426
2021-06-18,SUMATERA SELATAN,135,4,146,-15,26857,24083,1363,1411
2021-06-19,SUMATERA SELATAN,119,3,210,-94,26976,24293,1366,1317
2021-06-20,SUMATERA SELATAN,143,6,184,-47,27119,24477,1372,1270
2021-06-21,SUMATERA SELATAN,111,6,83,22,27230,24560,1378,1292
2021-06-22,SUMATERA SELATAN,151,7,95,49,27381,24655,1385,1341
2021-06-23,SUMATERA SELATAN,115,1,68,46,27496,24723,1386,1387
2021-06-24,SUMATERA SELATAN,144,7,84,53,27640,24807,1393,1440
2021-06-25,SUMATERA SELATAN,202,15,147,40,27842,24954,1408,1480
2021-06-26,SUMATERA SELATAN,173,9,109,55,28015,25063,1417,1535
2021-06-27,SUMATERA SELATAN,162,5,107,50,28177,25170,1422,1585
2021-06-28,SUMATERA SELATAN,199,9,246,-56,28376,25416,1431,1529
2021-06-29,SUMATERA SELATAN,164,7,141,16,28540,25557,1438,1545
2021-06-30,SUMATERA SELATAN,223,3,63,157,28763,25620,1441,1702
2021-07-01,SUMATERA SELATAN,229,17,86,126,28992,25706,1458,1828
2021-07-02,SUMATERA SELATAN,243,9,110,124,29235,25816,1467,1952
2021-07-03,SUMATERA SELATAN,246,7,136,103,29481,25952,1474,2055
2021-07-04,SUMATERA SELATAN,244,14,317,-87,29725,26269,1488,1968
2021-07-05,SUMATERA SELATAN,172,8,132,32,29897,26401,1496,2000
2021-07-06,SUMATERA SELATAN,255,9,133,113,30152,26534,1505,2113
2021-07-07,SUMATERA SELATAN,358,16,139,203,30510,26673,1521,2316
2021-07-08,SUMATERA SELATAN,296,16,167,113,30806,26840,1537,2429
2021-07-09,SUMATERA SELATAN,341,6,221,114,31147,27061,1543,2543
2021-07-10,SUMATERA SELATAN,423,38,234,151,31570,27295,1581,2694
2021-07-11,SUMATERA SELATAN,388,12,239,137,31958,27534,1593,2831
2021-07-12,SUMATERA SELATAN,472,17,311,144,32430,27845,1610,2975
2021-07-13,SUMATERA SELATAN,778,8,170,600,33208,28015,1618,3575
2021-07-14,SUMATERA SELATAN,759,10,200,549,33967,28215,1628,4124
2021-07-15,SUMATERA SELATAN,963,11,262,690,34930,28477,1639,4814
2021-07-16,SUMATERA SELATAN,689,16,258,415,35619,28735,1655,5229
2021-07-17,SUMATERA SELATAN,771,22,406,343,36390,29141,1677,5572
2021-07-18,SUMATERA SELATAN,556,21,294,241,36946,29435,1698,5813
2021-07-19,SUMATERA SELATAN,376,41,290,45,37322,29725,1739,5858
2021-07-20,SUMATERA SELATAN,596,5,211,380,37918,29936,1744,6238
2021-07-21,SUMATERA SELATAN,450,12,205,233,38368,30141,1756,6471
2021-07-22,SUMATERA SELATAN,806,11,201,594,39174,30342,1767,7065
2021-07-23,SUMATERA SELATAN,841,27,405,409,40015,30747,1794,7474
2021-07-24,SUMATERA SELATAN,815,30,410,375,40830,31157,1824,7849
2021-07-25,SUMATERA SELATAN,388,22,483,-117,41218,31640,1846,7732
2021-07-26,SUMATERA SELATAN,366,20,325,21,41584,31965,1866,7753
2021-07-27,SUMATERA SELATAN,1020,22,431,567,42604,32396,1888,8320
2021-07-28,SUMATERA SELATAN,1249,37,493,719,43853,32889,1925,9039
2021-07-29,SUMATERA SELATAN,1278,46,505,727,45131,33394,1971,9766
2021-07-30,SUMATERA SELATAN,1002,36,518,448,46133,33912,2007,10214
2021-07-31,SUMATERA SELATAN,893,49,568,276,47026,34480,2056,10490
2021-08-01,SUMATERA SELATAN,547,44,801,-298,47573,35281,2100,10192
2021-08-02,SUMATERA SELATAN,184,35,332,-183,47757,35613,2135,10009
2021-08-03,SUMATERA SELATAN,724,25,494,205,48481,36107,2160,10214
2021-08-04,SUMATERA SELATAN,695,41,499,155,49176,36606,2201,10369
2021-08-05,SUMATERA SELATAN,786,43,609,134,49962,37215,2244,10503
2021-08-06,SUMATERA SELATAN,897,64,701,132,50859,37916,2308,10635
2021-08-07,SUMATERA SELATAN,613,48,626,-61,51472,38542,2356,10574
2021-08-08,SUMATERA SELATAN,394,31,579,-216,51866,39121,2387,10358
2021-08-09,SUMATERA SELATAN,203,35,960,-792,52069,40081,2422,9566
2021-08-10,SUMATERA SELATAN,610,27,564,19,52679,40645,2449,9585
2021-08-11,SUMATERA SELATAN,551,31,734,-214,53230,41379,2480,9371
2021-08-12,SUMATERA SELATAN,273,23,751,-501,53503,42130,2503,8870
2021-08-13,SUMATERA SELATAN,703,20,587,96,54206,42717,2523,8966
2021-08-14,SUMATERA SELATAN,405,31,879,-505,54611,43596,2554,8461
2021-08-15,SUMATERA SELATAN,210,24,564,-378,54821,44160,2578,8083
2021-08-16,SUMATERA SELATAN,237,25,497,-285,55058,44657,2603,7798
2021-08-17,SUMATERA SELATAN,370,29,673,-332,55428,45330,2632,7466
2021-08-18,SUMATERA SELATAN,117,25,439,-347,55545,45769,2657,7119
2020-03-26,KALIMANTAN TENGAH,2,0,0,2,2,0,0,2
2020-03-27,KALIMANTAN TENGAH,0,0,0,0,2,0,0,2
2020-03-28,KALIMANTAN TENGAH,1,0,0,1,3,0,0,3
2020-03-29,KALIMANTAN TENGAH,0,0,0,0,3,0,0,3
2020-03-30,KALIMANTAN TENGAH,0,0,0,0,3,0,0,3
2020-03-31,KALIMANTAN TENGAH,4,0,2,2,7,2,0,5
2020-04-01,KALIMANTAN TENGAH,0,0,0,0,7,2,0,5
2020-04-02,KALIMANTAN TENGAH,0,0,0,0,7,2,0,5
2020-04-03,KALIMANTAN TENGAH,2,0,0,2,9,2,0,7
2020-04-04,KALIMANTAN TENGAH,1,0,2,-1,10,4,0,6
2020-04-05,KALIMANTAN TENGAH,0,0,0,0,10,4,0,6
2020-04-06,KALIMANTAN TENGAH,9,0,0,9,19,4,0,15
2020-04-07,KALIMANTAN TENGAH,1,0,2,-1,20,6,0,14
2020-04-08,KALIMANTAN TENGAH,0,1,0,-1,20,6,1,13
2020-04-09,KALIMANTAN TENGAH,0,0,0,0,20,6,1,13
2020-04-10,KALIMANTAN TENGAH,4,0,1,3,24,7,1,16
2020-04-11,KALIMANTAN TENGAH,0,0,0,0,24,7,1,16
2020-04-12,KALIMANTAN TENGAH,0,0,0,0,24,7,1,16
2020-04-13,KALIMANTAN TENGAH,1,0,1,0,25,8,1,16
2020-04-14,KALIMANTAN TENGAH,0,1,0,-1,25,8,2,15
2020-04-15,KALIMANTAN TENGAH,8,0,0,8,33,8,2,23
2020-04-16,KALIMANTAN TENGAH,1,0,0,1,34,8,2,24
2020-04-17,KALIMANTAN TENGAH,1,0,0,1,35,8,2,25
2020-04-18,KALIMANTAN TENGAH,6,1,0,5,41,8,3,30
2020-04-19,KALIMANTAN TENGAH,5,0,0,5,46,8,3,35
2020-04-20,KALIMANTAN TENGAH,14,1,1,12,60,9,4,47
2020-04-21,KALIMANTAN TENGAH,7,1,0,6,67,9,5,53
2020-04-22,KALIMANTAN TENGAH,15,0,0,15,82,9,5,68
2020-04-23,KALIMANTAN TENGAH,1,0,0,1,83,9,5,69
2020-04-24,KALIMANTAN TENGAH,11,0,0,11,94,9,5,80
2020-04-25,KALIMANTAN TENGAH,6,0,0,6,100,9,5,86
2020-04-26,KALIMANTAN TENGAH,4,0,1,3,104,10,5,89
2020-04-27,KALIMANTAN TENGAH,8,0,0,8,112,10,5,97
2020-04-28,KALIMANTAN TENGAH,9,1,2,6,121,12,6,103
2020-04-29,KALIMANTAN TENGAH,6,0,0,6,127,12,6,109
2020-04-30,KALIMANTAN TENGAH,18,0,1,17,145,13,6,126
2020-05-01,KALIMANTAN TENGAH,11,1,2,8,156,15,7,134
2020-05-02,KALIMANTAN TENGAH,1,0,0,1,157,15,7,135
2020-05-03,KALIMANTAN TENGAH,0,0,0,0,157,15,7,135
2020-05-04,KALIMANTAN TENGAH,23,0,1,22,180,16,7,157
2020-05-05,KALIMANTAN TENGAH,1,2,0,-1,181,16,9,156
2020-05-06,KALIMANTAN TENGAH,5,0,13,-8,186,29,9,148
2020-05-07,KALIMANTAN TENGAH,2,1,0,1,188,29,10,149
2020-05-08,KALIMANTAN TENGAH,0,0,1,-1,188,30,10,148
2020-05-09,KALIMANTAN TENGAH,1,0,0,1,189,30,10,149
2020-05-10,KALIMANTAN TENGAH,4,0,0,4,193,30,10,153
2020-05-11,KALIMANTAN TENGAH,7,0,0,7,200,30,10,160
2020-05-12,KALIMANTAN TENGAH,4,0,1,3,204,31,10,163
2020-05-13,KALIMANTAN TENGAH,16,0,1,15,220,32,10,178
2020-05-14,KALIMANTAN TENGAH,3,0,10,-7,223,42,10,171
2020-05-15,KALIMANTAN TENGAH,4,0,7,-3,227,49,10,168
2020-05-16,KALIMANTAN TENGAH,0,0,0,0,227,49,10,168
2020-05-17,KALIMANTAN TENGAH,0,0,0,0,227,49,10,168
2020-05-18,KALIMANTAN TENGAH,0,0,0,0,227,49,10,168
2020-05-19,KALIMANTAN TENGAH,5,0,0,5,232,49,10,173
2020-05-20,KALIMANTAN TENGAH,9,0,18,-9,241,67,10,164
2020-05-21,KALIMANTAN TENGAH,13,0,10,3,254,77,10,167
2020-05-22,KALIMANTAN TENGAH,35,4,15,16,289,92,14,183
2020-05-23,KALIMANTAN TENGAH,2,0,0,2,291,92,14,185
2020-05-24,KALIMANTAN TENGAH,15,0,0,15,306,92,14,200
2020-05-25,KALIMANTAN TENGAH,2,2,21,-21,308,113,16,179
2020-05-26,KALIMANTAN TENGAH,12,0,0,12,320,113,16,191
2020-05-27,KALIMANTAN TENGAH,8,0,0,8,328,113,16,199
2020-05-28,KALIMANTAN TENGAH,6,0,0,6,334,113,16,205
2020-05-29,KALIMANTAN TENGAH,29,0,7,22,363,120,16,227
2020-05-30,KALIMANTAN TENGAH,31,2,6,23,394,126,18,250
2020-05-31,KALIMANTAN TENGAH,12,0,0,12,406,126,18,262
2020-06-01,KALIMANTAN TENGAH,9,0,1,8,415,127,18,270
2020-06-02,KALIMANTAN TENGAH,9,1,17,-9,424,144,19,261
2020-06-03,KALIMANTAN TENGAH,28,4,7,17,452,151,23,278
2020-06-04,KALIMANTAN TENGAH,13,0,0,13,465,151,23,291
2020-06-05,KALIMANTAN TENGAH,15,2,0,13,480,151,25,304
2020-06-06,KALIMANTAN TENGAH,15,0,0,15,495,151,25,319
2020-06-07,KALIMANTAN TENGAH,1,0,10,-9,496,161,25,310
2020-06-08,KALIMANTAN TENGAH,8,2,2,4,504,163,27,314
2020-06-09,KALIMANTAN TENGAH,18,0,0,18,522,163,27,332
2020-06-10,KALIMANTAN TENGAH,15,1,11,3,537,174,28,335
2020-06-11,KALIMANTAN TENGAH,15,0,0,15,552,174,28,350
2020-06-12,KALIMANTAN TENGAH,13,0,4,9,565,178,28,359
2020-06-13,KALIMANTAN TENGAH,21,1,1,19,586,179,29,378
2020-06-14,KALIMANTAN TENGAH,0,3,17,-20,586,196,32,358
2020-06-15,KALIMANTAN TENGAH,45,4,2,39,631,198,36,397
2020-06-16,KALIMANTAN TENGAH,26,0,10,16,657,208,36,413
2020-06-17,KALIMANTAN TENGAH,45,1,1,43,702,209,37,456
2020-06-18,KALIMANTAN TENGAH,36,6,39,-9,738,248,43,447
2020-06-19,KALIMANTAN TENGAH,0,0,0,0,738,248,43,447
2020-06-20,KALIMANTAN TENGAH,26,2,10,14,764,258,45,461
2020-06-21,KALIMANTAN TENGAH,0,0,0,0,764,258,45,461
2020-06-22,KALIMANTAN TENGAH,21,3,7,11,785,265,48,472
2020-06-23,KALIMANTAN TENGAH,11,1,7,3,796,272,49,475
2020-06-24,KALIMANTAN TENGAH,4,0,0,4,800,272,49,479
2020-06-25,KALIMANTAN TENGAH,10,0,0,10,810,272,49,489
2020-06-26,KALIMANTAN TENGAH,7,2,29,-24,817,301,51,465
2020-06-27,KALIMANTAN TENGAH,5,1,0,4,822,301,52,469
2020-06-28,KALIMANTAN TENGAH,12,0,0,12,834,301,52,481
2020-06-29,KALIMANTAN TENGAH,47,0,50,-3,881,351,52,478
2020-06-30,KALIMANTAN TENGAH,13,2,1,10,894,352,54,488
2020-07-01,KALIMANTAN TENGAH,37,0,0,37,931,352,54,525
2020-07-02,KALIMANTAN TENGAH,15,0,0,15,946,352,54,540
2020-07-03,KALIMANTAN TENGAH,50,4,45,1,996,397,58,541
2020-07-04,KALIMANTAN TENGAH,8,2,26,-20,1004,423,60,521
2020-07-05,KALIMANTAN TENGAH,28,0,4,24,1032,427,60,545
2020-07-06,KALIMANTAN TENGAH,8,1,1,6,1040,428,61,551
2020-07-07,KALIMANTAN TENGAH,18,0,19,-1,1058,447,61,550
2020-07-08,KALIMANTAN TENGAH,15,0,6,9,1073,453,61,559
2020-07-09,KALIMANTAN TENGAH,23,3,22,-2,1096,475,64,557
2020-07-10,KALIMANTAN TENGAH,35,0,1,34,1131,476,64,591
2020-07-11,KALIMANTAN TENGAH,26,1,28,-3,1157,504,65,588
2020-07-12,KALIMANTAN TENGAH,39,5,12,22,1196,516,70,610
2020-07-13,KALIMANTAN TENGAH,26,0,3,23,1222,519,70,633
2020-07-14,KALIMANTAN TENGAH,32,1,42,-11,1254,561,71,622
2020-07-15,KALIMANTAN TENGAH,0,0,21,-21,1254,582,71,601
2020-07-16,KALIMANTAN TENGAH,12,1,33,-22,1266,615,72,579
2020-07-17,KALIMANTAN TENGAH,58,2,30,26,1324,645,74,605
2020-07-18,KALIMANTAN TENGAH,0,2,6,-8,1324,651,76,597
2020-07-19,KALIMANTAN TENGAH,74,2,74,-2,1398,725,78,595
2020-07-20,KALIMANTAN TENGAH,0,0,0,0,1398,725,78,595
2020-07-21,KALIMANTAN TENGAH,14,0,30,-16,1412,755,78,579
2020-07-22,KALIMANTAN TENGAH,36,1,150,-115,1448,905,79,464
2020-07-23,KALIMANTAN TENGAH,27,0,25,2,1475,930,79,466
2020-07-24,KALIMANTAN TENGAH,45,0,29,16,1520,959,79,482
2020-07-25,KALIMANTAN TENGAH,67,6,68,-7,1587,1027,85,475
2020-07-26,KALIMANTAN TENGAH,45,0,31,14,1632,1058,85,489
2020-07-27,KALIMANTAN TENGAH,21,1,34,-14,1653,1092,86,475
2020-07-28,KALIMANTAN TENGAH,24,0,24,0,1677,1116,86,475
2020-07-29,KALIMANTAN TENGAH,0,0,1,-1,1677,1117,86,474
2020-07-30,KALIMANTAN TENGAH,24,0,1,23,1701,1118,86,497
2020-07-31,KALIMANTAN TENGAH,28,3,34,-9,1729,1152,89,488
2020-08-01,KALIMANTAN TENGAH,31,0,17,14,1760,1169,89,502
2020-08-02,KALIMANTAN TENGAH,17,0,12,5,1777,1181,89,507
2020-08-03,KALIMANTAN TENGAH,14,0,30,-16,1791,1211,89,491
2020-08-04,KALIMANTAN TENGAH,53,0,31,22,1844,1242,89,513
2020-08-05,KALIMANTAN TENGAH,5,0,27,-22,1849,1269,89,491
2020-08-06,KALIMANTAN TENGAH,25,4,7,14,1874,1276,93,505
2020-08-07,KALIMANTAN TENGAH,37,1,25,11,1911,1301,94,516
2020-08-08,KALIMANTAN TENGAH,66,0,40,26,1977,1341,94,542
2020-08-09,KALIMANTAN TENGAH,30,0,37,-7,2007,1378,94,535
2020-08-10,KALIMANTAN TENGAH,43,0,34,9,2050,1412,94,544
2020-08-11,KALIMANTAN TENGAH,31,1,10,20,2081,1422,95,564
2020-08-12,KALIMANTAN TENGAH,6,0,30,-24,2087,1452,95,540
2020-08-13,KALIMANTAN TENGAH,44,2,71,-29,2131,1523,97,511
2020-08-14,KALIMANTAN TENGAH,20,1,22,-3,2151,1545,98,508
2020-08-15,KALIMANTAN TENGAH,37,0,30,7,2188,1575,98,515
2020-08-16,KALIMANTAN TENGAH,0,0,0,0,2188,1575,98,515
2020-08-17,KALIMANTAN TENGAH,27,0,30,-3,2215,1605,98,512
2020-08-18,KALIMANTAN TENGAH,43,2,71,-30,2258,1676,100,482
2020-08-19,KALIMANTAN TENGAH,0,0,0,0,2258,1676,100,482
2020-08-20,KALIMANTAN TENGAH,33,0,12,21,2291,1688,100,503
2020-08-21,KALIMANTAN TENGAH,23,1,20,2,2314,1708,101,505
2020-08-22,KALIMANTAN TENGAH,34,1,25,8,2348,1733,102,513
2020-08-23,KALIMANTAN TENGAH,62,0,38,24,2410,1771,102,537
2020-08-24,KALIMANTAN TENGAH,17,0,10,7,2427,1781,102,544
2020-08-25,KALIMANTAN TENGAH,11,1,32,-22,2438,1813,103,522
2020-08-26,KALIMANTAN TENGAH,8,0,30,-22,2446,1843,103,500
2020-08-27,KALIMANTAN TENGAH,18,1,24,-7,2464,1867,104,493
2020-08-28,KALIMANTAN TENGAH,0,0,0,0,2464,1867,104,493
2020-08-29,KALIMANTAN TENGAH,18,1,40,-23,2482,1907,105,470
2020-08-30,KALIMANTAN TENGAH,25,1,35,-11,2507,1942,106,459
2020-08-31,KALIMANTAN TENGAH,41,0,22,19,2548,1964,106,478
2020-09-01,KALIMANTAN TENGAH,37,0,20,17,2585,1984,106,495
2020-09-02,KALIMANTAN TENGAH,0,0,0,0,2585,1984,106,495
2020-09-03,KALIMANTAN TENGAH,51,1,85,-35,2636,2069,107,460
2020-09-04,KALIMANTAN TENGAH,53,1,90,-38,2689,2159,108,422
2020-09-05,KALIMANTAN TENGAH,0,0,0,0,2689,2159,108,422
2020-09-06,KALIMANTAN TENGAH,51,1,0,50,2740,2159,109,472
2020-09-07,KALIMANTAN TENGAH,67,2,0,65,2807,2159,111,537
2020-09-08,KALIMANTAN TENGAH,0,0,0,0,2807,2159,111,537
2020-09-09,KALIMANTAN TENGAH,44,1,15,28,2851,2174,112,565
2020-09-10,KALIMANTAN TENGAH,36,1,30,5,2887,2204,113,570
2020-09-11,KALIMANTAN TENGAH,33,0,10,23,2920,2214,113,593
2020-09-12,KALIMANTAN TENGAH,46,1,15,30,2966,2229,114,623
2020-09-13,KALIMANTAN TENGAH,36,1,6,29,3002,2235,115,652
2020-09-14,KALIMANTAN TENGAH,0,0,0,0,3002,2235,115,652
2020-09-15,KALIMANTAN TENGAH,57,1,18,38,3059,2253,116,690
2020-09-16,KALIMANTAN TENGAH,64,3,120,-59,3123,2373,119,631
2020-09-17,KALIMANTAN TENGAH,0,0,0,0,3123,2373,119,631
2020-09-18,KALIMANTAN TENGAH,55,2,78,-25,3178,2451,121,606
2020-09-19,KALIMANTAN TENGAH,50,4,30,16,3228,2481,125,622
2020-09-20,KALIMANTAN TENGAH,44,1,13,30,3272,2494,126,652
2020-09-21,KALIMANTAN TENGAH,28,2,22,4,3300,2516,128,656
2020-09-22,KALIMANTAN TENGAH,0,0,0,0,3300,2516,128,656
2020-09-23,KALIMANTAN TENGAH,92,0,38,54,3392,2554,128,710
2020-09-24,KALIMANTAN TENGAH,39,0,18,21,3431,2572,128,731
2020-09-25,KALIMANTAN TENGAH,43,0,30,13,3474,2602,128,744
2020-09-26,KALIMANTAN TENGAH,0,0,0,0,3474,2602,128,744
2020-09-27,KALIMANTAN TENGAH,11,0,26,-15,3485,2628,128,729
2020-09-28,KALIMANTAN TENGAH,64,1,30,33,3549,2658,129,762
2020-09-29,KALIMANTAN TENGAH,85,0,4,81,3634,2662,129,843
2020-09-30,KALIMANTAN TENGAH,11,2,120,-111,3645,2782,131,732
2020-10-01,KALIMANTAN TENGAH,46,0,15,31,3691,2797,131,763
2020-10-02,KALIMANTAN TENGAH,29,0,33,-4,3720,2830,131,759
2020-10-03,KALIMANTAN TENGAH,38,0,82,-44,3758,2912,131,715
2020-10-04,KALIMANTAN TENGAH,18,1,30,-13,3776,2942,132,702
2020-10-05,KALIMANTAN TENGAH,28,0,38,-10,3804,2980,132,692
2020-10-06,KALIMANTAN TENGAH,14,3,42,-31,3818,3022,135,661
2020-10-07,KALIMANTAN TENGAH,37,1,36,0,3855,3058,136,661
2020-10-08,KALIMANTAN TENGAH,11,1,50,-40,3866,3108,137,621
2020-10-09,KALIMANTAN TENGAH,24,0,8,16,3890,3116,137,637
2020-10-10,KALIMANTAN TENGAH,17,2,18,-3,3907,3134,139,634
2020-10-11,KALIMANTAN TENGAH,34,0,27,7,3941,3161,139,641
2020-10-12,KALIMANTAN TENGAH,26,0,38,-12,3967,3199,139,629
2020-10-13,KALIMANTAN TENGAH,11,1,70,-60,3978,3269,140,569
2020-10-14,KALIMANTAN TENGAH,9,2,31,-24,3987,3300,142,545
2020-10-15,KALIMANTAN TENGAH,27,0,33,-6,4014,3333,142,539
2020-10-16,KALIMANTAN TENGAH,31,1,39,-9,4045,3372,143,530
2020-10-17,KALIMANTAN TENGAH,36,0,32,4,4081,3404,143,534
2020-10-18,KALIMANTAN TENGAH,0,0,0,0,4081,3404,143,534
2020-10-19,KALIMANTAN TENGAH,41,0,46,-5,4122,3450,143,529
2020-10-20,KALIMANTAN TENGAH,27,0,77,-50,4149,3527,143,479
2020-10-21,KALIMANTAN TENGAH,13,0,17,-4,4162,3544,143,475
2020-10-22,KALIMANTAN TENGAH,0,0,0,0,4162,3544,143,475
2020-10-23,KALIMANTAN TENGAH,51,2,55,-6,4213,3599,145,469
2020-10-24,KALIMANTAN TENGAH,20,1,52,-33,4233,3651,146,436
2020-10-25,KALIMANTAN TENGAH,18,0,26,-8,4251,3677,146,428
2020-10-26,KALIMANTAN TENGAH,23,3,34,-14,4274,3711,149,414
2020-10-27,KALIMANTAN TENGAH,10,0,32,-22,4284,3743,149,392
2020-10-28,KALIMANTAN TENGAH,4,0,17,-13,4288,3760,149,379
2020-10-29,KALIMANTAN TENGAH,40,0,27,13,4328,3787,149,392
2020-10-30,KALIMANTAN TENGAH,11,0,36,-25,4339,3823,149,367
2020-10-31,KALIMANTAN TENGAH,5,0,25,-20,4344,3848,149,347
2020-11-01,KALIMANTAN TENGAH,0,0,0,0,4344,3848,149,347
2020-11-02,KALIMANTAN TENGAH,37,2,25,10,4381,3873,151,357
2020-11-03,KALIMANTAN TENGAH,17,1,20,-4,4398,3893,152,353
2020-11-04,KALIMANTAN TENGAH,20,2,16,2,4418,3909,154,355
2020-11-05,KALIMANTAN TENGAH,50,1,18,31,4468,3927,155,386
2020-11-06,KALIMANTAN TENGAH,49,3,30,16,4517,3957,158,402
2020-11-07,KALIMANTAN TENGAH,42,1,10,31,4559,3967,159,433
2020-11-08,KALIMANTAN TENGAH,53,0,6,47,4612,3973,159,480
2020-11-09,KALIMANTAN TENGAH,35,1,19,15,4647,3992,160,495
2020-11-10,KALIMANTAN TENGAH,20,2,25,-7,4667,4017,162,488
2020-11-11,KALIMANTAN TENGAH,45,0,11,34,4712,4028,162,522
2020-11-12,KALIMANTAN TENGAH,89,1,25,63,4801,4053,163,585
2020-11-13,KALIMANTAN TENGAH,89,2,42,45,4890,4095,165,630
2020-11-14,KALIMANTAN TENGAH,36,1,20,15,4926,4115,166,645
2020-11-15,KALIMANTAN TENGAH,50,0,16,34,4976,4131,166,679
2020-11-16,KALIMANTAN TENGAH,0,0,0,0,4976,4131,166,679
2020-11-17,KALIMANTAN TENGAH,65,2,58,5,5041,4189,168,684
2020-11-18,KALIMANTAN TENGAH,45,1,26,18,5086,4215,169,702
2020-11-19,KALIMANTAN TENGAH,20,5,29,-14,5106,4244,174,688
2020-11-20,KALIMANTAN TENGAH,65,1,21,43,5171,4265,175,731
2020-11-21,KALIMANTAN TENGAH,58,1,42,15,5229,4307,176,746
2020-11-22,KALIMANTAN TENGAH,131,3,31,97,5360,4338,179,843
2020-11-23,KALIMANTAN TENGAH,85,3,35,47,5445,4373,182,890
2020-11-24,KALIMANTAN TENGAH,51,0,30,21,5496,4403,182,911
2020-11-25,KALIMANTAN TENGAH,58,0,40,18,5554,4443,182,929
2020-11-26,KALIMANTAN TENGAH,49,3,49,-3,5603,4492,185,926
2020-11-27,KALIMANTAN TENGAH,86,4,57,25,5689,4549,189,951
2020-11-28,KALIMANTAN TENGAH,86,2,46,38,5775,4595,191,989
2020-11-29,KALIMANTAN TENGAH,157,1,47,109,5932,4642,192,1098
2020-11-30,KALIMANTAN TENGAH,0,0,0,0,5932,4642,192,1098
2020-12-01,KALIMANTAN TENGAH,190,0,0,190,6122,4642,192,1288
2020-12-02,KALIMANTAN TENGAH,82,0,0,82,6204,4642,192,1370
2020-12-03,KALIMANTAN TENGAH,157,0,0,157,6361,4642,192,1527
2020-12-04,KALIMANTAN TENGAH,0,0,0,0,6361,4642,192,1527
2020-12-05,KALIMANTAN TENGAH,260,0,100,160,6621,4742,192,1687
2020-12-06,KALIMANTAN TENGAH,0,0,0,0,6621,4742,192,1687
2020-12-07,KALIMANTAN TENGAH,209,0,0,209,6830,4742,192,1896
2020-12-08,KALIMANTAN TENGAH,194,0,0,194,7024,4742,192,2090
2020-12-09,KALIMANTAN TENGAH,229,0,100,129,7253,4842,192,2219
2020-12-10,KALIMANTAN TENGAH,205,0,0,205,7458,4842,192,2424
2020-12-11,KALIMANTAN TENGAH,216,0,0,216,7674,4842,192,2640
2020-12-12,KALIMANTAN TENGAH,116,0,0,116,7790,4842,192,2756
2020-12-13,KALIMANTAN TENGAH,150,2,0,148,7940,4842,194,2904
2020-12-14,KALIMANTAN TENGAH,73,0,0,73,8013,4842,194,2977
2020-12-15,KALIMANTAN TENGAH,106,0,0,106,8119,4842,194,3083
2020-12-16,KALIMANTAN TENGAH,0,0,0,0,8119,4842,194,3083
2020-12-17,KALIMANTAN TENGAH,95,0,100,-5,8214,4942,194,3078
2020-12-18,KALIMANTAN TENGAH,112,1,0,111,8326,4942,195,3189
2020-12-19,KALIMANTAN TENGAH,154,2,3,149,8480,4945,197,3338
2020-12-20,KALIMANTAN TENGAH,137,0,300,-163,8617,5245,197,3175
2020-12-21,KALIMANTAN TENGAH,296,0,0,296,8913,5245,197,3471
2020-12-22,KALIMANTAN TENGAH,142,0,100,42,9055,5345,197,3513
2020-12-23,KALIMANTAN TENGAH,101,0,0,101,9156,5345,197,3614
2020-12-24,KALIMANTAN TENGAH,90,0,0,90,9246,5345,197,3704
2020-12-25,KALIMANTAN TENGAH,88,0,0,88,9334,5345,197,3792
2020-12-26,KALIMANTAN TENGAH,80,0,0,80,9414,5345,197,3872
2020-12-27,KALIMANTAN TENGAH,85,0,398,-313,9499,5743,197,3559
2020-12-28,KALIMANTAN TENGAH,43,0,0,43,9542,5743,197,3602
2020-12-29,KALIMANTAN TENGAH,74,0,0,74,9616,5743,197,3676
2020-12-30,KALIMANTAN TENGAH,56,1,113,-58,9672,5856,198,3618
2020-12-31,KALIMANTAN TENGAH,68,0,600,-532,9740,6456,198,3086
2021-01-01,KALIMANTAN TENGAH,95,0,200,-105,9835,6656,198,2981
2021-01-02,KALIMANTAN TENGAH,59,0,100,-41,9894,6756,198,2940
2021-01-03,KALIMANTAN TENGAH,64,0,200,-136,9958,6956,198,2804
2021-01-04,KALIMANTAN TENGAH,24,0,214,-190,9982,7170,198,2614
2021-01-05,KALIMANTAN TENGAH,60,0,3,57,10042,7173,198,2671
2021-01-06,KALIMANTAN TENGAH,66,0,203,-137,10108,7376,198,2534
2021-01-07,KALIMANTAN TENGAH,76,0,305,-229,10184,7681,198,2305
2021-01-08,KALIMANTAN TENGAH,114,0,123,-9,10298,7804,198,2296
2021-01-09,KALIMANTAN TENGAH,54,0,100,-46,10352,7904,198,2250
2021-01-10,KALIMANTAN TENGAH,94,1,200,-107,10446,8104,199,2143
2021-01-11,KALIMANTAN TENGAH,60,1,107,-48,10506,8211,200,2095
2021-01-12,KALIMANTAN TENGAH,68,0,301,-233,10574,8512,200,1862
2021-01-13,KALIMANTAN TENGAH,74,0,102,-28,10648,8614,200,1834
2021-01-14,KALIMANTAN TENGAH,71,0,0,71,10719,8614,200,1905
2021-01-15,KALIMANTAN TENGAH,84,0,200,-116,10803,8814,200,1789
2021-01-16,KALIMANTAN TENGAH,97,0,199,-102,10900,9013,200,1687
2021-01-17,KALIMANTAN TENGAH,95,1,0,94,10995,9013,201,1781
2021-01-18,KALIMANTAN TENGAH,40,0,98,-58,11035,9111,201,1723
2021-01-19,KALIMANTAN TENGAH,65,0,200,-135,11100,9311,201,1588
2021-01-20,KALIMANTAN TENGAH,62,1,0,61,11162,9311,202,1649
2021-01-21,KALIMANTAN TENGAH,54,0,0,54,11216,9311,202,1703
2021-01-22,KALIMANTAN TENGAH,65,1,0,64,11281,9311,203,1767
2021-01-23,KALIMANTAN TENGAH,86,1,100,-15,11367,9411,204,1752
2021-01-24,KALIMANTAN TENGAH,134,1,58,75,11501,9469,205,1827
2021-01-25,KALIMANTAN TENGAH,45,2,82,-39,11546,9551,207,1788
2021-01-26,KALIMANTAN TENGAH,31,0,137,-106,11577,9688,207,1682
2021-01-27,KALIMANTAN TENGAH,62,1,108,-47,11639,9796,208,1635
2021-01-28,KALIMANTAN TENGAH,62,0,17,45,11701,9813,208,1680
2021-01-29,KALIMANTAN TENGAH,133,2,100,31,11834,9913,210,1711
2021-01-30,KALIMANTAN TENGAH,76,0,147,-71,11910,10060,210,1640
2021-01-31,KALIMANTAN TENGAH,66,0,101,-35,11976,10161,210,1605
2021-02-01,KALIMANTAN TENGAH,62,0,89,-27,12038,10250,210,1578
2021-02-02,KALIMANTAN TENGAH,98,0,100,-2,12136,10350,210,1576
2021-02-03,KALIMANTAN TENGAH,19,95,2,-78,12155,10352,305,1498
2021-02-04,KALIMANTAN TENGAH,50,0,83,-33,12205,10435,305,1465
2021-02-05,KALIMANTAN TENGAH,80,0,101,-21,12285,10536,305,1444
2021-02-06,KALIMANTAN TENGAH,67,0,132,-65,12352,10668,305,1379
2021-02-07,KALIMANTAN TENGAH,61,0,17,44,12413,10685,305,1423
2021-02-08,KALIMANTAN TENGAH,43,1,128,-86,12456,10813,306,1337
2021-02-09,KALIMANTAN TENGAH,32,1,102,-71,12488,10915,307,1266
2021-02-10,KALIMANTAN TENGAH,30,0,100,-70,12518,11015,307,1196
2021-02-11,KALIMANTAN TENGAH,31,1,71,-41,12549,11086,308,1155
2021-02-12,KALIMANTAN TENGAH,78,1,69,8,12627,11155,309,1163
2021-02-13,KALIMANTAN TENGAH,101,0,97,4,12728,11252,309,1167
2021-02-14,KALIMANTAN TENGAH,36,0,101,-65,12764,11353,309,1102
2021-02-15,KALIMANTAN TENGAH,41,0,0,41,12805,11353,309,1143
2021-02-16,KALIMANTAN TENGAH,50,0,89,-39,12855,11442,309,1104
2021-02-17,KALIMANTAN TENGAH,32,0,61,-29,12887,11503,309,1075
2021-02-18,KALIMANTAN TENGAH,86,1,63,22,12973,11566,310,1097
2021-02-19,KALIMANTAN TENGAH,99,2,91,6,13072,11657,312,1103
2021-02-20,KALIMANTAN TENGAH,95,1,48,46,13167,11705,313,1149
2021-02-21,KALIMANTAN TENGAH,148,2,28,118,13315,11733,315,1267
2021-02-22,KALIMANTAN TENGAH,64,1,168,-105,13379,11901,316,1162
2021-02-23,KALIMANTAN TENGAH,75,0,127,-52,13454,12028,316,1110
2021-02-24,KALIMANTAN TENGAH,62,5,71,-14,13516,12099,321,1096
2021-02-25,KALIMANTAN TENGAH,52,2,59,-9,13568,12158,323,1087
2021-02-26,KALIMANTAN TENGAH,112,0,12,100,13680,12170,323,1187
2021-02-27,KALIMANTAN TENGAH,97,1,35,61,13777,12205,324,1248
2021-02-28,KALIMANTAN TENGAH,74,0,61,13,13851,12266,324,1261
2021-03-01,KALIMANTAN TENGAH,73,3,18,52,13924,12284,327,1313
2021-03-02,KALIMANTAN TENGAH,84,0,53,31,14008,12337,327,1344
2021-03-03,KALIMANTAN TENGAH,94,2,34,58,14102,12371,329,1402
2021-03-04,KALIMANTAN TENGAH,68,0,35,33,14170,12406,329,1435
2021-03-05,KALIMANTAN TENGAH,152,4,42,106,14322,12448,333,1541
2021-03-06,KALIMANTAN TENGAH,122,2,84,36,14444,12532,335,1577
2021-03-07,KALIMANTAN TENGAH,118,0,21,97,14562,12553,335,1674
2021-03-08,KALIMANTAN TENGAH,70,4,21,45,14632,12574,339,1719
2021-03-09,KALIMANTAN TENGAH,133,4,81,48,14765,12655,343,1767
2021-03-10,KALIMANTAN TENGAH,94,3,7,84,14859,12662,346,1851
2021-03-11,KALIMANTAN TENGAH,47,8,144,-105,14906,12806,354,1746
2021-03-12,KALIMANTAN TENGAH,62,4,175,-117,14968,12981,358,1629
2021-03-13,KALIMANTAN TENGAH,97,3,13,81,15065,12994,361,1710
2021-03-14,KALIMANTAN TENGAH,125,5,0,120,15190,12994,366,1830
2021-03-15,KALIMANTAN TENGAH,125,2,64,59,15315,13058,368,1889
2021-03-16,KALIMANTAN TENGAH,83,1,22,60,15398,13080,369,1949
2021-03-17,KALIMANTAN TENGAH,153,1,60,92,15551,13140,370,2041
2021-03-18,KALIMANTAN TENGAH,76,3,118,-45,15627,13258,373,1996
2021-03-19,KALIMANTAN TENGAH,113,1,64,48,15740,13322,374,2044
2021-03-20,KALIMANTAN TENGAH,88,1,41,46,15828,13363,375,2090
2021-03-21,KALIMANTAN TENGAH,201,0,8,193,16029,13371,375,2283
2021-03-22,KALIMANTAN TENGAH,87,7,107,-27,16116,13478,382,2256
2021-03-23,KALIMANTAN TENGAH,148,0,32,116,16264,13510,382,2372
2021-03-24,KALIMANTAN TENGAH,161,0,70,91,16425,13580,382,2463
2021-03-25,KALIMANTAN TENGAH,107,0,19,88,16532,13599,382,2551
2021-03-26,KALIMANTAN TENGAH,95,0,90,5,16627,13689,382,2556
2021-03-27,KALIMANTAN TENGAH,183,0,55,128,16810,13744,382,2684
2021-03-28,KALIMANTAN TENGAH,111,0,40,71,16921,13784,382,2755
2021-03-29,KALIMANTAN TENGAH,72,0,47,25,16993,13831,382,2780
2021-03-30,KALIMANTAN TENGAH,79,4,154,-79,17072,13985,386,2701
2021-03-31,KALIMANTAN TENGAH,168,0,63,105,17240,14048,386,2806
2021-04-01,KALIMANTAN TENGAH,63,1,66,-4,17303,14114,387,2802
2021-04-02,KALIMANTAN TENGAH,104,0,72,32,17407,14186,387,2834
2021-04-03,KALIMANTAN TENGAH,90,3,30,57,17497,14216,390,2891
2021-04-04,KALIMANTAN TENGAH,92,2,42,48,17589,14258,392,2939
2021-04-05,KALIMANTAN TENGAH,106,2,142,-38,17695,14400,394,2901
2021-04-06,KALIMANTAN TENGAH,70,0,134,-64,17765,14534,394,2837
2021-04-07,KALIMANTAN TENGAH,81,2,167,-88,17846,14701,396,2749
2021-04-08,KALIMANTAN TENGAH,64,1,8,55,17910,14709,397,2804
2021-04-09,KALIMANTAN TENGAH,111,2,29,80,18021,14738,399,2884
2021-04-10,KALIMANTAN TENGAH,114,5,115,-6,18135,14853,404,2878
2021-04-11,KALIMANTAN TENGAH,143,0,333,-190,18278,15186,404,2688
2021-04-12,KALIMANTAN TENGAH,76,1,139,-64,18354,15325,405,2624
2021-04-13,KALIMANTAN TENGAH,107,0,77,30,18461,15402,405,2654
2021-04-14,KALIMANTAN TENGAH,82,14,540,-472,18543,15942,419,2182
2021-04-15,KALIMANTAN TENGAH,85,1,33,51,18628,15975,420,2233
2021-04-16,KALIMANTAN TENGAH,116,1,58,57,18744,16033,421,2290
2021-04-17,KALIMANTAN TENGAH,117,5,23,89,18861,16056,426,2379
2021-04-18,KALIMANTAN TENGAH,92,2,10,80,18953,16066,428,2459
2021-04-19,KALIMANTAN TENGAH,78,1,178,-101,19031,16244,429,2358
2021-04-20,KALIMANTAN TENGAH,142,1,24,117,19173,16268,430,2475
2021-04-21,KALIMANTAN TENGAH,97,2,61,34,19270,16329,432,2509
2021-04-22,KALIMANTAN TENGAH,71,1,5,65,19341,16334,433,2574
2021-04-23,KALIMANTAN TENGAH,85,0,53,32,19426,16387,433,2606
2021-04-24,KALIMANTAN TENGAH,119,3,56,60,19545,16443,436,2666
2021-04-25,KALIMANTAN TENGAH,81,0,8,73,19626,16451,436,2739
2021-04-26,KALIMANTAN TENGAH,97,1,37,59,19723,16488,437,2798
2021-04-27,KALIMANTAN TENGAH,57,1,21,35,19780,16509,438,2833
2021-04-28,KALIMANTAN TENGAH,118,2,80,36,19898,16589,440,2869
2021-04-29,KALIMANTAN TENGAH,62,4,348,-290,19960,16937,444,2579
2021-04-30,KALIMANTAN TENGAH,111,2,20,89,20071,16957,446,2668
2021-05-01,KALIMANTAN TENGAH,108,1,12,95,20179,16969,447,2763
2021-05-02,KALIMANTAN TENGAH,49,3,13,33,20228,16982,450,2796
2021-05-03,KALIMANTAN TENGAH,74,0,167,-93,20302,17149,450,2703
2021-05-04,KALIMANTAN TENGAH,101,0,243,-142,20403,17392,450,2561
2021-05-05,KALIMANTAN TENGAH,91,1,338,-248,20494,17730,451,2313
2021-05-06,KALIMANTAN TENGAH,74,0,41,33,20568,17771,451,2346
2021-05-07,KALIMANTAN TENGAH,84,0,125,-41,20652,17896,451,2305
2021-05-08,KALIMANTAN TENGAH,125,2,51,72,20777,17947,453,2377
2021-05-09,KALIMANTAN TENGAH,90,0,21,69,20867,17968,453,2446
2021-05-10,KALIMANTAN TENGAH,61,4,149,-92,20928,18117,457,2354
2021-05-11,KALIMANTAN TENGAH,58,9,57,-8,20986,18174,466,2346
2021-05-12,KALIMANTAN TENGAH,79,1,50,28,21065,18224,467,2374
2021-05-13,KALIMANTAN TENGAH,59,0,3,56,21124,18227,467,2430
2021-05-14,KALIMANTAN TENGAH,55,0,3,52,21179,18230,467,2482
2021-05-15,KALIMANTAN TENGAH,27,7,113,-93,21206,18343,474,2389
2021-05-16,KALIMANTAN TENGAH,46,1,39,6,21252,18382,475,2395
2021-05-17,KALIMANTAN TENGAH,57,6,160,-109,21309,18542,481,2286
2021-05-18,KALIMANTAN TENGAH,83,2,52,29,21392,18594,483,2315
2021-05-19,KALIMANTAN TENGAH,82,0,13,69,21474,18607,483,2384
2021-05-20,KALIMANTAN TENGAH,94,0,87,7,21568,18694,483,2391
2021-05-21,KALIMANTAN TENGAH,92,4,68,20,21660,18762,487,2411
2021-05-22,KALIMANTAN TENGAH,96,0,13,83,21756,18775,487,2494
2021-05-23,KALIMANTAN TENGAH,96,0,2,94,21852,18777,487,2588
2021-05-24,KALIMANTAN TENGAH,68,2,84,-18,21920,18861,489,2570
2021-05-25,KALIMANTAN TENGAH,71,2,76,-7,21991,18937,491,2563
2021-05-26,KALIMANTAN TENGAH,91,1,81,9,22082,19018,492,2572
2021-05-27,KALIMANTAN TENGAH,60,3,30,27,22142,19048,495,2599
2021-05-28,KALIMANTAN TENGAH,82,1,11,70,22224,19059,496,2669
2021-05-29,KALIMANTAN TENGAH,155,2,13,140,22379,19072,498,2809
2021-05-30,KALIMANTAN TENGAH,111,2,23,86,22490,19095,500,2895
2021-05-31,KALIMANTAN TENGAH,73,1,116,-44,22563,19211,501,2851
2021-06-01,KALIMANTAN TENGAH,64,0,10,54,22627,19221,501,2905
2021-06-02,KALIMANTAN TENGAH,81,1,157,-77,22708,19378,502,2828
2021-06-03,KALIMANTAN TENGAH,128,7,68,53,22836,19446,509,2881
2021-06-04,KALIMANTAN TENGAH,119,2,31,86,22955,19477,511,2967
2021-06-05,KALIMANTAN TENGAH,90,1,10,79,23045,19487,512,3046
2021-06-06,KALIMANTAN TENGAH,45,2,14,29,23090,19501,514,3075
2021-06-07,KALIMANTAN TENGAH,90,0,17,73,23180,19518,514,3148
2021-06-08,KALIMANTAN TENGAH,127,0,65,62,23307,19583,514,3210
2021-06-09,KALIMANTAN TENGAH,67,2,116,-51,23374,19699,516,3159
2021-06-10,KALIMANTAN TENGAH,106,0,55,51,23480,19754,516,3210
2021-06-11,KALIMANTAN TENGAH,66,2,24,40,23546,19778,518,3250
2021-06-12,KALIMANTAN TENGAH,120,1,25,94,23666,19803,519,3344
2021-06-13,KALIMANTAN TENGAH,97,0,0,97,23763,19803,519,3441
2021-06-14,KALIMANTAN TENGAH,46,1,166,-121,23809,19969,520,3320
2021-06-15,KALIMANTAN TENGAH,95,0,61,34,23904,20030,520,3354
2021-06-16,KALIMANTAN TENGAH,94,1,17,76,23998,20047,521,3430
2021-06-17,KALIMANTAN TENGAH,85,0,12,73,24083,20059,521,3503
2021-06-18,KALIMANTAN TENGAH,119,0,89,30,24202,20148,521,3533
2021-06-19,KALIMANTAN TENGAH,88,1,28,59,24290,20176,522,3592
2021-06-20,KALIMANTAN TENGAH,75,2,12,61,24365,20188,524,3653
2021-06-21,KALIMANTAN TENGAH,70,0,97,-27,24435,20285,524,3626
2021-06-22,KALIMANTAN TENGAH,135,1,17,117,24570,20302,525,3743
2021-06-23,KALIMANTAN TENGAH,96,0,6,90,24666,20308,525,3833
2021-06-24,KALIMANTAN TENGAH,172,1,7,164,24838,20315,526,3997
2021-06-25,KALIMANTAN TENGAH,129,11,52,66,24967,20367,537,4063
2021-06-26,KALIMANTAN TENGAH,174,0,14,160,25141,20381,537,4223
2021-06-27,KALIMANTAN TENGAH,160,2,21,137,25301,20402,539,4360
2021-06-28,KALIMANTAN TENGAH,106,2,78,26,25407,20480,541,4386
2021-06-29,KALIMANTAN TENGAH,146,0,13,133,25553,20493,541,4519
2021-06-30,KALIMANTAN TENGAH,188,1,17,170,25741,20510,542,4689
2021-07-01,KALIMANTAN TENGAH,256,2,64,190,25997,20574,544,4879
2021-07-02,KALIMANTAN TENGAH,210,0,34,176,26207,20608,544,5055
2021-07-03,KALIMANTAN TENGAH,272,2,51,219,26479,20659,546,5274
2021-07-04,KALIMANTAN TENGAH,240,0,99,141,26719,20758,546,5415
2021-07-05,KALIMANTAN TENGAH,139,1,49,89,26858,20807,547,5504
2021-07-06,KALIMANTAN TENGAH,198,1,17,180,27056,20824,548,5684
2021-07-07,KALIMANTAN TENGAH,286,1,38,247,27342,20862,549,5931
2021-07-08,KALIMANTAN TENGAH,250,3,23,224,27592,20885,552,6155
2021-07-09,KALIMANTAN TENGAH,216,0,144,72,27808,21029,552,6227
2021-07-10,KALIMANTAN TENGAH,232,3,84,145,28040,21113,555,6372
2021-07-11,KALIMANTAN TENGAH,261,3,44,214,28301,21157,558,6586
2021-07-12,KALIMANTAN TENGAH,303,1,85,217,28604,21242,559,6803
2021-07-13,KALIMANTAN TENGAH,253,7,93,153,28857,21335,566,6956
2021-07-14,KALIMANTAN TENGAH,281,2,225,54,29138,21560,568,7010
2021-07-15,KALIMANTAN TENGAH,258,0,13,245,29396,21573,568,7255
2021-07-16,KALIMANTAN TENGAH,270,1,71,198,29666,21644,569,7453
2021-07-17,KALIMANTAN TENGAH,376,1,5,370,30042,21649,570,7823
2021-07-18,KALIMANTAN TENGAH,305,11,160,134,30347,21809,581,7957
2021-07-19,KALIMANTAN TENGAH,123,8,140,-25,30470,21949,589,7932
2021-07-20,KALIMANTAN TENGAH,348,1,475,-128,30818,22424,590,7804
2021-07-21,KALIMANTAN TENGAH,244,11,225,8,31062,22649,601,7812
2021-07-22,KALIMANTAN TENGAH,339,8,350,-19,31401,22999,609,7793
2021-07-23,KALIMANTAN TENGAH,348,12,515,-179,31749,23514,621,7614
2021-07-24,KALIMANTAN TENGAH,381,25,456,-100,32130,23970,646,7514
2021-07-25,KALIMANTAN TENGAH,450,2,294,154,32580,24264,648,7668
2021-07-26,KALIMANTAN TENGAH,424,2,607,-185,33004,24871,650,7483
2021-07-27,KALIMANTAN TENGAH,254,14,350,-110,33258,25221,664,7373
2021-07-28,KALIMANTAN TENGAH,416,36,450,-70,33674,25671,700,7303
2021-07-29,KALIMANTAN TENGAH,379,41,425,-87,34053,26096,741,7216
2021-07-30,KALIMANTAN TENGAH,247,101,455,-309,34300,26551,842,6907
2021-07-31,KALIMANTAN TENGAH,446,46,2192,-1792,34746,28743,888,5115
2021-08-01,KALIMANTAN TENGAH,309,11,258,40,35055,29001,899,5155
2021-08-02,KALIMANTAN TENGAH,285,5,311,-31,35340,29312,904,5124
2021-08-03,KALIMANTAN TENGAH,293,19,319,-45,35633,29631,923,5079
2021-08-04,KALIMANTAN TENGAH,265,13,377,-125,35898,30008,936,4954
2021-08-05,KALIMANTAN TENGAH,352,7,167,178,36250,30175,943,5132
2021-08-06,KALIMANTAN TENGAH,286,4,155,127,36536,30330,947,5259
2021-08-07,KALIMANTAN TENGAH,340,9,186,145,36876,30516,956,5404
2021-08-08,KALIMANTAN TENGAH,294,66,456,-228,37170,30972,1022,5176
2021-08-09,KALIMANTAN TENGAH,344,18,480,-154,37514,31452,1040,5022
2021-08-10,KALIMANTAN TENGAH,348,70,685,-407,37862,32137,1110,4615
2021-08-11,KALIMANTAN TENGAH,320,12,224,84,38182,32361,1122,4699
2021-08-12,KALIMANTAN TENGAH,309,17,283,9,38491,32644,1139,4708
2021-08-13,KALIMANTAN TENGAH,469,19,237,213,38960,32881,1158,4921
2021-08-14,KALIMANTAN TENGAH,396,12,263,121,39356,33144,1170,5042
2021-08-15,KALIMANTAN TENGAH,482,15,373,94,39838,33517,1185,5136
2021-08-16,KALIMANTAN TENGAH,475,10,327,138,40313,33844,1195,5274
2021-08-17,KALIMANTAN TENGAH,337,8,290,39,40650,34134,1203,5313
2021-08-18,KALIMANTAN TENGAH,225,8,161,56,40875,34295,1211,5369
2020-03-14,KALIMANTAN TIMUR,3,0,0,3,3,0,0,3
2020-03-15,KALIMANTAN TIMUR,2,0,0,2,5,0,0,5
2020-03-16,KALIMANTAN TIMUR,1,0,0,1,6,0,0,6
2020-03-17,KALIMANTAN TIMUR,1,0,0,1,7,0,0,7
2020-03-18,KALIMANTAN TIMUR,0,0,0,0,7,0,0,7
2020-03-19,KALIMANTAN TIMUR,0,0,0,0,7,0,0,7
2020-03-20,KALIMANTAN TIMUR,0,0,0,0,7,0,0,7
2020-03-21,KALIMANTAN TIMUR,0,0,0,0,7,0,0,7
2020-03-22,KALIMANTAN TIMUR,0,0,0,0,7,0,0,7
2020-03-23,KALIMANTAN TIMUR,1,0,0,1,8,0,0,8
2020-03-24,KALIMANTAN TIMUR,0,0,0,0,8,0,0,8
2020-03-25,KALIMANTAN TIMUR,0,0,0,0,8,0,0,8
2020-03-26,KALIMANTAN TIMUR,0,0,0,0,8,0,0,8
2020-03-27,KALIMANTAN TIMUR,0,0,0,0,8,0,0,8
2020-03-28,KALIMANTAN TIMUR,5,0,0,5,13,0,0,13
2020-03-29,KALIMANTAN TIMUR,0,0,0,0,13,0,0,13
2020-03-30,KALIMANTAN TIMUR,0,0,0,0,13,0,0,13
2020-03-31,KALIMANTAN TIMUR,3,1,0,2,16,0,1,15
2020-04-01,KALIMANTAN TIMUR,1,0,0,1,17,0,1,16
2020-04-02,KALIMANTAN TIMUR,0,0,0,0,17,0,1,16
2020-04-03,KALIMANTAN TIMUR,1,0,0,1,18,0,1,17
2020-04-04,KALIMANTAN TIMUR,2,0,1,1,20,1,1,18
2020-04-05,KALIMANTAN TIMUR,1,0,0,1,21,1,1,19
2020-04-06,KALIMANTAN TIMUR,6,0,0,6,27,1,1,25
2020-04-07,KALIMANTAN TIMUR,0,0,0,0,27,1,1,25
2020-04-08,KALIMANTAN TIMUR,1,0,0,1,28,1,1,26
2020-04-09,KALIMANTAN TIMUR,1,0,5,-4,29,6,1,22
2020-04-10,KALIMANTAN TIMUR,4,0,0,4,33,6,1,26
2020-04-11,KALIMANTAN TIMUR,0,0,0,0,33,6,1,26
2020-04-12,KALIMANTAN TIMUR,0,0,0,0,33,6,1,26
2020-04-13,KALIMANTAN TIMUR,0,0,0,0,33,6,1,26
2020-04-14,KALIMANTAN TIMUR,0,0,0,0,33,6,1,26
2020-04-15,KALIMANTAN TIMUR,0,0,0,0,33,6,1,26
2020-04-16,KALIMANTAN TIMUR,9,0,5,4,42,11,1,30
2020-04-17,KALIMANTAN TIMUR,0,0,1,-1,42,12,1,29
2020-04-18,KALIMANTAN TIMUR,10,0,0,10,52,12,1,39
2020-04-19,KALIMANTAN TIMUR,5,0,0,5,57,12,1,44
2020-04-20,KALIMANTAN TIMUR,4,0,0,4,61,12,1,48
2020-04-21,KALIMANTAN TIMUR,5,0,0,5,66,12,1,53
2020-04-22,KALIMANTAN TIMUR,1,0,0,1,67,12,1,54
2020-04-23,KALIMANTAN TIMUR,5,0,0,5,72,12,1,59
2020-04-24,KALIMANTAN TIMUR,11,0,2,9,83,14,1,68
2020-04-25,KALIMANTAN TIMUR,12,0,0,12,95,14,1,80
2020-04-26,KALIMANTAN TIMUR,8,0,1,7,103,15,1,87
2020-04-27,KALIMANTAN TIMUR,2,0,1,1,105,16,1,88
2020-04-28,KALIMANTAN TIMUR,8,0,0,8,113,16,1,96
2020-04-29,KALIMANTAN TIMUR,4,0,0,4,117,16,1,100
2020-04-30,KALIMANTAN TIMUR,15,0,0,15,132,16,1,115
2020-05-01,KALIMANTAN TIMUR,3,0,1,2,135,17,1,117
2020-05-02,KALIMANTAN TIMUR,18,0,0,18,153,17,1,135
2020-05-03,KALIMANTAN TIMUR,8,0,0,8,161,17,1,143
2020-05-04,KALIMANTAN TIMUR,5,1,0,4,166,17,2,147
2020-05-05,KALIMANTAN TIMUR,1,0,0,1,167,17,2,148
2020-05-06,KALIMANTAN TIMUR,14,0,0,14,181,17,2,162
2020-05-07,KALIMANTAN TIMUR,0,0,0,0,181,17,2,162
2020-05-08,KALIMANTAN TIMUR,27,0,9,18,208,26,2,180
2020-05-09,KALIMANTAN TIMUR,5,0,6,-1,213,32,2,179
2020-05-10,KALIMANTAN TIMUR,4,0,3,1,217,35,2,180
2020-05-11,KALIMANTAN TIMUR,7,1,4,2,224,39,3,182
2020-05-12,KALIMANTAN TIMUR,3,0,3,0,227,42,3,182
2020-05-13,KALIMANTAN TIMUR,2,0,5,-3,229,47,3,179
2020-05-14,KALIMANTAN TIMUR,8,0,11,-3,237,58,3,176
2020-05-15,KALIMANTAN TIMUR,13,0,4,9,250,62,3,185
2020-05-16,KALIMANTAN TIMUR,2,0,2,0,252,64,3,185
2020-05-17,KALIMANTAN TIMUR,1,0,2,-1,253,66,3,184
2020-05-18,KALIMANTAN TIMUR,1,0,10,-9,254,76,3,175
2020-05-19,KALIMANTAN TIMUR,3,0,5,-2,257,81,3,173
2020-05-20,KALIMANTAN TIMUR,6,0,4,2,263,85,3,175
2020-05-21,KALIMANTAN TIMUR,2,0,11,-9,265,96,3,166
2020-05-22,KALIMANTAN TIMUR,5,0,6,-1,270,102,3,165
2020-05-23,KALIMANTAN TIMUR,3,0,3,0,273,105,3,165
2020-05-24,KALIMANTAN TIMUR,2,0,0,2,275,105,3,167
2020-05-25,KALIMANTAN TIMUR,1,0,16,-15,276,121,3,152
2020-05-26,KALIMANTAN TIMUR,1,0,1,0,277,122,3,152
2020-05-27,KALIMANTAN TIMUR,3,0,5,-2,280,127,3,150
2020-05-28,KALIMANTAN TIMUR,1,0,6,-5,281,133,3,145
2020-05-29,KALIMANTAN TIMUR,4,0,9,-5,285,142,3,140
2020-05-30,KALIMANTAN TIMUR,6,0,18,-12,291,160,3,128
2020-05-31,KALIMANTAN TIMUR,4,0,11,-7,295,171,3,121
2020-06-01,KALIMANTAN TIMUR,2,0,3,-1,297,174,3,120
2020-06-02,KALIMANTAN TIMUR,1,0,1,0,298,175,3,120
2020-06-03,KALIMANTAN TIMUR,12,0,2,10,310,177,3,130
2020-06-04,KALIMANTAN TIMUR,6,0,7,-1,316,184,3,129
2020-06-05,KALIMANTAN TIMUR,1,0,0,1,317,184,3,130
2020-06-06,KALIMANTAN TIMUR,10,0,22,-12,327,206,3,118
2020-06-07,KALIMANTAN TIMUR,2,0,4,-2,329,210,3,116
2020-06-08,KALIMANTAN TIMUR,9,0,3,6,338,213,3,122
2020-06-09,KALIMANTAN TIMUR,13,0,3,10,351,216,3,132
2020-06-10,KALIMANTAN TIMUR,11,0,5,6,362,221,3,138
2020-06-11,KALIMANTAN TIMUR,3,0,7,-4,365,228,3,134
2020-06-12,KALIMANTAN TIMUR,8,1,11,-4,373,239,4,130
2020-06-13,KALIMANTAN TIMUR,3,0,10,-7,376,249,4,123
2020-06-14,KALIMANTAN TIMUR,2,0,12,-10,378,261,4,113
2020-06-15,KALIMANTAN TIMUR,4,0,1,3,382,262,4,116
2020-06-16,KALIMANTAN TIMUR,10,0,13,-3,392,275,4,113
2020-06-17,KALIMANTAN TIMUR,5,0,17,-12,397,292,4,101
2020-06-18,KALIMANTAN TIMUR,8,0,19,-11,405,311,4,90
2020-06-19,KALIMANTAN TIMUR,12,0,3,9,417,314,4,99
2020-06-20,KALIMANTAN TIMUR,6,0,6,0,423,320,4,99
2020-06-21,KALIMANTAN TIMUR,11,1,3,7,434,323,5,106
2020-06-22,KALIMANTAN TIMUR,1,0,1,0,435,324,5,106
2020-06-23,KALIMANTAN TIMUR,12,0,1,11,447,325,5,117
2020-06-24,KALIMANTAN TIMUR,9,1,10,-2,456,335,6,115
2020-06-25,KALIMANTAN TIMUR,17,0,21,-4,473,356,6,111
2020-06-26,KALIMANTAN TIMUR,10,1,5,4,483,361,7,115
2020-06-27,KALIMANTAN TIMUR,11,0,5,6,494,366,7,121
2020-06-28,KALIMANTAN TIMUR,9,0,11,-2,503,377,7,119
2020-06-29,KALIMANTAN TIMUR,7,0,1,6,510,378,7,125
2020-06-30,KALIMANTAN TIMUR,8,0,9,-1,518,387,7,124
2020-07-01,KALIMANTAN TIMUR,7,0,15,-8,525,402,7,116
2020-07-02,KALIMANTAN TIMUR,6,0,14,-8,531,416,7,108
2020-07-03,KALIMANTAN TIMUR,13,1,10,2,544,426,8,110
2020-07-04,KALIMANTAN TIMUR,10,0,7,3,554,433,8,113
2020-07-05,KALIMANTAN TIMUR,30,0,3,27,584,436,8,140
2020-07-06,KALIMANTAN TIMUR,13,1,1,11,597,437,9,151
2020-07-07,KALIMANTAN TIMUR,6,2,16,-12,603,453,11,139
2020-07-08,KALIMANTAN TIMUR,14,0,9,5,617,462,11,144
2020-07-09,KALIMANTAN TIMUR,6,0,7,-1,623,469,11,143
2020-07-10,KALIMANTAN TIMUR,19,1,10,8,642,479,12,151
2020-07-11,KALIMANTAN TIMUR,31,0,12,19,673,491,12,170
2020-07-12,KALIMANTAN TIMUR,17,4,3,10,690,494,16,180
2020-07-13,KALIMANTAN TIMUR,5,1,10,-6,695,504,17,174
2020-07-14,KALIMANTAN TIMUR,27,0,8,19,722,512,17,193
2020-07-15,KALIMANTAN TIMUR,34,0,7,27,756,519,17,220
2020-07-16,KALIMANTAN TIMUR,24,0,15,9,780,534,17,229
2020-07-17,KALIMANTAN TIMUR,43,0,18,25,823,552,17,254
2020-07-18,KALIMANTAN TIMUR,25,0,13,12,848,565,17,266
2020-07-19,KALIMANTAN TIMUR,20,1,1,18,868,566,18,284
2020-07-20,KALIMANTAN TIMUR,25,1,20,4,893,586,19,288
2020-07-21,KALIMANTAN TIMUR,71,0,5,66,964,591,19,354
2020-07-22,KALIMANTAN TIMUR,30,3,31,-4,994,622,22,350
2020-07-23,KALIMANTAN TIMUR,40,0,50,-10,1034,672,22,340
2020-07-24,KALIMANTAN TIMUR,38,2,32,4,1072,704,24,344
2020-07-25,KALIMANTAN TIMUR,62,2,24,36,1134,728,26,380
2020-07-26,KALIMANTAN TIMUR,32,2,25,5,1166,753,28,385
2020-07-27,KALIMANTAN TIMUR,18,0,22,-4,1184,775,28,381
2020-07-28,KALIMANTAN TIMUR,66,0,34,32,1250,809,28,413
2020-07-29,KALIMANTAN TIMUR,57,0,47,10,1307,856,28,423
2020-07-30,KALIMANTAN TIMUR,70,2,30,38,1377,886,30,461
2020-07-31,KALIMANTAN TIMUR,49,1,15,33,1426,901,31,494
2020-08-01,KALIMANTAN TIMUR,7,1,7,-1,1433,908,32,493
2020-08-02,KALIMANTAN TIMUR,83,5,6,72,1516,914,37,565
2020-08-03,KALIMANTAN TIMUR,22,4,25,-7,1538,939,41,558
2020-08-04,KALIMANTAN TIMUR,60,1,37,22,1598,976,42,580
2020-08-05,KALIMANTAN TIMUR,67,0,56,11,1665,1032,42,591
2020-08-06,KALIMANTAN TIMUR,36,1,46,-11,1701,1078,43,580
2020-08-07,KALIMANTAN TIMUR,98,4,58,36,1799,1136,47,616
2020-08-08,KALIMANTAN TIMUR,35,1,28,6,1834,1164,48,622
2020-08-09,KALIMANTAN TIMUR,53,4,15,34,1887,1179,52,656
2020-08-10,KALIMANTAN TIMUR,45,4,83,-42,1932,1262,56,614
2020-08-11,KALIMANTAN TIMUR,128,3,68,57,2060,1330,59,671
2020-08-12,KALIMANTAN TIMUR,46,2,51,-7,2106,1381,61,664
2020-08-13,KALIMANTAN TIMUR,23,1,30,-8,2129,1411,62,656
2020-08-14,KALIMANTAN TIMUR,98,4,67,27,2227,1478,66,683
2020-08-15,KALIMANTAN TIMUR,56,1,12,43,2283,1490,67,726
2020-08-16,KALIMANTAN TIMUR,85,23,54,8,2368,1544,90,734
2020-08-17,KALIMANTAN TIMUR,116,5,66,45,2484,1610,95,779
2020-08-18,KALIMANTAN TIMUR,93,1,34,58,2577,1644,96,837
2020-08-19,KALIMANTAN TIMUR,91,3,56,32,2668,1700,99,869
2020-08-20,KALIMANTAN TIMUR,28,2,21,5,2696,1721,101,874
2020-08-21,KALIMANTAN TIMUR,195,5,52,138,2891,1773,106,1012
2020-08-22,KALIMANTAN TIMUR,129,1,84,44,3020,1857,107,1056
2020-08-23,KALIMANTAN TIMUR,80,15,51,14,3100,1908,122,1070
2020-08-24,KALIMANTAN TIMUR,44,3,10,31,3144,1918,125,1101
2020-08-25,KALIMANTAN TIMUR,141,9,168,-36,3285,2086,134,1065
2020-08-26,KALIMANTAN TIMUR,134,2,76,56,3419,2162,136,1121
2020-08-27,KALIMANTAN TIMUR,206,9,52,145,3625,2214,145,1266
2020-08-28,KALIMANTAN TIMUR,97,3,44,50,3722,2258,148,1316
2020-08-29,KALIMANTAN TIMUR,200,8,42,150,3922,2300,156,1466
2020-08-30,KALIMANTAN TIMUR,197,4,18,175,4119,2318,160,1641
2020-08-31,KALIMANTAN TIMUR,124,1,72,51,4243,2390,161,1692
2020-09-01,KALIMANTAN TIMUR,61,3,17,41,4304,2407,164,1733
2020-09-02,KALIMANTAN TIMUR,72,1,68,3,4376,2475,165,1736
2020-09-03,KALIMANTAN TIMUR,157,27,77,53,4533,2552,192,1789
2020-09-04,KALIMANTAN TIMUR,279,8,89,182,4812,2641,200,1971
2020-09-05,KALIMANTAN TIMUR,128,8,136,-16,4940,2777,208,1955
2020-09-06,KALIMANTAN TIMUR,186,7,178,1,5126,2955,215,1956
2020-09-07,KALIMANTAN TIMUR,62,3,10,49,5188,2965,218,2005
2020-09-08,KALIMANTAN TIMUR,87,8,56,23,5275,3021,226,2028
2020-09-09,KALIMANTAN TIMUR,80,2,97,-19,5355,3118,228,2009
2020-09-10,KALIMANTAN TIMUR,90,3,132,-45,5445,3250,231,1964
2020-09-11,KALIMANTAN TIMUR,153,3,101,49,5598,3351,234,2013
2020-09-12,KALIMANTAN TIMUR,153,5,100,48,5751,3451,239,2061
2020-09-13,KALIMANTAN TIMUR,174,2,143,29,5925,3594,241,2090
2020-09-14,KALIMANTAN TIMUR,123,2,181,-60,6048,3775,243,2030
2020-09-15,KALIMANTAN TIMUR,51,3,84,-36,6099,3859,246,1994
2020-09-16,KALIMANTAN TIMUR,217,5,178,34,6316,4037,251,2028
2020-09-17,KALIMANTAN TIMUR,169,5,102,62,6485,4139,256,2090
2020-09-18,KALIMANTAN TIMUR,119,7,166,-54,6604,4305,263,2036
2020-09-19,KALIMANTAN TIMUR,111,3,88,20,6715,4393,266,2056
2020-09-20,KALIMANTAN TIMUR,60,1,60,-1,6775,4453,267,2055
2020-09-21,KALIMANTAN TIMUR,178,6,75,97,6953,4528,273,2152
2020-09-22,KALIMANTAN TIMUR,114,5,152,-43,7067,4680,278,2109
2020-09-23,KALIMANTAN TIMUR,196,4,224,-32,7263,4904,282,2077
2020-09-24,KALIMANTAN TIMUR,195,5,123,67,7458,5027,287,2144
2020-09-25,KALIMANTAN TIMUR,392,8,55,329,7850,5082,295,2473
2020-09-26,KALIMANTAN TIMUR,219,2,98,119,8069,5180,297,2592
2020-09-27,KALIMANTAN TIMUR,140,3,144,-7,8209,5324,300,2585
2020-09-28,KALIMANTAN TIMUR,114,2,149,-37,8323,5473,302,2548
2020-09-29,KALIMANTAN TIMUR,114,12,50,52,8437,5523,314,2600
2020-09-30,KALIMANTAN TIMUR,213,19,253,-59,8650,5776,333,2541
2020-10-01,KALIMANTAN TIMUR,131,20,108,3,8781,5884,353,2544
2020-10-02,KALIMANTAN TIMUR,319,10,84,225,9100,5968,363,2769
2020-10-03,KALIMANTAN TIMUR,117,2,150,-35,9217,6118,365,2734
2020-10-04,KALIMANTAN TIMUR,228,3,232,-7,9445,6350,368,2727
2020-10-05,KALIMANTAN TIMUR,117,9,198,-90,9562,6548,377,2637
2020-10-06,KALIMANTAN TIMUR,200,3,150,47,9762,6698,380,2684
2020-10-07,KALIMANTAN TIMUR,202,4,109,89,9964,6807,384,2773
2020-10-08,KALIMANTAN TIMUR,238,12,236,-10,10202,7043,396,2763
2020-10-09,KALIMANTAN TIMUR,135,10,182,-57,10337,7225,406,2706
2020-10-10,KALIMANTAN TIMUR,131,6,134,-9,10468,7359,412,2697
2020-10-11,KALIMANTAN TIMUR,194,5,210,-21,10662,7569,417,2676
2020-10-12,KALIMANTAN TIMUR,66,2,61,3,10728,7630,419,2679
2020-10-13,KALIMANTAN TIMUR,108,3,32,73,10836,7662,422,2752
2020-10-14,KALIMANTAN TIMUR,210,5,273,-68,11046,7935,427,2684
2020-10-15,KALIMANTAN TIMUR,164,7,136,21,11210,8071,434,2705
2020-10-16,KALIMANTAN TIMUR,94,3,209,-118,11304,8280,437,2587
2020-10-17,KALIMANTAN TIMUR,197,1,272,-76,11501,8552,438,2511
2020-10-18,KALIMANTAN TIMUR,382,2,209,171,11883,8761,440,2682
2020-10-19,KALIMANTAN TIMUR,85,3,73,9,11968,8834,443,2691
2020-10-20,KALIMANTAN TIMUR,68,0,145,-77,12036,8979,443,2614
2020-10-21,KALIMANTAN TIMUR,183,6,121,56,12219,9100,449,2670
2020-10-22,KALIMANTAN TIMUR,259,8,185,66,12478,9285,457,2736
2020-10-23,KALIMANTAN TIMUR,223,2,236,-15,12701,9521,459,2721
2020-10-24,KALIMANTAN TIMUR,242,2,172,68,12943,9693,461,2789
2020-10-25,KALIMANTAN TIMUR,175,3,153,19,13118,9846,464,2808
2020-10-26,KALIMANTAN TIMUR,106,2,128,-24,13224,9974,466,2784
2020-10-27,KALIMANTAN TIMUR,123,4,214,-95,13347,10188,470,2689
2020-10-28,KALIMANTAN TIMUR,214,1,92,121,13561,10280,471,2810
2020-10-29,KALIMANTAN TIMUR,208,6,274,-72,13769,10554,477,2738
2020-10-30,KALIMANTAN TIMUR,205,1,254,-50,13974,10808,478,2688
2020-10-31,KALIMANTAN TIMUR,116,10,269,-163,14090,11077,488,2525
2020-11-01,KALIMANTAN TIMUR,168,5,185,-22,14258,11262,493,2503
2020-11-02,KALIMANTAN TIMUR,86,2,251,-167,14344,11513,495,2336
2020-11-03,KALIMANTAN TIMUR,152,4,277,-129,14496,11790,499,2207
2020-11-04,KALIMANTAN TIMUR,146,1,125,20,14642,11915,500,2227
2020-11-05,KALIMANTAN TIMUR,307,1,241,65,14949,12156,501,2292
2020-11-06,KALIMANTAN TIMUR,190,1,125,64,15139,12281,502,2356
2020-11-07,KALIMANTAN TIMUR,265,3,302,-40,15404,12583,505,2316
2020-11-08,KALIMANTAN TIMUR,201,6,213,-18,15605,12796,511,2298
2020-11-09,KALIMANTAN TIMUR,75,4,313,-242,15680,13109,515,2056
2020-11-10,KALIMANTAN TIMUR,123,4,144,-25,15803,13253,519,2031
2020-11-11,KALIMANTAN TIMUR,345,3,124,218,16148,13377,522,2249
2020-11-12,KALIMANTAN TIMUR,234,5,246,-17,16382,13623,527,2232
2020-11-13,KALIMANTAN TIMUR,277,3,333,-59,16659,13956,530,2173
2020-11-14,KALIMANTAN TIMUR,147,7,147,-7,16806,14103,537,2166
2020-11-15,KALIMANTAN TIMUR,206,4,298,-96,17012,14401,541,2070
2020-11-16,KALIMANTAN TIMUR,158,2,214,-58,17170,14615,543,2012
2020-11-17,KALIMANTAN TIMUR,171,0,218,-47,17341,14833,543,1965
2020-11-18,KALIMANTAN TIMUR,254,2,85,167,17595,14918,545,2132
2020-11-19,KALIMANTAN TIMUR,132,3,26,103,17727,14944,548,2235
2020-11-20,KALIMANTAN TIMUR,165,5,42,118,17892,14986,553,2353
2020-11-21,KALIMANTAN TIMUR,251,3,184,64,18143,15170,556,2417
2020-11-22,KALIMANTAN TIMUR,137,1,189,-53,18280,15359,557,2364
2020-11-23,KALIMANTAN TIMUR,132,2,64,66,18412,15423,559,2430
2020-11-24,KALIMANTAN TIMUR,90,5,130,-45,18502,15553,564,2385
2020-11-25,KALIMANTAN TIMUR,189,1,332,-144,18691,15885,565,2241
2020-11-26,KALIMANTAN TIMUR,221,9,124,88,18912,16009,574,2329
2020-11-27,KALIMANTAN TIMUR,165,7,183,-25,19077,16192,581,2304
2020-11-28,KALIMANTAN TIMUR,220,4,166,50,19297,16358,585,2354
2020-11-29,KALIMANTAN TIMUR,203,1,98,104,19500,16456,586,2458
2020-11-30,KALIMANTAN TIMUR,117,5,483,-371,19617,16939,591,2087
2020-12-01,KALIMANTAN TIMUR,127,1,160,-34,19744,17099,592,2053
2020-12-02,KALIMANTAN TIMUR,304,1,142,161,20048,17241,593,2214
2020-12-03,KALIMANTAN TIMUR,313,3,185,125,20361,17426,596,2339
2020-12-04,KALIMANTAN TIMUR,231,6,132,93,20592,17558,602,2432
2020-12-05,KALIMANTAN TIMUR,238,0,170,68,20830,17728,602,2500
2020-12-06,KALIMANTAN TIMUR,185,2,160,23,21015,17888,604,2523
2020-12-07,KALIMANTAN TIMUR,90,7,182,-99,21105,18070,611,2424
2020-12-08,KALIMANTAN TIMUR,257,3,238,16,21362,18308,614,2440
2020-12-09,KALIMANTAN TIMUR,279,6,154,119,21641,18462,620,2559
2020-12-10,KALIMANTAN TIMUR,109,7,210,-108,21750,18672,627,2451
2020-12-11,KALIMANTAN TIMUR,214,4,138,72,21964,18810,631,2523
2020-12-12,KALIMANTAN TIMUR,162,4,156,2,22126,18966,635,2525
2020-12-13,KALIMANTAN TIMUR,227,4,230,-7,22353,19196,639,2518
2020-12-14,KALIMANTAN TIMUR,116,4,189,-77,22469,19385,643,2441
2020-12-15,KALIMANTAN TIMUR,392,2,173,217,22861,19558,645,2658
2020-12-16,KALIMANTAN TIMUR,280,8,176,96,23141,19734,653,2754
2020-12-17,KALIMANTAN TIMUR,236,5,184,47,23377,19918,658,2801
2020-12-18,KALIMANTAN TIMUR,282,4,165,113,23659,20083,662,2914
2020-12-19,KALIMANTAN TIMUR,268,6,243,19,23927,20326,668,2933
2020-12-20,KALIMANTAN TIMUR,155,10,167,-22,24082,20493,678,2911
2020-12-21,KALIMANTAN TIMUR,211,5,295,-89,24293,20788,683,2822
2020-12-22,KALIMANTAN TIMUR,182,7,91,84,24475,20879,690,2906
2020-12-23,KALIMANTAN TIMUR,418,6,187,225,24893,21066,696,3131
2020-12-24,KALIMANTAN TIMUR,372,6,212,154,25265,21278,702,3285
2020-12-25,KALIMANTAN TIMUR,218,8,179,31,25483,21457,710,3316
2020-12-26,KALIMANTAN TIMUR,287,8,193,86,25770,21650,718,3402
2020-12-27,KALIMANTAN TIMUR,200,3,267,-70,25970,21917,721,3332
2020-12-28,KALIMANTAN TIMUR,109,6,171,-68,26079,22088,727,3264
2020-12-29,KALIMANTAN TIMUR,314,4,238,72,26393,22326,731,3336
2020-12-30,KALIMANTAN TIMUR,319,7,238,74,26712,22564,738,3410
2020-12-31,KALIMANTAN TIMUR,364,5,241,118,27076,22805,743,3528
2021-01-01,KALIMANTAN TIMUR,299,12,205,82,27375,23010,755,3610
2021-01-02,KALIMANTAN TIMUR,213,4,235,-26,27588,23245,759,3584
2021-01-03,KALIMANTAN TIMUR,305,4,218,83,27893,23463,763,3667
2021-01-04,KALIMANTAN TIMUR,185,6,192,-13,28078,23655,769,3654
2021-01-05,KALIMANTAN TIMUR,281,8,275,-2,28359,23930,777,3652
2021-01-06,KALIMANTAN TIMUR,375,5,182,188,28734,24112,782,3840
2021-01-07,KALIMANTAN TIMUR,479,7,262,210,29213,24374,789,4050
2021-01-08,KALIMANTAN TIMUR,512,8,254,250,29725,24628,797,4300
2021-01-09,KALIMANTAN TIMUR,394,7,194,193,30119,24822,804,4493
2021-01-10,KALIMANTAN TIMUR,393,4,315,74,30512,25137,808,4567
2021-01-11,KALIMANTAN TIMUR,227,11,309,-93,30739,25446,819,4474
2021-01-12,KALIMANTAN TIMUR,338,8,337,-7,31077,25783,827,4467
2021-01-13,KALIMANTAN TIMUR,507,3,263,241,31584,26046,830,4708
2021-01-14,KALIMANTAN TIMUR,407,13,257,137,31991,26303,843,4845
2021-01-15,KALIMANTAN TIMUR,598,9,294,295,32589,26597,852,5140
2021-01-16,KALIMANTAN TIMUR,570,8,305,257,33159,26902,860,5397
2021-01-17,KALIMANTAN TIMUR,455,13,393,49,33614,27295,873,5446
2021-01-18,KALIMANTAN TIMUR,354,8,345,1,33968,27640,881,5447
2021-01-19,KALIMANTAN TIMUR,463,9,388,66,34431,28028,890,5513
2021-01-20,KALIMANTAN TIMUR,543,11,325,207,34974,28353,901,5720
2021-01-21,KALIMANTAN TIMUR,496,11,294,191,35470,28647,912,5911
2021-01-22,KALIMANTAN TIMUR,580,9,362,209,36050,29009,921,6120
2021-01-23,KALIMANTAN TIMUR,609,11,323,275,36659,29332,932,6395
2021-01-24,KALIMANTAN TIMUR,432,7,391,34,37091,29723,939,6429
2021-01-25,KALIMANTAN TIMUR,325,7,459,-141,37416,30182,946,6288
2021-01-26,KALIMANTAN TIMUR,557,10,329,218,37973,30511,956,6506
2021-01-27,KALIMANTAN TIMUR,756,6,339,411,38729,30850,962,6917
2021-01-28,KALIMANTAN TIMUR,459,6,394,59,39188,31244,968,6976
2021-01-29,KALIMANTAN TIMUR,667,8,454,205,39855,31698,976,7181
2021-01-30,KALIMANTAN TIMUR,701,11,374,316,40556,32072,987,7497
2021-01-31,KALIMANTAN TIMUR,658,9,543,106,41214,32615,996,7603
2021-02-01,KALIMANTAN TIMUR,366,14,394,-42,41580,33009,1010,7561
2021-02-02,KALIMANTAN TIMUR,443,8,518,-83,42023,33527,1018,7478
2021-02-03,KALIMANTAN TIMUR,903,13,498,392,42926,34025,1031,7870
2021-02-04,KALIMANTAN TIMUR,732,14,704,14,43658,34729,1045,7884
2021-02-05,KALIMANTAN TIMUR,798,11,548,239,44456,35277,1056,8123
2021-02-06,KALIMANTAN TIMUR,607,23,492,92,45063,35769,1079,8215
2021-02-07,KALIMANTAN TIMUR,501,11,416,74,45564,36185,1090,8289
2021-02-08,KALIMANTAN TIMUR,344,10,433,-99,45908,36618,1100,8190
2021-02-09,KALIMANTAN TIMUR,550,9,503,38,46458,37121,1109,8228
2021-02-10,KALIMANTAN TIMUR,498,13,380,105,46956,37501,1122,8333
2021-02-11,KALIMANTAN TIMUR,643,9,791,-157,47599,38292,1131,8176
2021-02-12,KALIMANTAN TIMUR,931,13,543,375,48530,38835,1144,8551
2021-02-13,KALIMANTAN TIMUR,315,10,485,-180,48845,39320,1154,8371
2021-02-14,KALIMANTAN TIMUR,330,16,500,-186,49175,39820,1170,8185
2021-02-15,KALIMANTAN TIMUR,362,7,483,-128,49537,40303,1177,8057
2021-02-16,KALIMANTAN TIMUR,322,2,208,112,49859,40511,1179,8169
2021-02-17,KALIMANTAN TIMUR,452,10,253,189,50311,40764,1189,8358
2021-02-18,KALIMANTAN TIMUR,517,11,491,15,50828,41255,1200,8373
2021-02-19,KALIMANTAN TIMUR,718,15,549,154,51546,41804,1215,8527
2021-02-20,KALIMANTAN TIMUR,553,17,806,-270,52099,42610,1232,8257
2021-02-21,KALIMANTAN TIMUR,406,12,602,-208,52505,43212,1244,8049
2021-02-22,KALIMANTAN TIMUR,404,14,504,-114,52909,43716,1258,7935
2021-02-23,KALIMANTAN TIMUR,431,7,535,-111,53340,44251,1265,7824
2021-02-24,KALIMANTAN TIMUR,423,15,537,-129,53763,44788,1280,7695
2021-02-25,KALIMANTAN TIMUR,395,10,728,-343,54158,45516,1290,7352
2021-02-26,KALIMANTAN TIMUR,485,7,426,52,54643,45942,1297,7404
2021-02-27,KALIMANTAN TIMUR,378,7,655,-284,55021,46597,1304,7120
2021-02-28,KALIMANTAN TIMUR,373,5,464,-96,55394,47061,1309,7024
2021-03-01,KALIMANTAN TIMUR,437,10,498,-71,55831,47559,1319,6953
2021-03-02,KALIMANTAN TIMUR,310,12,576,-278,56141,48135,1331,6675
2021-03-03,KALIMANTAN TIMUR,348,7,457,-116,56489,48592,1338,6559
2021-03-04,KALIMANTAN TIMUR,512,5,406,101,57001,48998,1343,6660
2021-03-05,KALIMANTAN TIMUR,294,7,508,-221,57295,49506,1350,6439
2021-03-06,KALIMANTAN TIMUR,396,4,468,-76,57691,49974,1354,6363
2021-03-07,KALIMANTAN TIMUR,350,9,398,-57,58041,50372,1363,6306
2021-03-08,KALIMANTAN TIMUR,142,7,390,-255,58183,50762,1370,6051
2021-03-09,KALIMANTAN TIMUR,260,6,433,-179,58443,51195,1376,5872
2021-03-10,KALIMANTAN TIMUR,296,8,443,-155,58739,51638,1384,5717
2021-03-11,KALIMANTAN TIMUR,438,9,458,-29,59177,52096,1393,5688
2021-03-12,KALIMANTAN TIMUR,207,9,356,-158,59384,52452,1402,5530
2021-03-13,KALIMANTAN TIMUR,264,2,240,22,59648,52692,1404,5552
2021-03-14,KALIMANTAN TIMUR,207,6,354,-153,59855,53046,1410,5399
2021-03-15,KALIMANTAN TIMUR,204,4,473,-273,60059,53519,1414,5126
2021-03-16,KALIMANTAN TIMUR,246,9,218,19,60305,53737,1423,5145
2021-03-17,KALIMANTAN TIMUR,241,2,337,-98,60546,54074,1425,5047
2021-03-18,KALIMANTAN TIMUR,329,11,384,-66,60875,54458,1436,4981
2021-03-19,KALIMANTAN TIMUR,270,6,279,-15,61145,54737,1442,4966
2021-03-20,KALIMANTAN TIMUR,224,7,339,-122,61369,55076,1449,4844
2021-03-21,KALIMANTAN TIMUR,218,8,374,-164,61587,55450,1457,4680
2021-03-22,KALIMANTAN TIMUR,71,7,409,-345,61658,55859,1464,4335
2021-03-23,KALIMANTAN TIMUR,234,2,332,-100,61892,56191,1466,4235
2021-03-24,KALIMANTAN TIMUR,275,6,378,-109,62167,56569,1472,4126
2021-03-25,KALIMANTAN TIMUR,319,9,427,-117,62486,56996,1481,4009
2021-03-26,KALIMANTAN TIMUR,247,6,628,-387,62733,57624,1487,3622
2021-03-27,KALIMANTAN TIMUR,196,3,299,-106,62929,57923,1490,3516
2021-03-28,KALIMANTAN TIMUR,164,4,366,-206,63093,58289,1494,3310
2021-03-29,KALIMANTAN TIMUR,124,3,300,-179,63217,58589,1497,3131
2021-03-30,KALIMANTAN TIMUR,246,10,279,-43,63463,58868,1507,3088
2021-03-31,KALIMANTAN TIMUR,200,3,161,36,63663,59029,1510,3124
2021-04-01,KALIMANTAN TIMUR,214,10,200,4,63877,59229,1520,3128
2021-04-02,KALIMANTAN TIMUR,238,5,215,18,64115,59444,1525,3146
2021-04-03,KALIMANTAN TIMUR,138,10,173,-45,64253,59617,1535,3101
2021-04-04,KALIMANTAN TIMUR,154,6,218,-70,64407,59835,1541,3031
2021-04-05,KALIMANTAN TIMUR,90,6,284,-200,64497,60119,1547,2831
2021-04-06,KALIMANTAN TIMUR,197,4,182,11,64694,60301,1551,2842
2021-04-07,KALIMANTAN TIMUR,163,7,432,-276,64857,60733,1558,2566
2021-04-08,KALIMANTAN TIMUR,153,1,197,-45,65010,60930,1559,2521
2021-04-09,KALIMANTAN TIMUR,205,1,238,-34,65215,61168,1560,2487
2021-04-10,KALIMANTAN TIMUR,187,5,247,-65,65402,61415,1565,2422
2021-04-11,KALIMANTAN TIMUR,202,7,251,-56,65604,61666,1572,2366
2021-04-12,KALIMANTAN TIMUR,97,7,162,-72,65701,61828,1579,2294
2021-04-13,KALIMANTAN TIMUR,158,1,214,-57,65859,62042,1580,2237
2021-04-14,KALIMANTAN TIMUR,196,3,185,8,66055,62227,1583,2245
2021-04-15,KALIMANTAN TIMUR,185,5,267,-87,66240,62494,1588,2158
2021-04-16,KALIMANTAN TIMUR,127,1,238,-112,66367,62732,1589,2046
2021-04-17,KALIMANTAN TIMUR,209,4,204,1,66576,62936,1593,2047
2021-04-18,KALIMANTAN TIMUR,186,3,198,-15,66762,63134,1596,2032
2021-04-19,KALIMANTAN TIMUR,116,7,170,-61,66878,63304,1603,1971
2021-04-20,KALIMANTAN TIMUR,149,4,174,-29,67027,63478,1607,1942
2021-04-21,KALIMANTAN TIMUR,187,2,145,40,67214,63623,1609,1982
2021-04-22,KALIMANTAN TIMUR,180,3,143,34,67394,63766,1612,2016
2021-04-23,KALIMANTAN TIMUR,188,3,181,4,67582,63947,1615,2020
2021-04-24,KALIMANTAN TIMUR,149,2,246,-99,67731,64193,1617,1921
2021-04-25,KALIMANTAN TIMUR,165,2,124,39,67896,64317,1619,1960
2021-04-26,KALIMANTAN TIMUR,82,4,186,-108,67978,64503,1623,1852
2021-04-27,KALIMANTAN TIMUR,158,6,208,-56,68136,64711,1629,1796
2021-04-28,KALIMANTAN TIMUR,186,5,147,34,68322,64858,1634,1830
2021-04-29,KALIMANTAN TIMUR,145,4,159,-18,68467,65017,1638,1812
2021-04-30,KALIMANTAN TIMUR,161,2,176,-17,68628,65193,1640,1795
2021-05-01,KALIMANTAN TIMUR,137,1,192,-56,68765,65385,1641,1739
2021-05-02,KALIMANTAN TIMUR,52,5,128,-81,68817,65513,1646,1658
2021-05-03,KALIMANTAN TIMUR,84,5,177,-98,68901,65690,1651,1560
2021-05-04,KALIMANTAN TIMUR,137,4,107,26,69038,65797,1655,1586
2021-05-05,KALIMANTAN TIMUR,137,5,102,30,69175,65899,1660,1616
2021-05-06,KALIMANTAN TIMUR,104,3,126,-25,69279,66025,1663,1591
2021-05-07,KALIMANTAN TIMUR,105,7,165,-67,69384,66190,1670,1524
2021-05-08,KALIMANTAN TIMUR,109,3,208,-102,69493,66398,1673,1422
2021-05-09,KALIMANTAN TIMUR,88,2,212,-126,69581,66610,1675,1296
2021-05-10,KALIMANTAN TIMUR,92,2,125,-35,69673,66735,1677,1261
2021-05-11,KALIMANTAN TIMUR,76,2,109,-35,69749,66844,1679,1226
2021-05-12,KALIMANTAN TIMUR,126,1,80,45,69875,66924,1680,1271
2021-05-13,KALIMANTAN TIMUR,80,2,84,-6,69955,67008,1682,1265
2021-05-14,KALIMANTAN TIMUR,13,1,97,-85,69968,67105,1683,1180
2021-05-15,KALIMANTAN TIMUR,52,2,71,-21,70020,67176,1685,1159
2021-05-16,KALIMANTAN TIMUR,56,2,97,-43,70076,67273,1687,1116
2021-05-17,KALIMANTAN TIMUR,59,4,114,-59,70135,67387,1691,1057
2021-05-18,KALIMANTAN TIMUR,138,3,126,9,70273,67513,1694,1066
2021-05-19,KALIMANTAN TIMUR,128,2,95,31,70401,67608,1696,1097
2021-05-20,KALIMANTAN TIMUR,100,1,91,8,70501,67699,1697,1105
2021-05-21,KALIMANTAN TIMUR,87,5,141,-59,70588,67840,1702,1046
2021-05-22,KALIMANTAN TIMUR,99,0,72,27,70687,67912,1702,1073
2021-05-23,KALIMANTAN TIMUR,103,1,70,32,70790,67982,1703,1105
2021-05-24,KALIMANTAN TIMUR,105,1,66,38,70895,68048,1704,1143
2021-05-25,KALIMANTAN TIMUR,112,6,53,53,71007,68101,1710,1196
2021-05-26,KALIMANTAN TIMUR,82,2,86,-6,71089,68187,1712,1190
2021-05-27,KALIMANTAN TIMUR,64,2,116,-54,71153,68303,1714,1136
2021-05-28,KALIMANTAN TIMUR,68,3,110,-45,71221,68413,1717,1091
2021-05-29,KALIMANTAN TIMUR,146,1,120,25,71367,68533,1718,1116
2021-05-30,KALIMANTAN TIMUR,140,3,120,17,71507,68653,1721,1133
2021-05-31,KALIMANTAN TIMUR,89,2,177,-90,71596,68830,1723,1043
2021-06-01,KALIMANTAN TIMUR,90,0,73,17,71686,68903,1723,1060
2021-06-02,KALIMANTAN TIMUR,64,5,106,-47,71750,69009,1728,1013
2021-06-03,KALIMANTAN TIMUR,94,1,72,21,71844,69081,1729,1034
2021-06-04,KALIMANTAN TIMUR,113,1,79,33,71957,69160,1730,1067
2021-06-05,KALIMANTAN TIMUR,79,0,78,1,72036,69238,1730,1068
2021-06-06,KALIMANTAN TIMUR,75,6,84,-15,72111,69322,1736,1053
2021-06-07,KALIMANTAN TIMUR,40,7,87,-54,72151,69409,1743,999
2021-06-08,KALIMANTAN TIMUR,90,3,64,23,72241,69473,1746,1022
2021-06-09,KALIMANTAN TIMUR,84,1,105,-22,72325,69578,1747,1000
2021-06-10,KALIMANTAN TIMUR,108,3,94,11,72433,69672,1750,1011
2021-06-11,KALIMANTAN TIMUR,78,5,76,-3,72511,69748,1755,1008
2021-06-12,KALIMANTAN TIMUR,78,1,73,4,72589,69821,1756,1012
2021-06-13,KALIMANTAN TIMUR,108,1,69,38,72697,69890,1757,1050
2021-06-14,KALIMANTAN TIMUR,62,2,85,-25,72759,69975,1759,1025
2021-06-15,KALIMANTAN TIMUR,133,2,118,13,72892,70093,1761,1038
2021-06-16,KALIMANTAN TIMUR,145,1,82,62,73037,70175,1762,1100
2021-06-17,KALIMANTAN TIMUR,177,2,59,116,73214,70234,1764,1216
2021-06-18,KALIMANTAN TIMUR,145,4,90,51,73359,70324,1768,1267
2021-06-19,KALIMANTAN TIMUR,152,3,87,62,73511,70411,1771,1329
2021-06-20,KALIMANTAN TIMUR,147,5,78,64,73658,70489,1776,1393
2021-06-21,KALIMANTAN TIMUR,163,0,82,81,73821,70571,1776,1474
2021-06-22,KALIMANTAN TIMUR,245,5,120,120,74066,70691,1781,1594
2021-06-23,KALIMANTAN TIMUR,227,4,68,155,74293,70759,1785,1749
2021-06-24,KALIMANTAN TIMUR,336,4,76,256,74629,70835,1789,2005
2021-06-25,KALIMANTAN TIMUR,352,4,115,233,74981,70950,1793,2238
2021-06-26,KALIMANTAN TIMUR,428,6,75,347,75409,71025,1799,2585
2021-06-27,KALIMANTAN TIMUR,470,9,94,367,75879,71119,1808,2952
2021-06-28,KALIMANTAN TIMUR,382,8,124,250,76261,71243,1816,3202
2021-06-29,KALIMANTAN TIMUR,482,13,121,348,76743,71364,1829,3550
2021-06-30,KALIMANTAN TIMUR,489,11,92,386,77232,71456,1840,3936
2021-07-01,KALIMANTAN TIMUR,595,11,111,473,77827,71567,1851,4409
2021-07-02,KALIMANTAN TIMUR,661,10,138,513,78488,71705,1861,4922
2021-07-03,KALIMANTAN TIMUR,622,15,297,310,79110,72002,1876,5232
2021-07-04,KALIMANTAN TIMUR,738,18,289,431,79848,72291,1894,5663
2021-07-05,KALIMANTAN TIMUR,428,19,223,186,80276,72514,1913,5849
2021-07-06,KALIMANTAN TIMUR,726,18,234,474,81002,72748,1931,6323
2021-07-07,KALIMANTAN TIMUR,757,24,325,408,81759,73073,1955,6731
2021-07-08,KALIMANTAN TIMUR,979,30,236,713,82738,73309,1985,7444
2021-07-09,KALIMANTAN TIMUR,1020,18,432,570,83758,73741,2003,8014
2021-07-10,KALIMANTAN TIMUR,1051,26,440,585,84809,74181,2029,8599
2021-07-11,KALIMANTAN TIMUR,1134,53,422,659,85943,74603,2082,9258
2021-07-12,KALIMANTAN TIMUR,1014,22,299,693,86957,74902,2104,9951
2021-07-13,KALIMANTAN TIMUR,1499,52,496,951,88456,75398,2156,10902
2021-07-14,KALIMANTAN TIMUR,1658,43,458,1157,90114,75856,2199,12059
2021-07-15,KALIMANTAN TIMUR,1543,48,544,951,91657,76400,2247,13010
2021-07-16,KALIMANTAN TIMUR,1724,58,707,959,93381,77107,2305,13969
2021-07-17,KALIMANTAN TIMUR,1667,38,669,960,95048,77776,2343,14929
2021-07-18,KALIMANTAN TIMUR,1514,50,708,756,96562,78484,2393,15685
2021-07-19,KALIMANTAN TIMUR,963,77,771,115,97525,79255,2470,15800
2021-07-20,KALIMANTAN TIMUR,1178,86,563,529,98703,79818,2556,16329
2021-07-21,KALIMANTAN TIMUR,900,60,486,354,99603,80304,2616,16683
2021-07-22,KALIMANTAN TIMUR,1952,76,753,1123,101555,81057,2692,17806
2021-07-23,KALIMANTAN TIMUR,1505,63,808,634,103060,81865,2755,18440
2021-07-24,KALIMANTAN TIMUR,2106,72,858,1176,105166,82723,2827,19616
2021-07-25,KALIMANTAN TIMUR,1693,73,965,655,106859,83688,2900,20271
2021-07-26,KALIMANTAN TIMUR,943,72,880,-9,107802,84568,2972,20262
2021-07-27,KALIMANTAN TIMUR,2009,59,1147,803,109811,85715,3031,21065
2021-07-28,KALIMANTAN TIMUR,2128,87,1146,895,111939,86861,3118,21960
2021-07-29,KALIMANTAN TIMUR,1540,89,1468,-17,113479,88329,3207,21943
2021-07-30,KALIMANTAN TIMUR,2364,66,1412,886,115843,89741,3273,22829
2021-07-31,KALIMANTAN TIMUR,1660,74,1143,443,117503,90884,3347,23272
2021-08-01,KALIMANTAN TIMUR,1716,78,1727,-89,119219,92611,3425,23183
2021-08-02,KALIMANTAN TIMUR,1086,51,1961,-926,120305,94572,3476,22257
2021-08-03,KALIMANTAN TIMUR,1419,57,1499,-137,121724,96071,3533,22120
2021-08-04,KALIMANTAN TIMUR,2222,83,1720,419,123946,97791,3616,22539
2021-08-05,KALIMANTAN TIMUR,2083,101,2000,-18,126029,99791,3717,22521
2021-08-06,KALIMANTAN TIMUR,1815,84,2585,-854,127844,102376,3801,21667
2021-08-07,KALIMANTAN TIMUR,1786,82,1730,-26,129630,104106,3883,21641
2021-08-08,KALIMANTAN TIMUR,1579,90,1704,-215,131209,105810,3973,21426
2021-08-09,KALIMANTAN TIMUR,1071,72,2305,-1306,132280,108115,4045,20120
2021-08-10,KALIMANTAN TIMUR,1546,79,2458,-991,133826,110573,4124,19129
2021-08-11,KALIMANTAN TIMUR,1843,64,1929,-150,135669,112502,4188,18979
2021-08-12,KALIMANTAN TIMUR,1176,64,1996,-884,136845,114498,4252,18095
2021-08-13,KALIMANTAN TIMUR,1451,66,1889,-504,138296,116387,4318,17591
2021-08-14,KALIMANTAN TIMUR,1168,66,1728,-626,139464,118115,4384,16965
2021-08-15,KALIMANTAN TIMUR,776,63,1707,-994,140240,119822,4447,15971
2021-08-16,KALIMANTAN TIMUR,633,71,1892,-1330,140873,121714,4518,14641
2021-08-17,KALIMANTAN TIMUR,923,52,1573,-702,141796,123287,4570,13939
2021-08-18,KALIMANTAN TIMUR,638,72,1656,-1090,142434,124943,4642,12849
2020-03-17,SUMATERA UTARA,1,1,0,0,1,0,1,0
2020-03-18,SUMATERA UTARA,0,0,0,0,1,0,1,0
2020-03-19,SUMATERA UTARA,0,0,0,0,1,0,1,0
2020-03-20,SUMATERA UTARA,0,0,0,0,1,0,1,0
2020-03-21,SUMATERA UTARA,0,0,0,0,1,0,1,0
2020-03-22,SUMATERA UTARA,0,0,0,0,1,0,1,0
2020-03-23,SUMATERA UTARA,0,0,0,0,1,0,1,0
2020-03-24,SUMATERA UTARA,0,0,0,0,1,0,1,0
2020-03-25,SUMATERA UTARA,0,0,0,0,1,0,1,0
2020-03-26,SUMATERA UTARA,0,0,0,0,1,0,1,0
2020-03-27,SUMATERA UTARA,0,1,0,-1,1,0,2,-1
2020-03-28,SUMATERA UTARA,0,0,0,0,1,0,2,-1
2020-03-29,SUMATERA UTARA,0,0,0,0,1,0,2,-1
2020-03-30,SUMATERA UTARA,6,0,0,6,7,0,2,5
2020-03-31,SUMATERA UTARA,6,2,0,4,13,0,4,9
2020-04-01,SUMATERA UTARA,2,0,0,2,15,0,4,11
2020-04-02,SUMATERA UTARA,0,0,0,0,15,0,4,11
2020-04-03,SUMATERA UTARA,0,0,0,0,15,0,4,11
2020-04-04,SUMATERA UTARA,3,1,0,2,18,0,5,13
2020-04-05,SUMATERA UTARA,0,0,0,0,18,0,5,13
2020-04-06,SUMATERA UTARA,1,0,0,1,19,0,5,14
2020-04-07,SUMATERA UTARA,0,0,0,0,19,0,5,14
2020-04-08,SUMATERA UTARA,29,0,0,29,48,0,5,43
2020-04-09,SUMATERA UTARA,0,0,0,0,48,0,5,43
2020-04-10,SUMATERA UTARA,7,0,8,-1,55,8,5,42
2020-04-11,SUMATERA UTARA,0,3,0,-3,55,8,8,39
2020-04-12,SUMATERA UTARA,10,0,0,10,65,8,8,49
2020-04-13,SUMATERA UTARA,2,1,1,0,67,9,9,49
2020-04-14,SUMATERA UTARA,5,0,1,4,72,10,9,53
2020-04-15,SUMATERA UTARA,6,0,0,6,78,10,9,59
2020-04-16,SUMATERA UTARA,1,0,3,-2,79,13,9,57
2020-04-17,SUMATERA UTARA,0,0,0,0,79,13,9,57
2020-04-18,SUMATERA UTARA,0,0,0,0,79,13,9,57
2020-04-19,SUMATERA UTARA,2,0,0,2,81,13,9,59
2020-04-20,SUMATERA UTARA,2,1,1,0,83,14,10,59
2020-04-21,SUMATERA UTARA,1,0,0,1,84,14,10,60
2020-04-22,SUMATERA UTARA,9,0,7,2,93,21,10,62
2020-04-23,SUMATERA UTARA,2,1,0,1,95,21,11,63
2020-04-24,SUMATERA UTARA,1,0,0,1,96,21,11,64
2020-04-25,SUMATERA UTARA,9,1,0,8,105,21,12,72
2020-04-26,SUMATERA UTARA,6,0,7,-1,111,28,12,71
2020-04-27,SUMATERA UTARA,0,0,7,-7,111,35,12,64
2020-04-28,SUMATERA UTARA,0,1,0,-1,111,35,13,63
2020-04-29,SUMATERA UTARA,3,0,5,-2,114,40,13,61
2020-04-30,SUMATERA UTARA,3,1,1,1,117,41,14,62
2020-05-01,SUMATERA UTARA,0,0,0,0,117,41,14,62
2020-05-02,SUMATERA UTARA,0,0,0,0,117,41,14,62
2020-05-03,SUMATERA UTARA,6,0,0,6,123,41,14,68
2020-05-04,SUMATERA UTARA,6,0,0,6,129,41,14,74
2020-05-05,SUMATERA UTARA,1,0,2,-1,130,43,14,73
2020-05-06,SUMATERA UTARA,11,5,0,6,141,43,19,79
2020-05-07,SUMATERA UTARA,1,0,5,-4,142,48,19,75
2020-05-08,SUMATERA UTARA,15,0,0,15,157,48,19,90
2020-05-09,SUMATERA UTARA,22,5,0,17,179,48,24,107
2020-05-10,SUMATERA UTARA,0,0,0,0,179,48,24,107
2020-05-11,SUMATERA UTARA,17,3,0,14,196,48,27,121
2020-05-12,SUMATERA UTARA,2,0,5,-3,198,53,27,118
2020-05-13,SUMATERA UTARA,2,0,0,2,200,53,27,120
2020-05-14,SUMATERA UTARA,2,0,0,2,202,53,27,122
2020-05-15,SUMATERA UTARA,0,0,0,0,202,53,27,122
2020-05-16,SUMATERA UTARA,0,0,0,0,202,53,27,122
2020-05-17,SUMATERA UTARA,16,2,5,9,218,58,29,131
2020-05-18,SUMATERA UTARA,7,1,0,6,225,58,30,137
2020-05-19,SUMATERA UTARA,10,1,0,9,235,58,31,146
2020-05-20,SUMATERA UTARA,15,2,16,-3,250,74,33,143
2020-05-21,SUMATERA UTARA,23,1,0,22,273,74,34,165
2020-05-22,SUMATERA UTARA,12,1,28,-17,285,102,35,148
2020-05-23,SUMATERA UTARA,9,0,0,9,294,102,35,157
2020-05-24,SUMATERA UTARA,17,1,7,9,311,109,36,166
2020-05-25,SUMATERA UTARA,4,0,5,-1,315,114,36,165
2020-05-26,SUMATERA UTARA,0,0,0,0,315,114,36,165
2020-05-27,SUMATERA UTARA,17,1,2,14,332,116,37,179
2020-05-28,SUMATERA UTARA,30,1,2,27,362,118,38,206
2020-05-29,SUMATERA UTARA,38,0,0,38,400,118,38,244
2020-05-30,SUMATERA UTARA,6,4,5,-3,406,123,42,241
2020-05-31,SUMATERA UTARA,3,0,23,-20,409,146,42,221
2020-06-01,SUMATERA UTARA,8,0,3,5,417,149,42,226
2020-06-02,SUMATERA UTARA,1,0,2,-1,418,151,42,225
2020-06-03,SUMATERA UTARA,26,2,9,15,444,160,44,240
2020-06-04,SUMATERA UTARA,44,1,7,36,488,167,45,276
2020-06-05,SUMATERA UTARA,48,1,5,42,536,172,46,318
2020-06-06,SUMATERA UTARA,67,0,7,60,603,179,46,378
2020-06-07,SUMATERA UTARA,0,0,0,0,603,179,46,378
2020-06-08,SUMATERA UTARA,2,2,10,-10,605,189,48,368
2020-06-09,SUMATERA UTARA,12,4,0,8,617,189,52,376
2020-06-10,SUMATERA UTARA,18,1,4,13,635,193,53,389
2020-06-11,SUMATERA UTARA,45,3,12,30,680,205,56,419
2020-06-12,SUMATERA UTARA,83,1,0,82,763,205,57,501
2020-06-13,SUMATERA UTARA,98,2,0,96,861,205,59,597
2020-06-14,SUMATERA UTARA,8,0,7,1,869,212,59,598
2020-06-15,SUMATERA UTARA,63,5,4,54,932,216,64,652
2020-06-16,SUMATERA UTARA,25,2,6,17,957,222,66,669
2020-06-17,SUMATERA UTARA,13,0,5,8,970,227,66,677
2020-06-18,SUMATERA UTARA,23,0,7,16,993,234,66,693
2020-06-19,SUMATERA UTARA,31,0,16,15,1024,250,66,708
2020-06-20,SUMATERA UTARA,58,2,5,51,1082,255,68,759
2020-06-21,SUMATERA UTARA,13,2,4,7,1095,259,70,766
2020-06-22,SUMATERA UTARA,20,3,4,13,1115,263,73,779
2020-06-23,SUMATERA UTARA,116,3,3,110,1231,266,76,889
2020-06-24,SUMATERA UTARA,54,3,8,43,1285,274,79,932
2020-06-25,SUMATERA UTARA,69,3,18,48,1354,292,82,980
2020-06-26,SUMATERA UTARA,14,4,64,-54,1368,356,86,926
2020-06-27,SUMATERA UTARA,75,5,18,52,1443,374,91,978
2020-06-28,SUMATERA UTARA,22,0,10,12,1465,384,91,990
2020-06-29,SUMATERA UTARA,12,0,18,-6,1477,402,91,984
2020-06-30,SUMATERA UTARA,72,1,5,66,1549,407,92,1050
2020-07-01,SUMATERA UTARA,50,5,13,32,1599,420,97,1082
2020-07-02,SUMATERA UTARA,89,2,6,81,1688,426,99,1163
2020-07-03,SUMATERA UTARA,33,1,13,19,1721,439,100,1182
2020-07-04,SUMATERA UTARA,44,3,21,20,1765,460,103,1202
2020-07-05,SUMATERA UTARA,12,0,19,-7,1777,479,103,1195
2020-07-06,SUMATERA UTARA,19,4,7,8,1796,486,107,1203
2020-07-07,SUMATERA UTARA,24,1,9,14,1820,495,108,1217
2020-07-08,SUMATERA UTARA,155,1,10,144,1975,505,109,1361
2020-07-09,SUMATERA UTARA,109,5,12,92,2084,517,114,1453
2020-07-10,SUMATERA UTARA,108,1,12,95,2192,529,115,1548
2020-07-11,SUMATERA UTARA,88,4,16,68,2280,545,119,1616
2020-07-12,SUMATERA UTARA,39,4,22,13,2319,567,123,1629
2020-07-13,SUMATERA UTARA,46,2,13,31,2365,580,125,1660
2020-07-14,SUMATERA UTARA,130,5,20,105,2495,600,130,1765
2020-07-15,SUMATERA UTARA,96,0,8,88,2591,608,130,1853
2020-07-16,SUMATERA UTARA,98,5,29,64,2689,637,135,1917
2020-07-17,SUMATERA UTARA,83,7,21,55,2772,658,142,1972
2020-07-18,SUMATERA UTARA,149,3,39,107,2921,697,145,2079
2020-07-19,SUMATERA UTARA,14,1,25,-12,2935,722,146,2067
2020-07-20,SUMATERA UTARA,15,3,49,-37,2950,771,149,2030
2020-07-21,SUMATERA UTARA,42,4,30,8,2992,801,153,2038
2020-07-22,SUMATERA UTARA,166,7,26,133,3158,827,160,2171
2020-07-23,SUMATERA UTARA,104,8,16,80,3262,843,168,2251
2020-07-24,SUMATERA UTARA,56,3,33,20,3318,876,171,2271
2020-07-25,SUMATERA UTARA,52,3,24,25,3370,900,174,2296
2020-07-26,SUMATERA UTARA,20,4,19,-3,3390,919,178,2293
2020-07-27,SUMATERA UTARA,48,1,13,34,3438,932,179,2327
2020-07-28,SUMATERA UTARA,80,1,18,61,3518,950,180,2388
2020-07-29,SUMATERA UTARA,241,3,30,208,3759,980,183,2596
2020-07-30,SUMATERA UTARA,68,4,268,-204,3827,1248,187,2392
2020-07-31,SUMATERA UTARA,104,5,106,-7,3931,1354,192,2385
2020-08-01,SUMATERA UTARA,31,1,131,-101,3962,1485,193,2284
2020-08-02,SUMATERA UTARA,174,8,129,37,4136,1614,201,2321
2020-08-03,SUMATERA UTARA,57,2,39,16,4193,1653,203,2337
2020-08-04,SUMATERA UTARA,68,6,64,-2,4261,1717,209,2335
2020-08-05,SUMATERA UTARA,130,2,74,54,4391,1791,211,2389
2020-08-06,SUMATERA UTARA,86,1,68,17,4477,1859,212,2406
2020-08-07,SUMATERA UTARA,216,9,52,155,4693,1911,221,2561
2020-08-08,SUMATERA UTARA,101,1,124,-24,4794,2035,222,2537
2020-08-09,SUMATERA UTARA,25,2,35,-12,4819,2070,224,2525
2020-08-10,SUMATERA UTARA,129,1,27,101,4948,2097,225,2626
2020-08-11,SUMATERA UTARA,207,4,40,163,5155,2137,229,2789
2020-08-12,SUMATERA UTARA,109,2,51,56,5264,2188,231,2845
2020-08-13,SUMATERA UTARA,94,5,148,-59,5358,2336,236,2786
2020-08-14,SUMATERA UTARA,69,4,101,-36,5427,2437,240,2750
2020-08-15,SUMATERA UTARA,195,3,73,119,5622,2510,243,2869
2020-08-16,SUMATERA UTARA,51,2,102,-53,5673,2612,245,2816
2020-08-17,SUMATERA UTARA,17,3,46,-32,5690,2658,248,2784
2020-08-18,SUMATERA UTARA,130,8,81,41,5820,2739,256,2825
2020-08-19,SUMATERA UTARA,78,3,94,-19,5898,2833,259,2806
2020-08-20,SUMATERA UTARA,59,9,80,-30,5957,2913,268,2776
2020-08-21,SUMATERA UTARA,21,2,70,-51,5978,2983,270,2725
2020-08-22,SUMATERA UTARA,73,6,80,-13,6051,3063,276,2712
2020-08-23,SUMATERA UTARA,78,3,75,0,6129,3138,279,2712
2020-08-24,SUMATERA UTARA,37,6,65,-34,6166,3203,285,2678
2020-08-25,SUMATERA UTARA,134,2,107,25,6300,3310,287,2703
2020-08-26,SUMATERA UTARA,137,2,129,6,6437,3439,289,2709
2020-08-27,SUMATERA UTARA,104,6,117,-19,6541,3556,295,2690
2020-08-28,SUMATERA UTARA,86,7,133,-54,6627,3689,302,2636
2020-08-29,SUMATERA UTARA,103,6,112,-15,6730,3801,308,2621
2020-08-30,SUMATERA UTARA,39,3,102,-66,6769,3903,311,2555
2020-08-31,SUMATERA UTARA,58,3,60,-5,6827,3963,314,2550
2020-09-01,SUMATERA UTARA,115,4,99,12,6942,4062,318,2562
2020-09-02,SUMATERA UTARA,182,2,105,75,7124,4167,320,2637
2020-09-03,SUMATERA UTARA,141,3,111,27,7265,4278,323,2664
2020-09-04,SUMATERA UTARA,125,4,55,66,7390,4333,327,2730
2020-09-05,SUMATERA UTARA,162,6,114,42,7552,4447,333,2772
2020-09-06,SUMATERA UTARA,81,2,103,-24,7633,4550,335,2748
2020-09-07,SUMATERA UTARA,92,4,93,-5,7725,4643,339,2743
2020-09-08,SUMATERA UTARA,107,3,86,18,7832,4729,342,2761
2020-09-09,SUMATERA UTARA,132,1,91,40,7964,4820,343,2801
2020-09-10,SUMATERA UTARA,146,3,61,82,8110,4881,346,2883
2020-09-11,SUMATERA UTARA,131,3,75,53,8241,4956,349,2936
2020-09-12,SUMATERA UTARA,121,6,83,32,8362,5039,355,2968
2020-09-13,SUMATERA UTARA,103,0,64,39,8465,5103,355,3007
2020-09-14,SUMATERA UTARA,94,6,57,31,8559,5160,361,3038
2020-09-15,SUMATERA UTARA,249,6,90,153,8808,5250,367,3191
2020-09-16,SUMATERA UTARA,126,4,66,56,8934,5316,371,3247
2020-09-17,SUMATERA UTARA,117,8,71,38,9051,5387,379,3285
2020-09-18,SUMATERA UTARA,125,10,71,44,9176,5458,389,3329
2020-09-19,SUMATERA UTARA,97,5,76,16,9273,5534,394,3345
2020-09-20,SUMATERA UTARA,95,5,94,-4,9368,5628,399,3341
2020-09-21,SUMATERA UTARA,100,2,76,22,9468,5704,401,3363
2020-09-22,SUMATERA UTARA,98,1,44,53,9566,5748,402,3416
2020-09-23,SUMATERA UTARA,87,5,115,-33,9653,5863,407,3383
2020-09-24,SUMATERA UTARA,96,3,139,-46,9749,6002,410,3337
2020-09-25,SUMATERA UTARA,94,5,100,-11,9843,6102,415,3326
2020-09-26,SUMATERA UTARA,98,2,153,-57,9941,6255,417,3269
2020-09-27,SUMATERA UTARA,97,3,179,-85,10038,6434,420,3184
2020-09-28,SUMATERA UTARA,85,4,194,-113,10123,6628,424,3071
2020-09-29,SUMATERA UTARA,88,2,172,-86,10211,6800,426,2985
2020-09-30,SUMATERA UTARA,102,4,170,-72,10313,6970,430,2913
2020-10-01,SUMATERA UTARA,111,4,153,-46,10424,7123,434,2867
2020-10-02,SUMATERA UTARA,89,2,180,-93,10513,7303,436,2774
2020-10-03,SUMATERA UTARA,86,2,129,-45,10599,7432,438,2729
2020-10-04,SUMATERA UTARA,83,5,110,-32,10682,7542,443,2697
2020-10-05,SUMATERA UTARA,89,3,121,-35,10771,7663,446,2662
2020-10-06,SUMATERA UTARA,98,2,203,-107,10869,7866,448,2555
2020-10-07,SUMATERA UTARA,96,5,178,-87,10965,8044,453,2468
2020-10-08,SUMATERA UTARA,99,7,189,-97,11064,8233,460,2371
2020-10-09,SUMATERA UTARA,95,2,163,-70,11159,8396,462,2301
2020-10-10,SUMATERA UTARA,88,0,149,-61,11247,8545,462,2240
2020-10-11,SUMATERA UTARA,85,6,157,-78,11332,8702,468,2162
2020-10-12,SUMATERA UTARA,87,5,174,-92,11419,8876,473,2070
2020-10-13,SUMATERA UTARA,89,7,134,-52,11508,9010,480,2018
2020-10-14,SUMATERA UTARA,88,5,161,-78,11596,9171,485,1940
2020-10-15,SUMATERA UTARA,90,4,110,-24,11686,9281,489,1916
2020-10-16,SUMATERA UTARA,89,3,111,-25,11775,9392,492,1891
2020-10-17,SUMATERA UTARA,86,5,100,-19,11861,9492,497,1872
2020-10-18,SUMATERA UTARA,83,2,106,-25,11944,9598,499,1847
2020-10-19,SUMATERA UTARA,91,4,118,-31,12035,9716,503,1816
2020-10-20,SUMATERA UTARA,90,4,93,-7,12125,9809,507,1809
2020-10-21,SUMATERA UTARA,87,3,80,4,12212,9889,510,1813
2020-10-22,SUMATERA UTARA,83,3,82,-2,12295,9971,513,1811
2020-10-23,SUMATERA UTARA,91,1,72,18,12386,10043,514,1829
2020-10-24,SUMATERA UTARA,84,0,78,6,12470,10121,514,1835
2020-10-25,SUMATERA UTARA,90,2,75,13,12560,10196,516,1848
2020-10-26,SUMATERA UTARA,93,7,85,1,12653,10281,523,1849
2020-10-27,SUMATERA UTARA,90,1,92,-3,12743,10373,524,1846
2020-10-28,SUMATERA UTARA,92,2,88,2,12835,10461,526,1848
2020-10-29,SUMATERA UTARA,83,2,82,-1,12918,10543,528,1847
2020-10-30,SUMATERA UTARA,89,1,74,14,13007,10617,529,1861
2020-10-31,SUMATERA UTARA,93,4,88,1,13100,10705,533,1862
2020-11-01,SUMATERA UTARA,91,3,72,16,13191,10777,536,1878
2020-11-02,SUMATERA UTARA,79,6,69,4,13270,10846,542,1882
2020-11-03,SUMATERA UTARA,78,4,72,2,13348,10918,546,1884
2020-11-04,SUMATERA UTARA,79,6,75,-2,13427,10993,552,1882
2020-11-05,SUMATERA UTARA,77,4,63,10,13504,11056,556,1892
2020-11-06,SUMATERA UTARA,78,4,60,14,13582,11116,560,1906
2020-11-07,SUMATERA UTARA,76,2,63,11,13658,11179,562,1917
2020-11-08,SUMATERA UTARA,78,2,58,18,13736,11237,564,1935
2020-11-09,SUMATERA UTARA,75,2,64,9,13811,11301,566,1944
2020-11-10,SUMATERA UTARA,72,3,66,3,13883,11367,569,1947
2020-11-11,SUMATERA UTARA,80,1,60,19,13963,11427,570,1966
2020-11-12,SUMATERA UTARA,79,2,77,0,14042,11504,572,1966
2020-11-13,SUMATERA UTARA,88,6,63,19,14130,11567,578,1985
2020-11-14,SUMATERA UTARA,77,1,59,17,14207,11626,579,2002
2020-11-15,SUMATERA UTARA,85,0,68,17,14292,11694,579,2019
2020-11-16,SUMATERA UTARA,118,4,106,8,14410,11800,583,2027
2020-11-17,SUMATERA UTARA,101,1,104,-4,14511,11904,584,2023
2020-11-18,SUMATERA UTARA,85,2,72,11,14596,11976,586,2034
2020-11-19,SUMATERA UTARA,79,2,77,0,14675,12053,588,2034
2020-11-20,SUMATERA UTARA,79,1,71,7,14754,12124,589,2041
2020-11-21,SUMATERA UTARA,76,3,77,-4,14830,12201,592,2037
2020-11-22,SUMATERA UTARA,74,3,69,2,14904,12270,595,2039
2020-11-23,SUMATERA UTARA,84,0,81,3,14988,12351,595,2042
2020-11-24,SUMATERA UTARA,81,2,78,1,15069,12429,597,2043
2020-11-25,SUMATERA UTARA,84,3,81,0,15153,12510,600,2043
2020-11-26,SUMATERA UTARA,82,0,74,8,15235,12584,600,2051
2020-11-27,SUMATERA UTARA,92,4,87,1,15327,12671,604,2052
2020-11-28,SUMATERA UTARA,93,5,91,-3,15420,12762,609,2049
2020-11-29,SUMATERA UTARA,88,3,78,7,15508,12840,612,2056
2020-11-30,SUMATERA UTARA,77,3,69,5,15585,12909,615,2061
2020-12-01,SUMATERA UTARA,86,2,83,1,15671,12992,617,2062
2020-12-02,SUMATERA UTARA,88,2,77,9,15759,13069,619,2071
2020-12-03,SUMATERA UTARA,86,4,80,2,15845,13149,623,2073
2020-12-04,SUMATERA UTARA,79,2,80,-3,15924,13229,625,2070
2020-12-05,SUMATERA UTARA,78,1,77,0,16002,13306,626,2070
2020-12-06,SUMATERA UTARA,87,3,83,1,16089,13389,629,2071
2020-12-07,SUMATERA UTARA,85,3,80,2,16174,13469,632,2073
2020-12-08,SUMATERA UTARA,87,1,81,5,16261,13550,633,2078
2020-12-09,SUMATERA UTARA,80,1,74,5,16341,13624,634,2083
2020-12-10,SUMATERA UTARA,83,3,81,-1,16424,13705,637,2082
2020-12-11,SUMATERA UTARA,82,2,76,4,16506,13781,639,2086
2020-12-12,SUMATERA UTARA,87,1,81,5,16593,13862,640,2091
2020-12-13,SUMATERA UTARA,89,0,83,6,16682,13945,640,2097
2020-12-14,SUMATERA UTARA,87,4,81,2,16769,14026,644,2099
2020-12-15,SUMATERA UTARA,74,1,75,-2,16843,14101,645,2097
2020-12-16,SUMATERA UTARA,79,0,78,1,16922,14179,645,2098
2020-12-17,SUMATERA UTARA,84,1,81,2,17006,14260,646,2100
2020-12-18,SUMATERA UTARA,89,1,75,13,17095,14335,647,2113
2020-12-19,SUMATERA UTARA,86,2,81,3,17181,14416,649,2116
2020-12-20,SUMATERA UTARA,82,4,83,-5,17263,14499,653,2111
2020-12-21,SUMATERA UTARA,90,2,84,4,17353,14583,655,2115
2020-12-22,SUMATERA UTARA,73,5,76,-8,17426,14659,660,2107
2020-12-23,SUMATERA UTARA,76,4,87,-15,17502,14746,664,2092
2020-12-24,SUMATERA UTARA,80,5,81,-6,17582,14827,669,2086
2020-12-25,SUMATERA UTARA,75,1,79,-5,17657,14906,670,2081
2020-12-26,SUMATERA UTARA,75,0,74,1,17732,14980,670,2082
2020-12-27,SUMATERA UTARA,78,2,80,-4,17810,15060,672,2078
2020-12-28,SUMATERA UTARA,82,2,83,-3,17892,15143,674,2075
2020-12-29,SUMATERA UTARA,85,1,82,2,17977,15225,675,2077
2020-12-30,SUMATERA UTARA,89,4,84,1,18066,15309,679,2078
2020-12-31,SUMATERA UTARA,83,0,82,1,18149,15391,679,2079
2021-01-01,SUMATERA UTARA,84,2,89,-7,18233,15480,681,2072
2021-01-02,SUMATERA UTARA,86,2,82,2,18319,15562,683,2074
2021-01-03,SUMATERA UTARA,89,0,84,5,18408,15646,683,2079
2021-01-04,SUMATERA UTARA,92,1,88,3,18500,15734,684,2082
2021-01-05,SUMATERA UTARA,86,2,83,1,18586,15817,686,2083
2021-01-06,SUMATERA UTARA,87,3,89,-5,18673,15906,689,2078
2021-01-07,SUMATERA UTARA,83,2,84,-3,18756,15990,691,2075
2021-01-08,SUMATERA UTARA,92,4,80,8,18848,16070,695,2083
2021-01-09,SUMATERA UTARA,89,1,91,-3,18937,16161,696,2080
2021-01-10,SUMATERA UTARA,90,1,86,3,19027,16247,697,2083
2021-01-11,SUMATERA UTARA,95,3,89,3,19122,16336,700,2086
2021-01-12,SUMATERA UTARA,90,1,95,-6,19212,16431,701,2080
2021-01-13,SUMATERA UTARA,96,4,91,1,19308,16522,705,2081
2021-01-14,SUMATERA UTARA,89,2,93,-6,19397,16615,707,2075
2021-01-15,SUMATERA UTARA,98,0,83,15,19495,16698,707,2090
2021-01-16,SUMATERA UTARA,74,1,83,-10,19569,16781,708,2080
2021-01-17,SUMATERA UTARA,78,3,89,-14,19647,16870,711,2066
2021-01-18,SUMATERA UTARA,74,4,85,-15,19721,16955,715,2051
2021-01-19,SUMATERA UTARA,78,1,86,-9,19799,17041,716,2042
2021-01-20,SUMATERA UTARA,80,2,90,-12,19879,17131,718,2030
2021-01-21,SUMATERA UTARA,83,1,80,2,19962,17211,719,2032
2021-01-22,SUMATERA UTARA,84,4,86,-6,20046,17297,723,2026
2021-01-23,SUMATERA UTARA,87,1,83,3,20133,17380,724,2029
2021-01-24,SUMATERA UTARA,88,2,81,5,20221,17461,726,2034
2021-01-25,SUMATERA UTARA,92,4,85,3,20313,17546,730,2037
2021-01-26,SUMATERA UTARA,90,2,89,-1,20403,17635,732,2036
2021-01-27,SUMATERA UTARA,93,3,90,0,20496,17725,735,2036
2021-01-28,SUMATERA UTARA,95,3,81,11,20591,17806,738,2047
2021-01-29,SUMATERA UTARA,91,2,89,0,20682,17895,740,2047
2021-01-30,SUMATERA UTARA,92,2,77,13,20774,17972,742,2060
2021-01-31,SUMATERA UTARA,91,1,88,2,20865,18060,743,2062
2021-02-01,SUMATERA UTARA,97,2,92,3,20962,18152,745,2065
2021-02-02,SUMATERA UTARA,136,3,101,32,21098,18253,748,2097
2021-02-03,SUMATERA UTARA,135,5,104,26,21233,18357,753,2123
2021-02-04,SUMATERA UTARA,126,3,112,11,21359,18469,756,2134
2021-02-05,SUMATERA UTARA,115,4,109,2,21474,18578,760,2136
2021-02-06,SUMATERA UTARA,99,2,107,-10,21573,18685,762,2126
2021-02-07,SUMATERA UTARA,169,0,140,29,21742,18825,762,2155
2021-02-08,SUMATERA UTARA,146,3,121,22,21888,18946,765,2177
2021-02-09,SUMATERA UTARA,174,2,138,34,22062,19084,767,2211
2021-02-10,SUMATERA UTARA,224,4,104,116,22286,19188,771,2327
2021-02-11,SUMATERA UTARA,131,2,113,16,22417,19301,773,2343
2021-02-12,SUMATERA UTARA,168,4,104,60,22585,19405,777,2403
2021-02-13,SUMATERA UTARA,154,0,105,49,22739,19510,777,2452
2021-02-14,SUMATERA UTARA,126,4,107,15,22865,19617,781,2467
2021-02-15,SUMATERA UTARA,134,5,117,12,22999,19734,786,2479
2021-02-16,SUMATERA UTARA,109,3,71,35,23108,19805,789,2514
2021-02-17,SUMATERA UTARA,128,5,174,-51,23236,19979,794,2463
2021-02-18,SUMATERA UTARA,99,4,149,-54,23335,20128,798,2409
2021-02-19,SUMATERA UTARA,127,5,115,7,23462,20243,803,2416
2021-02-20,SUMATERA UTARA,99,2,117,-20,23561,20360,805,2396
2021-02-21,SUMATERA UTARA,97,3,98,-4,23658,20458,808,2392
2021-02-22,SUMATERA UTARA,97,5,106,-14,23755,20564,813,2378
2021-02-23,SUMATERA UTARA,139,6,107,26,23894,20671,819,2404
2021-02-24,SUMATERA UTARA,122,1,100,21,24016,20771,820,2425
2021-02-25,SUMATERA UTARA,153,4,107,42,24169,20878,824,2467
2021-02-26,SUMATERA UTARA,130,5,116,9,24299,20994,829,2476
2021-02-27,SUMATERA UTARA,119,3,118,-2,24418,21112,832,2474
2021-02-28,SUMATERA UTARA,110,5,107,-2,24528,21219,837,2472
2021-03-01,SUMATERA UTARA,138,1,101,36,24666,21320,838,2508
2021-03-02,SUMATERA UTARA,129,3,108,18,24795,21428,841,2526
2021-03-03,SUMATERA UTARA,134,4,119,11,24929,21547,845,2537
2021-03-04,SUMATERA UTARA,136,2,116,18,25065,21663,847,2555
2021-03-05,SUMATERA UTARA,99,4,127,-32,25164,21790,851,2523
2021-03-06,SUMATERA UTARA,87,3,90,-6,25251,21880,854,2517
2021-03-07,SUMATERA UTARA,78,2,88,-12,25329,21968,856,2505
2021-03-08,SUMATERA UTARA,94,3,97,-6,25423,22065,859,2499
2021-03-09,SUMATERA UTARA,98,6,91,1,25521,22156,865,2500
2021-03-10,SUMATERA UTARA,90,0,86,4,25611,22242,865,2504
2021-03-11,SUMATERA UTARA,92,2,93,-3,25703,22335,867,2501
2021-03-12,SUMATERA UTARA,83,4,79,0,25786,22414,871,2501
2021-03-13,SUMATERA UTARA,91,2,86,3,25877,22500,873,2504
2021-03-14,SUMATERA UTARA,88,3,90,-5,25965,22590,876,2499
2021-03-15,SUMATERA UTARA,102,5,92,5,26067,22682,881,2504
2021-03-16,SUMATERA UTARA,79,2,85,-8,26146,22767,883,2496
2021-03-17,SUMATERA UTARA,88,5,92,-9,26234,22859,888,2487
2021-03-18,SUMATERA UTARA,87,1,85,1,26321,22944,889,2488
2021-03-19,SUMATERA UTARA,85,2,98,-15,26406,23042,891,2473
2021-03-20,SUMATERA UTARA,86,3,83,0,26492,23125,894,2473
2021-03-21,SUMATERA UTARA,53,3,60,-10,26545,23185,897,2463
2021-03-22,SUMATERA UTARA,85,2,81,2,26630,23266,899,2465
2021-03-23,SUMATERA UTARA,97,0,71,26,26727,23337,899,2491
2021-03-24,SUMATERA UTARA,91,1,74,16,26818,23411,900,2507
2021-03-25,SUMATERA UTARA,74,0,95,-21,26892,23506,900,2486
2021-03-26,SUMATERA UTARA,79,1,80,-2,26971,23586,901,2484
2021-03-27,SUMATERA UTARA,80,3,76,1,27051,23662,904,2485
2021-03-28,SUMATERA UTARA,69,2,86,-19,27120,23748,906,2466
2021-03-29,SUMATERA UTARA,74,1,78,-5,27194,23826,907,2461
2021-03-30,SUMATERA UTARA,69,2,73,-6,27263,23899,909,2455
2021-03-31,SUMATERA UTARA,95,3,92,0,27358,23991,912,2455
2021-04-01,SUMATERA UTARA,65,2,74,-11,27423,24065,914,2444
2021-04-02,SUMATERA UTARA,61,1,81,-21,27484,24146,915,2423
2021-04-03,SUMATERA UTARA,64,3,78,-17,27548,24224,918,2406
2021-04-04,SUMATERA UTARA,73,1,82,-10,27621,24306,919,2396
2021-04-05,SUMATERA UTARA,74,0,75,-1,27695,24381,919,2395
2021-04-06,SUMATERA UTARA,77,5,74,-2,27772,24455,924,2393
2021-04-07,SUMATERA UTARA,76,1,96,-21,27848,24551,925,2372
2021-04-08,SUMATERA UTARA,71,2,81,-12,27919,24632,927,2360
2021-04-09,SUMATERA UTARA,79,1,77,1,27998,24709,928,2361
2021-04-10,SUMATERA UTARA,78,2,84,-8,28076,24793,930,2353
2021-04-11,SUMATERA UTARA,75,2,73,0,28151,24866,932,2353
2021-04-12,SUMATERA UTARA,69,3,76,-10,28220,24942,935,2343
2021-04-13,SUMATERA UTARA,67,2,70,-5,28287,25012,937,2338
2021-04-14,SUMATERA UTARA,60,3,71,-14,28347,25083,940,2324
2021-04-15,SUMATERA UTARA,68,1,74,-7,28415,25157,941,2317
2021-04-16,SUMATERA UTARA,66,3,68,-5,28481,25225,944,2312
2021-04-17,SUMATERA UTARA,63,1,74,-12,28544,25299,945,2300
2021-04-18,SUMATERA UTARA,61,1,69,-9,28605,25368,946,2291
2021-04-19,SUMATERA UTARA,69,3,61,5,28674,25429,949,2296
2021-04-20,SUMATERA UTARA,67,2,67,-2,28741,25496,951,2294
2021-04-21,SUMATERA UTARA,68,1,60,7,28809,25556,952,2301
2021-04-22,SUMATERA UTARA,66,1,66,-1,28875,25622,953,2300
2021-04-23,SUMATERA UTARA,65,5,64,-4,28940,25686,958,2296
2021-04-24,SUMATERA UTARA,64,0,56,8,29004,25742,958,2304
2021-04-25,SUMATERA UTARA,62,4,65,-7,29066,25807,962,2297
2021-04-26,SUMATERA UTARA,69,1,60,8,29135,25867,963,2305
2021-04-27,SUMATERA UTARA,63,2,68,-7,29198,25935,965,2298
2021-04-28,SUMATERA UTARA,66,2,61,3,29264,25996,967,2301
2021-04-29,SUMATERA UTARA,67,1,58,8,29331,26054,968,2309
2021-04-30,SUMATERA UTARA,68,1,64,3,29399,26118,969,2312
2021-05-01,SUMATERA UTARA,59,4,56,-1,29458,26174,973,2311
2021-05-02,SUMATERA UTARA,64,2,59,3,29522,26233,975,2314
2021-05-03,SUMATERA UTARA,68,1,60,7,29590,26293,976,2321
2021-05-04,SUMATERA UTARA,63,0,65,-2,29653,26358,976,2319
2021-05-05,SUMATERA UTARA,71,2,64,5,29724,26422,978,2324
2021-05-06,SUMATERA UTARA,81,4,60,17,29805,26482,982,2341
2021-05-07,SUMATERA UTARA,95,1,76,18,29900,26558,983,2359
2021-05-08,SUMATERA UTARA,82,3,73,6,29982,26631,986,2365
2021-05-09,SUMATERA UTARA,76,2,75,-1,30058,26706,988,2364
2021-05-10,SUMATERA UTARA,89,4,80,5,30147,26786,992,2369
2021-05-11,SUMATERA UTARA,83,2,73,8,30230,26859,994,2377
2021-05-12,SUMATERA UTARA,78,3,77,-2,30308,26936,997,2375
2021-05-13,SUMATERA UTARA,82,1,70,11,30390,27006,998,2386
2021-05-14,SUMATERA UTARA,86,2,67,17,30476,27073,1000,2403
2021-05-15,SUMATERA UTARA,76,3,76,-3,30552,27149,1003,2400
2021-05-16,SUMATERA UTARA,80,4,73,3,30632,27222,1007,2403
2021-05-17,SUMATERA UTARA,91,2,64,25,30723,27286,1009,2428
2021-05-18,SUMATERA UTARA,95,2,101,-8,30818,27387,1011,2420
2021-05-19,SUMATERA UTARA,92,1,112,-21,30910,27499,1012,2399
2021-05-20,SUMATERA UTARA,98,1,83,14,31008,27582,1013,2413
2021-05-21,SUMATERA UTARA,97,4,109,-16,31105,27691,1017,2397
2021-05-22,SUMATERA UTARA,87,6,76,5,31192,27767,1023,2402
2021-05-23,SUMATERA UTARA,84,3,68,13,31276,27835,1026,2415
2021-05-24,SUMATERA UTARA,99,2,96,1,31375,27931,1028,2416
2021-05-25,SUMATERA UTARA,97,4,73,20,31472,28004,1032,2436
2021-05-26,SUMATERA UTARA,85,3,78,4,31557,28082,1035,2440
2021-05-27,SUMATERA UTARA,95,2,114,-21,31652,28196,1037,2419
2021-05-28,SUMATERA UTARA,89,3,77,9,31741,28273,1040,2428
2021-05-29,SUMATERA UTARA,82,5,81,-4,31823,28354,1045,2424
2021-05-30,SUMATERA UTARA,72,1,71,0,31895,28425,1046,2424
2021-05-31,SUMATERA UTARA,98,6,83,9,31993,28508,1052,2433
2021-06-01,SUMATERA UTARA,95,1,79,15,32088,28587,1053,2448
2021-06-02,SUMATERA UTARA,93,0,84,9,32181,28671,1053,2457
2021-06-03,SUMATERA UTARA,96,0,98,-2,32277,28769,1053,2455
2021-06-04,SUMATERA UTARA,97,5,76,16,32374,28845,1058,2471
2021-06-05,SUMATERA UTARA,80,7,77,-4,32454,28922,1065,2467
2021-06-06,SUMATERA UTARA,74,3,89,-18,32528,29011,1068,2449
2021-06-07,SUMATERA UTARA,99,6,96,-3,32627,29107,1074,2446
2021-06-08,SUMATERA UTARA,95,3,102,-10,32722,29209,1077,2436
2021-06-09,SUMATERA UTARA,93,5,88,0,32815,29297,1082,2436
2021-06-10,SUMATERA UTARA,211,4,87,120,33026,29384,1086,2556
2021-06-11,SUMATERA UTARA,115,6,103,6,33141,29487,1092,2562
2021-06-12,SUMATERA UTARA,99,3,92,4,33240,29579,1095,2566
2021-06-13,SUMATERA UTARA,73,7,97,-31,33313,29676,1102,2535
2021-06-14,SUMATERA UTARA,193,9,120,64,33506,29796,1111,2599
2021-06-15,SUMATERA UTARA,121,5,115,1,33627,29911,1116,2600
2021-06-16,SUMATERA UTARA,136,6,97,33,33763,30008,1122,2633
2021-06-17,SUMATERA UTARA,162,9,107,46,33925,30115,1131,2679
2021-06-18,SUMATERA UTARA,137,7,121,9,34062,30236,1138,2688
2021-06-19,SUMATERA UTARA,122,6,110,6,34184,30346,1144,2694
2021-06-20,SUMATERA UTARA,108,1,124,-17,34292,30470,1145,2677
2021-06-21,SUMATERA UTARA,280,3,139,138,34572,30609,1148,2815
2021-06-22,SUMATERA UTARA,298,10,183,105,34870,30792,1158,2920
2021-06-23,SUMATERA UTARA,146,6,170,-30,35016,30962,1164,2890
2021-06-24,SUMATERA UTARA,185,7,166,12,35201,31128,1171,2902
2021-06-25,SUMATERA UTARA,190,1,165,24,35391,31293,1172,2926
2021-06-26,SUMATERA UTARA,220,3,135,82,35611,31428,1175,3008
2021-06-27,SUMATERA UTARA,119,5,117,-3,35730,31545,1180,3005
2021-06-28,SUMATERA UTARA,208,3,174,31,35938,31719,1183,3036
2021-06-29,SUMATERA UTARA,146,2,260,-116,36084,31979,1185,2920
2021-06-30,SUMATERA UTARA,189,5,136,48,36273,32115,1190,2968
2021-07-01,SUMATERA UTARA,174,4,196,-26,36447,32311,1194,2942
2021-07-02,SUMATERA UTARA,119,3,137,-21,36566,32448,1197,2921
2021-07-03,SUMATERA UTARA,149,3,154,-8,36715,32602,1200,2913
2021-07-04,SUMATERA UTARA,132,5,127,0,36847,32729,1205,2913
2021-07-05,SUMATERA UTARA,136,4,136,-4,36983,32865,1209,2909
2021-07-06,SUMATERA UTARA,256,9,300,-53,37239,33165,1218,2856
2021-07-07,SUMATERA UTARA,190,2,142,46,37429,33307,1220,2902
2021-07-08,SUMATERA UTARA,275,6,199,70,37704,33506,1226,2972
2021-07-09,SUMATERA UTARA,336,5,241,90,38040,33747,1231,3062
2021-07-10,SUMATERA UTARA,284,6,161,117,38324,33908,1237,3179
2021-07-11,SUMATERA UTARA,282,5,149,128,38606,34057,1242,3307
2021-07-12,SUMATERA UTARA,344,11,163,170,38950,34220,1253,3477
2021-07-13,SUMATERA UTARA,810,10,202,598,39760,34422,1263,4075
2021-07-14,SUMATERA UTARA,896,12,165,719,40656,34587,1275,4794
2021-07-15,SUMATERA UTARA,1129,15,174,940,41785,34761,1290,5734
2021-07-16,SUMATERA UTARA,936,9,175,752,42721,34936,1299,6486
2021-07-17,SUMATERA UTARA,1004,12,207,785,43725,35143,1311,7271
2021-07-18,SUMATERA UTARA,814,14,217,583,44539,35360,1325,7854
2021-07-19,SUMATERA UTARA,611,8,202,401,45150,35562,1333,8255
2021-07-20,SUMATERA UTARA,903,19,178,706,46053,35740,1352,8961
2021-07-21,SUMATERA UTARA,951,4,200,747,47004,35940,1356,9708
2021-07-22,SUMATERA UTARA,1235,3,323,909,48239,36263,1359,10617
2021-07-23,SUMATERA UTARA,1521,3,397,1121,49760,36660,1362,11738
2021-07-24,SUMATERA UTARA,1276,2,659,615,51036,37319,1364,12353
2021-07-25,SUMATERA UTARA,1031,20,396,615,52067,37715,1384,12968
2021-07-26,SUMATERA UTARA,1028,9,511,508,53095,38226,1393,13476
2021-07-27,SUMATERA UTARA,1408,17,550,841,54503,38776,1410,14317
2021-07-28,SUMATERA UTARA,1588,23,535,1030,56091,39311,1433,15347
2021-07-29,SUMATERA UTARA,1588,13,409,1166,57679,39720,1446,16513
2021-07-30,SUMATERA UTARA,1425,14,418,993,59104,40138,1460,17506
2021-07-31,SUMATERA UTARA,1417,11,359,1047,60521,40497,1471,18553
2021-08-01,SUMATERA UTARA,1179,31,408,740,61700,40905,1502,19293
2021-08-02,SUMATERA UTARA,651,21,432,198,62351,41337,1523,19491
2021-08-03,SUMATERA UTARA,1434,14,538,882,63785,41875,1537,20373
2021-08-04,SUMATERA UTARA,1656,35,826,795,65441,42701,1572,21168
2021-08-05,SUMATERA UTARA,1556,15,837,704,66997,43538,1587,21872
2021-08-06,SUMATERA UTARA,2045,24,1005,1016,69042,44543,1611,22888
2021-08-07,SUMATERA UTARA,1405,23,416,966,70447,44959,1634,23854
2021-08-08,SUMATERA UTARA,1406,35,505,866,71853,45464,1669,24720
2021-08-09,SUMATERA UTARA,1035,28,666,341,72888,46130,1697,25061
2021-08-10,SUMATERA UTARA,1753,46,877,830,74641,47007,1743,25891
2021-08-11,SUMATERA UTARA,1472,37,683,752,76113,47690,1780,26643
2021-08-12,SUMATERA UTARA,1314,33,862,419,77427,48552,1813,27062
2021-08-13,SUMATERA UTARA,1284,40,1252,-8,78711,49804,1853,27054
2021-08-14,SUMATERA UTARA,1452,17,771,664,80163,50575,1870,27718
2021-08-15,SUMATERA UTARA,1246,40,541,665,81409,51116,1910,28383
2021-08-16,SUMATERA UTARA,821,33,950,-162,82230,52066,1943,28221
2021-08-17,SUMATERA UTARA,1172,11,1076,85,83402,53142,1954,28306
2021-08-18,SUMATERA UTARA,869,49,1502,-682,84271,54644,2003,27624
2021-08-19,SUMATERA UTARA,0,7,153,-160,84271,54797,2010,27464
2021-08-20,SUMATERA UTARA,2,0,0,2,84273,54797,2010,27466
2020-03-16,DAERAH ISTIMEWA YOGYAKARTA,1,0,0,1,1,0,0,1
2020-03-17,DAERAH ISTIMEWA YOGYAKARTA,0,0,0,0,1,0,0,1
2020-03-18,DAERAH ISTIMEWA YOGYAKARTA,0,0,0,0,1,0,0,1
2020-03-19,DAERAH ISTIMEWA YOGYAKARTA,0,0,0,0,1,0,0,1
2020-03-20,DAERAH ISTIMEWA YOGYAKARTA,1,0,1,0,2,1,0,1
2020-03-21,DAERAH ISTIMEWA YOGYAKARTA,0,0,0,0,2,1,0,1
2020-03-22,DAERAH ISTIMEWA YOGYAKARTA,0,0,0,0,2,1,0,1
2020-03-23,DAERAH ISTIMEWA YOGYAKARTA,0,1,0,-1,2,1,1,0
2020-03-24,DAERAH ISTIMEWA YOGYAKARTA,0,0,0,0,2,1,1,0
2020-03-25,DAERAH ISTIMEWA YOGYAKARTA,1,1,0,0,3,1,2,0
2020-03-26,DAERAH ISTIMEWA YOGYAKARTA,0,0,0,0,3,1,2,0
2020-03-27,DAERAH ISTIMEWA YOGYAKARTA,1,0,0,1,4,1,2,1
2020-03-28,DAERAH ISTIMEWA YOGYAKARTA,0,0,0,0,4,1,2,1
2020-03-29,DAERAH ISTIMEWA YOGYAKARTA,0,0,0,0,4,1,2,1
2020-03-30,DAERAH ISTIMEWA YOGYAKARTA,2,0,1,1,6,2,2,2
2020-03-31,DAERAH ISTIMEWA YOGYAKARTA,5,0,0,5,11,2,2,7
2020-04-01,DAERAH ISTIMEWA YOGYAKARTA,6,0,1,5,17,3,2,12
2020-04-02,DAERAH ISTIMEWA YOGYAKARTA,0,1,0,-1,17,3,3,11
2020-04-03,DAERAH ISTIMEWA YOGYAKARTA,0,0,0,0,17,3,3,11
2020-04-04,DAERAH ISTIMEWA YOGYAKARTA,5,0,0,5,22,3,3,16
2020-04-05,DAERAH ISTIMEWA YOGYAKARTA,1,0,0,1,23,3,3,17
2020-04-06,DAERAH ISTIMEWA YOGYAKARTA,3,0,1,2,26,4,3,19
2020-04-07,DAERAH ISTIMEWA YOGYAKARTA,1,0,0,1,27,4,3,20
2020-04-08,DAERAH ISTIMEWA YOGYAKARTA,4,3,3,-2,31,7,6,18
2020-04-09,DAERAH ISTIMEWA YOGYAKARTA,3,0,3,0,34,10,6,18
2020-04-10,DAERAH ISTIMEWA YOGYAKARTA,3,0,3,0,37,13,6,18
2020-04-11,DAERAH ISTIMEWA YOGYAKARTA,0,0,0,0,37,13,6,18
2020-04-12,DAERAH ISTIMEWA YOGYAKARTA,1,0,5,-4,38,18,6,14
2020-04-13,DAERAH ISTIMEWA YOGYAKARTA,16,0,0,16,54,18,6,30
2020-04-14,DAERAH ISTIMEWA YOGYAKARTA,5,0,4,1,59,22,6,31
2020-04-15,DAERAH ISTIMEWA YOGYAKARTA,1,0,0,1,60,22,6,32
2020-04-16,DAERAH ISTIMEWA YOGYAKARTA,1,0,0,1,61,22,6,33
2020-04-17,DAERAH ISTIMEWA YOGYAKARTA,1,1,3,-3,62,25,7,30
2020-04-18,DAERAH ISTIMEWA YOGYAKARTA,3,0,2,1,65,27,7,31
2020-04-19,DAERAH ISTIMEWA YOGYAKARTA,1,0,1,0,66,28,7,31
2020-04-20,DAERAH ISTIMEWA YOGYAKARTA,2,0,0,2,68,28,7,33
2020-04-21,DAERAH ISTIMEWA YOGYAKARTA,3,0,3,0,71,31,7,33
2020-04-22,DAERAH ISTIMEWA YOGYAKARTA,3,0,5,-2,74,36,7,31
2020-04-23,DAERAH ISTIMEWA YOGYAKARTA,1,0,1,0,75,37,7,31
2020-04-24,DAERAH ISTIMEWA YOGYAKARTA,1,0,0,1,76,37,7,32
2020-04-25,DAERAH ISTIMEWA YOGYAKARTA,2,0,0,2,78,37,7,34
2020-04-26,DAERAH ISTIMEWA YOGYAKARTA,3,0,0,3,81,37,7,37
2020-04-27,DAERAH ISTIMEWA YOGYAKARTA,1,0,2,-1,82,39,7,36
2020-04-28,DAERAH ISTIMEWA YOGYAKARTA,10,0,1,9,92,40,7,45
2020-04-29,DAERAH ISTIMEWA YOGYAKARTA,1,0,3,-2,93,43,7,43
2020-04-30,DAERAH ISTIMEWA YOGYAKARTA,1,0,0,1,94,43,7,44
2020-05-01,DAERAH ISTIMEWA YOGYAKARTA,9,0,5,4,103,48,7,48
2020-05-02,DAERAH ISTIMEWA YOGYAKARTA,10,0,0,10,113,48,7,58
2020-05-03,DAERAH ISTIMEWA YOGYAKARTA,1,0,0,1,114,48,7,59
2020-05-04,DAERAH ISTIMEWA YOGYAKARTA,0,0,4,-4,114,52,7,55
2020-05-05,DAERAH ISTIMEWA YOGYAKARTA,6,0,1,5,120,53,7,60
2020-05-06,DAERAH ISTIMEWA YOGYAKARTA,1,0,5,-4,121,58,7,56
2020-05-07,DAERAH ISTIMEWA YOGYAKARTA,15,0,1,14,136,59,7,70
2020-05-08,DAERAH ISTIMEWA YOGYAKARTA,6,0,0,6,142,59,7,76
2020-05-09,DAERAH ISTIMEWA YOGYAKARTA,3,0,2,1,145,61,7,77
2020-05-10,DAERAH ISTIMEWA YOGYAKARTA,7,0,0,7,152,61,7,84
2020-05-11,DAERAH ISTIMEWA YOGYAKARTA,6,1,6,-1,158,67,8,83
2020-05-12,DAERAH ISTIMEWA YOGYAKARTA,10,0,0,10,168,67,8,93
2020-05-13,DAERAH ISTIMEWA YOGYAKARTA,12,0,1,11,180,68,8,104
2020-05-14,DAERAH ISTIMEWA YOGYAKARTA,4,0,7,-3,184,75,8,101
2020-05-15,DAERAH ISTIMEWA YOGYAKARTA,3,0,12,-9,187,87,8,92
2020-05-16,DAERAH ISTIMEWA YOGYAKARTA,6,0,1,5,193,88,8,97
2020-05-17,DAERAH ISTIMEWA YOGYAKARTA,5,0,3,2,198,91,8,99
2020-05-18,DAERAH ISTIMEWA YOGYAKARTA,1,0,3,-2,199,94,8,97
2020-05-19,DAERAH ISTIMEWA YOGYAKARTA,7,0,12,-5,206,106,8,92
2020-05-20,DAERAH ISTIMEWA YOGYAKARTA,2,0,8,-6,208,114,8,86
2020-05-21,DAERAH ISTIMEWA YOGYAKARTA,6,0,7,-1,214,121,8,85
2020-05-22,DAERAH ISTIMEWA YOGYAKARTA,5,0,2,3,219,123,8,88
2020-05-23,DAERAH ISTIMEWA YOGYAKARTA,5,0,6,-1,224,129,8,87
2020-05-24,DAERAH ISTIMEWA YOGYAKARTA,1,0,4,-3,225,133,8,84
2020-05-25,DAERAH ISTIMEWA YOGYAKARTA,0,0,1,-1,225,134,8,83
2020-05-26,DAERAH ISTIMEWA YOGYAKARTA,0,0,4,-4,225,138,8,79
2020-05-27,DAERAH ISTIMEWA YOGYAKARTA,2,0,9,-7,227,147,8,72
2020-05-28,DAERAH ISTIMEWA YOGYAKARTA,0,0,8,-8,227,155,8,64
2020-05-29,DAERAH ISTIMEWA YOGYAKARTA,2,0,6,-4,229,161,8,60
2020-05-30,DAERAH ISTIMEWA YOGYAKARTA,3,0,1,2,232,162,8,62
2020-05-31,DAERAH ISTIMEWA YOGYAKARTA,3,0,7,-4,235,169,8,58
2020-06-01,DAERAH ISTIMEWA YOGYAKARTA,1,0,0,1,236,169,8,59
2020-06-02,DAERAH ISTIMEWA YOGYAKARTA,0,0,1,-1,236,170,8,58
2020-06-03,DAERAH ISTIMEWA YOGYAKARTA,0,0,1,-1,236,171,8,57
2020-06-04,DAERAH ISTIMEWA YOGYAKARTA,0,0,3,-3,236,174,8,54
2020-06-05,DAERAH ISTIMEWA YOGYAKARTA,1,0,6,-5,237,180,8,49
2020-06-06,DAERAH ISTIMEWA YOGYAKARTA,4,0,5,-1,241,185,8,48
2020-06-07,DAERAH ISTIMEWA YOGYAKARTA,2,0,2,0,243,187,8,48
2020-06-08,DAERAH ISTIMEWA YOGYAKARTA,3,0,7,-4,246,194,8,44
2020-06-09,DAERAH ISTIMEWA YOGYAKARTA,2,0,0,2,248,194,8,46
2020-06-10,DAERAH ISTIMEWA YOGYAKARTA,1,0,1,0,249,195,8,46
2020-06-11,DAERAH ISTIMEWA YOGYAKARTA,2,0,5,-3,251,200,8,43
2020-06-12,DAERAH ISTIMEWA YOGYAKARTA,10,0,5,5,261,205,8,48
2020-06-13,DAERAH ISTIMEWA YOGYAKARTA,2,0,6,-4,263,211,8,44
2020-06-14,DAERAH ISTIMEWA YOGYAKARTA,5,0,1,4,268,212,8,48
2020-06-15,DAERAH ISTIMEWA YOGYAKARTA,3,0,2,1,271,214,8,49
2020-06-16,DAERAH ISTIMEWA YOGYAKARTA,1,0,4,-3,272,218,8,46
2020-06-17,DAERAH ISTIMEWA YOGYAKARTA,3,0,2,1,275,220,8,47
2020-06-18,DAERAH ISTIMEWA YOGYAKARTA,0,0,7,-7,275,227,8,40
2020-06-19,DAERAH ISTIMEWA YOGYAKARTA,1,0,4,-3,276,231,8,37
2020-06-20,DAERAH ISTIMEWA YOGYAKARTA,8,0,0,8,284,231,8,45
2020-06-21,DAERAH ISTIMEWA YOGYAKARTA,3,0,7,-4,287,238,8,41
2020-06-22,DAERAH ISTIMEWA YOGYAKARTA,0,0,0,0,287,238,8,41
2020-06-23,DAERAH ISTIMEWA YOGYAKARTA,3,0,5,-2,290,243,8,39
2020-06-24,DAERAH ISTIMEWA YOGYAKARTA,1,0,13,-12,291,256,8,27
2020-06-25,DAERAH ISTIMEWA YOGYAKARTA,7,0,3,4,298,259,8,31
2020-06-26,DAERAH ISTIMEWA YOGYAKARTA,3,0,3,0,301,262,8,31
2020-06-27,DAERAH ISTIMEWA YOGYAKARTA,2,0,1,1,303,263,8,32
2020-06-28,DAERAH ISTIMEWA YOGYAKARTA,2,0,1,1,305,264,8,33
2020-06-29,DAERAH ISTIMEWA YOGYAKARTA,0,0,1,-1,305,265,8,32
2020-06-30,DAERAH ISTIMEWA YOGYAKARTA,7,0,1,6,312,266,8,38
2020-07-01,DAERAH ISTIMEWA YOGYAKARTA,1,0,3,-2,313,269,8,36
2020-07-02,DAERAH ISTIMEWA YOGYAKARTA,6,1,4,1,319,273,9,37
2020-07-03,DAERAH ISTIMEWA YOGYAKARTA,4,0,3,1,323,276,9,38
2020-07-04,DAERAH ISTIMEWA YOGYAKARTA,1,0,1,0,324,277,9,38
2020-07-05,DAERAH ISTIMEWA YOGYAKARTA,6,0,0,6,330,277,9,44
2020-07-06,DAERAH ISTIMEWA YOGYAKARTA,8,0,5,3,338,282,9,47
2020-07-07,DAERAH ISTIMEWA YOGYAKARTA,7,0,3,4,345,285,9,51
2020-07-08,DAERAH ISTIMEWA YOGYAKARTA,3,1,1,1,348,286,10,52
2020-07-09,DAERAH ISTIMEWA YOGYAKARTA,7,0,4,3,355,290,10,55
2020-07-10,DAERAH ISTIMEWA YOGYAKARTA,7,0,3,4,362,293,10,59
2020-07-11,DAERAH ISTIMEWA YOGYAKARTA,7,0,1,6,369,294,10,65
2020-07-12,DAERAH ISTIMEWA YOGYAKARTA,1,0,3,-2,370,297,10,63
2020-07-13,DAERAH ISTIMEWA YOGYAKARTA,8,0,8,0,378,305,10,63
2020-07-14,DAERAH ISTIMEWA YOGYAKARTA,8,1,5,2,386,310,11,65
2020-07-15,DAERAH ISTIMEWA YOGYAKARTA,9,0,3,6,395,313,11,71
2020-07-16,DAERAH ISTIMEWA YOGYAKARTA,8,0,0,8,403,313,11,79
2020-07-17,DAERAH ISTIMEWA YOGYAKARTA,4,0,2,2,407,315,11,81
2020-07-18,DAERAH ISTIMEWA YOGYAKARTA,8,0,8,0,415,323,11,81
2020-07-19,DAERAH ISTIMEWA YOGYAKARTA,15,1,0,14,430,323,12,95
2020-07-20,DAERAH ISTIMEWA YOGYAKARTA,6,1,3,2,436,326,13,97
2020-07-21,DAERAH ISTIMEWA YOGYAKARTA,28,1,3,24,464,329,14,121
2020-07-22,DAERAH ISTIMEWA YOGYAKARTA,21,2,1,18,485,330,16,139
2020-07-23,DAERAH ISTIMEWA YOGYAKARTA,10,0,4,6,495,334,16,145
2020-07-24,DAERAH ISTIMEWA YOGYAKARTA,23,1,6,16,518,340,17,161
2020-07-25,DAERAH ISTIMEWA YOGYAKARTA,17,1,6,10,535,346,18,171
2020-07-26,DAERAH ISTIMEWA YOGYAKARTA,7,1,0,6,542,346,19,177
2020-07-27,DAERAH ISTIMEWA YOGYAKARTA,15,0,4,11,557,350,19,188
2020-07-28,DAERAH ISTIMEWA YOGYAKARTA,14,1,5,8,571,355,20,196
2020-07-29,DAERAH ISTIMEWA YOGYAKARTA,15,0,12,3,586,367,20,199
2020-07-30,DAERAH ISTIMEWA YOGYAKARTA,23,0,14,9,609,381,20,208
2020-07-31,DAERAH ISTIMEWA YOGYAKARTA,64,0,17,47,673,398,20,255
2020-08-01,DAERAH ISTIMEWA YOGYAKARTA,67,1,11,55,740,409,21,310
2020-08-02,DAERAH ISTIMEWA YOGYAKARTA,19,0,10,9,759,419,21,319
2020-08-03,DAERAH ISTIMEWA YOGYAKARTA,12,0,13,-1,771,432,21,318
2020-08-04,DAERAH ISTIMEWA YOGYAKARTA,12,0,14,-2,783,446,21,316
2020-08-05,DAERAH ISTIMEWA YOGYAKARTA,17,0,29,-12,800,475,21,304
2020-08-06,DAERAH ISTIMEWA YOGYAKARTA,18,0,20,-2,818,495,21,302
2020-08-07,DAERAH ISTIMEWA YOGYAKARTA,19,0,29,-10,837,524,21,292
2020-08-08,DAERAH ISTIMEWA YOGYAKARTA,16,2,27,-13,853,551,23,279
2020-08-09,DAERAH ISTIMEWA YOGYAKARTA,8,1,18,-11,861,569,24,268
2020-08-10,DAERAH ISTIMEWA YOGYAKARTA,14,1,23,-10,875,592,25,258
2020-08-11,DAERAH ISTIMEWA YOGYAKARTA,4,0,16,-12,879,608,25,246
2020-08-12,DAERAH ISTIMEWA YOGYAKARTA,20,1,25,-6,899,633,26,240
2020-08-13,DAERAH ISTIMEWA YOGYAKARTA,11,0,13,-2,910,646,26,238
2020-08-14,DAERAH ISTIMEWA YOGYAKARTA,35,2,12,21,945,658,28,259
2020-08-15,DAERAH ISTIMEWA YOGYAKARTA,46,0,4,42,991,662,28,301
2020-08-16,DAERAH ISTIMEWA YOGYAKARTA,33,0,13,20,1024,675,28,321
2020-08-17,DAERAH ISTIMEWA YOGYAKARTA,16,0,7,9,1040,682,28,330
2020-08-18,DAERAH ISTIMEWA YOGYAKARTA,18,1,13,4,1058,695,29,334
2020-08-19,DAERAH ISTIMEWA YOGYAKARTA,31,0,18,13,1089,713,29,347
2020-08-20,DAERAH ISTIMEWA YOGYAKARTA,48,2,52,-6,1137,765,31,341
2020-08-21,DAERAH ISTIMEWA YOGYAKARTA,25,1,28,-4,1162,793,32,337
2020-08-22,DAERAH ISTIMEWA YOGYAKARTA,15,1,15,-1,1177,808,33,336
2020-08-23,DAERAH ISTIMEWA YOGYAKARTA,15,0,18,-3,1192,826,33,333
2020-08-24,DAERAH ISTIMEWA YOGYAKARTA,14,1,20,-7,1206,846,34,326
2020-08-25,DAERAH ISTIMEWA YOGYAKARTA,42,0,11,31,1248,857,34,357
2020-08-26,DAERAH ISTIMEWA YOGYAKARTA,16,2,35,-21,1264,892,36,336
2020-08-27,DAERAH ISTIMEWA YOGYAKARTA,42,0,31,11,1306,923,36,347
2020-08-28,DAERAH ISTIMEWA YOGYAKARTA,20,0,24,-4,1326,947,36,343
2020-08-29,DAERAH ISTIMEWA YOGYAKARTA,47,1,21,25,1373,968,37,368
2020-08-30,DAERAH ISTIMEWA YOGYAKARTA,24,0,8,16,1397,976,37,384
2020-08-31,DAERAH ISTIMEWA YOGYAKARTA,28,2,50,-24,1425,1026,39,360
2020-09-01,DAERAH ISTIMEWA YOGYAKARTA,20,0,10,10,1445,1036,39,370
2020-09-02,DAERAH ISTIMEWA YOGYAKARTA,29,2,25,2,1474,1061,41,372
2020-09-03,DAERAH ISTIMEWA YOGYAKARTA,33,2,14,17,1507,1075,43,389
2020-09-04,DAERAH ISTIMEWA YOGYAKARTA,18,1,21,-4,1525,1096,44,385
2020-09-05,DAERAH ISTIMEWA YOGYAKARTA,21,1,20,0,1546,1116,45,385
2020-09-06,DAERAH ISTIMEWA YOGYAKARTA,11,1,41,-31,1557,1157,46,354
2020-09-07,DAERAH ISTIMEWA YOGYAKARTA,14,0,32,-18,1571,1189,46,336
2020-09-08,DAERAH ISTIMEWA YOGYAKARTA,24,1,27,-4,1595,1216,47,332
2020-09-09,DAERAH ISTIMEWA YOGYAKARTA,50,1,52,-3,1645,1268,48,329
2020-09-10,DAERAH ISTIMEWA YOGYAKARTA,50,1,30,19,1695,1298,49,348
2020-09-11,DAERAH ISTIMEWA YOGYAKARTA,49,1,15,33,1744,1313,50,381
2020-09-12,DAERAH ISTIMEWA YOGYAKARTA,43,0,12,31,1787,1325,50,412
2020-09-13,DAERAH ISTIMEWA YOGYAKARTA,49,2,7,40,1836,1332,52,452
2020-09-14,DAERAH ISTIMEWA YOGYAKARTA,33,1,23,9,1869,1355,53,461
2020-09-15,DAERAH ISTIMEWA YOGYAKARTA,26,0,15,11,1895,1370,53,472
2020-09-16,DAERAH ISTIMEWA YOGYAKARTA,48,0,50,-2,1943,1420,53,470
2020-09-17,DAERAH ISTIMEWA YOGYAKARTA,41,0,20,21,1984,1440,53,491
2020-09-18,DAERAH ISTIMEWA YOGYAKARTA,53,0,31,22,2037,1471,53,513
2020-09-19,DAERAH ISTIMEWA YOGYAKARTA,74,1,20,53,2111,1491,54,566
2020-09-20,DAERAH ISTIMEWA YOGYAKARTA,70,4,15,51,2181,1506,58,617
2020-09-21,DAERAH ISTIMEWA YOGYAKARTA,64,2,37,25,2245,1543,60,642
2020-09-22,DAERAH ISTIMEWA YOGYAKARTA,67,0,35,32,2312,1578,60,674
2020-09-23,DAERAH ISTIMEWA YOGYAKARTA,63,1,56,6,2375,1634,61,680
2020-09-24,DAERAH ISTIMEWA YOGYAKARTA,22,3,18,1,2397,1652,64,681
2020-09-25,DAERAH ISTIMEWA YOGYAKARTA,61,0,25,36,2458,1677,64,717
2020-09-26,DAERAH ISTIMEWA YOGYAKARTA,41,0,40,1,2499,1717,64,718
2020-09-27,DAERAH ISTIMEWA YOGYAKARTA,20,1,26,-7,2519,1743,65,711
2020-09-28,DAERAH ISTIMEWA YOGYAKARTA,39,0,53,-14,2558,1796,65,697
2020-09-29,DAERAH ISTIMEWA YOGYAKARTA,49,2,59,-12,2607,1855,67,685
2020-09-30,DAERAH ISTIMEWA YOGYAKARTA,36,0,29,7,2643,1884,67,692
2020-10-01,DAERAH ISTIMEWA YOGYAKARTA,37,2,49,-14,2680,1933,69,678
2020-10-02,DAERAH ISTIMEWA YOGYAKARTA,20,4,23,-7,2700,1956,73,671
2020-10-03,DAERAH ISTIMEWA YOGYAKARTA,72,1,19,52,2772,1975,74,723
2020-10-04,DAERAH ISTIMEWA YOGYAKARTA,19,1,70,-52,2791,2045,75,671
2020-10-05,DAERAH ISTIMEWA YOGYAKARTA,22,0,76,-54,2813,2121,75,617
2020-10-06,DAERAH ISTIMEWA YOGYAKARTA,20,0,40,-20,2833,2161,75,597
2020-10-07,DAERAH ISTIMEWA YOGYAKARTA,20,0,20,0,2853,2181,75,597
2020-10-08,DAERAH ISTIMEWA YOGYAKARTA,51,1,9,41,2904,2190,76,638
2020-10-09,DAERAH ISTIMEWA YOGYAKARTA,56,2,31,23,2960,2221,78,661
2020-10-10,DAERAH ISTIMEWA YOGYAKARTA,69,0,13,56,3029,2234,78,717
2020-10-11,DAERAH ISTIMEWA YOGYAKARTA,35,1,37,-3,3064,2271,79,714
2020-10-12,DAERAH ISTIMEWA YOGYAKARTA,43,1,83,-41,3107,2354,80,673
2020-10-13,DAERAH ISTIMEWA YOGYAKARTA,38,1,39,-2,3145,2393,81,671
2020-10-14,DAERAH ISTIMEWA YOGYAKARTA,26,2,20,4,3171,2413,83,675
2020-10-15,DAERAH ISTIMEWA YOGYAKARTA,45,2,55,-12,3216,2468,85,663
2020-10-16,DAERAH ISTIMEWA YOGYAKARTA,45,0,32,13,3261,2500,85,676
2020-10-17,DAERAH ISTIMEWA YOGYAKARTA,24,0,48,-24,3285,2548,85,652
2020-10-18,DAERAH ISTIMEWA YOGYAKARTA,40,1,64,-25,3325,2612,86,627
2020-10-19,DAERAH ISTIMEWA YOGYAKARTA,18,0,75,-57,3343,2687,86,570
2020-10-20,DAERAH ISTIMEWA YOGYAKARTA,13,0,51,-38,3356,2738,86,532
2020-10-21,DAERAH ISTIMEWA YOGYAKARTA,33,2,20,11,3389,2758,88,543
2020-10-22,DAERAH ISTIMEWA YOGYAKARTA,45,0,19,26,3434,2777,88,569
2020-10-23,DAERAH ISTIMEWA YOGYAKARTA,28,0,25,3,3462,2802,88,572
2020-10-24,DAERAH ISTIMEWA YOGYAKARTA,44,0,36,8,3506,2838,88,580
2020-10-25,DAERAH ISTIMEWA YOGYAKARTA,44,0,68,-24,3550,2906,88,556
2020-10-26,DAERAH ISTIMEWA YOGYAKARTA,26,0,29,-3,3576,2935,88,553
2020-10-27,DAERAH ISTIMEWA YOGYAKARTA,41,1,32,8,3617,2967,89,561
2020-10-28,DAERAH ISTIMEWA YOGYAKARTA,45,1,41,3,3662,3008,90,564
2020-10-29,DAERAH ISTIMEWA YOGYAKARTA,82,1,51,30,3744,3059,91,594
2020-10-30,DAERAH ISTIMEWA YOGYAKARTA,59,1,60,-2,3803,3119,92,592
2020-10-31,DAERAH ISTIMEWA YOGYAKARTA,32,1,23,8,3835,3142,93,600
2020-11-01,DAERAH ISTIMEWA YOGYAKARTA,16,0,13,3,3851,3155,93,603
2020-11-02,DAERAH ISTIMEWA YOGYAKARTA,32,1,49,-18,3883,3204,94,585
2020-11-03,DAERAH ISTIMEWA YOGYAKARTA,49,1,22,26,3932,3226,95,611
2020-11-04,DAERAH ISTIMEWA YOGYAKARTA,40,2,47,-9,3972,3273,97,602
2020-11-05,DAERAH ISTIMEWA YOGYAKARTA,168,2,30,136,4140,3303,99,738
2020-11-06,DAERAH ISTIMEWA YOGYAKARTA,25,1,31,-7,4165,3334,100,731
2020-11-07,DAERAH ISTIMEWA YOGYAKARTA,38,2,48,-12,4203,3382,102,719
2020-11-08,DAERAH ISTIMEWA YOGYAKARTA,34,1,32,1,4237,3414,103,720
2020-11-09,DAERAH ISTIMEWA YOGYAKARTA,32,2,62,-32,4269,3476,105,688
2020-11-10,DAERAH ISTIMEWA YOGYAKARTA,21,1,19,1,4290,3495,106,689
2020-11-11,DAERAH ISTIMEWA YOGYAKARTA,30,1,44,-15,4320,3539,107,674
2020-11-12,DAERAH ISTIMEWA YOGYAKARTA,79,3,24,52,4399,3563,110,726
2020-11-13,DAERAH ISTIMEWA YOGYAKARTA,61,2,29,30,4460,3592,112,756
2020-11-14,DAERAH ISTIMEWA YOGYAKARTA,51,1,23,27,4511,3615,113,783
2020-11-15,DAERAH ISTIMEWA YOGYAKARTA,7,1,7,-1,4518,3622,114,782
2020-11-16,DAERAH ISTIMEWA YOGYAKARTA,67,0,15,52,4585,3637,114,834
2020-11-17,DAERAH ISTIMEWA YOGYAKARTA,90,1,30,59,4675,3667,115,893
2020-11-18,DAERAH ISTIMEWA YOGYAKARTA,153,2,41,110,4828,3708,117,1003
2020-11-19,DAERAH ISTIMEWA YOGYAKARTA,108,0,50,58,4936,3758,117,1061
2020-11-20,DAERAH ISTIMEWA YOGYAKARTA,68,2,59,7,5004,3817,119,1068
2020-11-21,DAERAH ISTIMEWA YOGYAKARTA,56,2,27,27,5060,3844,121,1095
2020-11-22,DAERAH ISTIMEWA YOGYAKARTA,77,4,9,64,5137,3853,125,1159
2020-11-23,DAERAH ISTIMEWA YOGYAKARTA,82,2,100,-20,5219,3953,127,1139
2020-11-24,DAERAH ISTIMEWA YOGYAKARTA,84,6,40,38,5303,3993,133,1177
2020-11-25,DAERAH ISTIMEWA YOGYAKARTA,150,3,143,4,5453,4136,136,1181
2020-11-26,DAERAH ISTIMEWA YOGYAKARTA,103,1,61,41,5556,4197,137,1222
2020-11-27,DAERAH ISTIMEWA YOGYAKARTA,89,3,30,56,5645,4227,140,1278
2020-11-28,DAERAH ISTIMEWA YOGYAKARTA,138,4,53,81,5783,4280,144,1359
2020-11-29,DAERAH ISTIMEWA YOGYAKARTA,139,1,51,87,5922,4331,145,1446
2020-11-30,DAERAH ISTIMEWA YOGYAKARTA,41,0,66,-25,5963,4397,145,1421
2020-12-01,DAERAH ISTIMEWA YOGYAKARTA,110,1,68,41,6073,4465,146,1462
2020-12-02,DAERAH ISTIMEWA YOGYAKARTA,122,1,30,91,6195,4495,147,1553
2020-12-03,DAERAH ISTIMEWA YOGYAKARTA,189,1,77,111,6384,4572,148,1664
2020-12-04,DAERAH ISTIMEWA YOGYAKARTA,181,0,76,105,6565,4648,148,1769
2020-12-05,DAERAH ISTIMEWA YOGYAKARTA,167,2,84,81,6732,4732,150,1850
2020-12-06,DAERAH ISTIMEWA YOGYAKARTA,224,2,83,139,6956,4815,152,1989
2020-12-07,DAERAH ISTIMEWA YOGYAKARTA,99,0,59,40,7055,4874,152,2029
2020-12-08,DAERAH ISTIMEWA YOGYAKARTA,168,1,69,98,7223,4943,153,2127
2020-12-09,DAERAH ISTIMEWA YOGYAKARTA,198,2,218,-22,7421,5161,155,2105
2020-12-10,DAERAH ISTIMEWA YOGYAKARTA,191,7,104,80,7612,5265,162,2185
2020-12-11,DAERAH ISTIMEWA YOGYAKARTA,157,3,116,38,7769,5381,165,2223
2020-12-12,DAERAH ISTIMEWA YOGYAKARTA,227,1,99,127,7996,5480,166,2350
2020-12-13,DAERAH ISTIMEWA YOGYAKARTA,151,2,130,19,8147,5610,168,2369
2020-12-14,DAERAH ISTIMEWA YOGYAKARTA,111,1,57,53,8258,5667,169,2422
2020-12-15,DAERAH ISTIMEWA YOGYAKARTA,160,3,107,50,8418,5774,172,2472
2020-12-16,DAERAH ISTIMEWA YOGYAKARTA,218,3,71,144,8636,5845,175,2616
2020-12-17,DAERAH ISTIMEWA YOGYAKARTA,224,2,60,162,8860,5905,177,2778
2020-12-18,DAERAH ISTIMEWA YOGYAKARTA,211,2,199,10,9071,6104,179,2788
2020-12-19,DAERAH ISTIMEWA YOGYAKARTA,216,3,74,139,9287,6178,182,2927
2020-12-20,DAERAH ISTIMEWA YOGYAKARTA,210,8,203,-1,9497,6381,190,2926
2020-12-21,DAERAH ISTIMEWA YOGYAKARTA,186,7,175,4,9683,6556,197,2930
2020-12-22,DAERAH ISTIMEWA YOGYAKARTA,242,8,45,189,9925,6601,205,3119
2020-12-23,DAERAH ISTIMEWA YOGYAKARTA,219,1,146,72,10144,6747,206,3191
2020-12-24,DAERAH ISTIMEWA YOGYAKARTA,253,7,164,82,10397,6911,213,3273
2020-12-25,DAERAH ISTIMEWA YOGYAKARTA,256,12,155,89,10653,7066,225,3362
2020-12-26,DAERAH ISTIMEWA YOGYAKARTA,274,6,100,168,10927,7166,231,3530
2020-12-27,DAERAH ISTIMEWA YOGYAKARTA,183,3,149,31,11110,7315,234,3561
2020-12-28,DAERAH ISTIMEWA YOGYAKARTA,210,4,107,99,11320,7422,238,3660
2020-12-29,DAERAH ISTIMEWA YOGYAKARTA,282,10,295,-23,11602,7717,248,3637
2020-12-30,DAERAH ISTIMEWA YOGYAKARTA,296,11,339,-54,11898,8056,259,3583
2020-12-31,DAERAH ISTIMEWA YOGYAKARTA,257,0,119,138,12155,8175,259,3721
2021-01-01,DAERAH ISTIMEWA YOGYAKARTA,233,13,113,107,12388,8288,272,3828
2021-01-02,DAERAH ISTIMEWA YOGYAKARTA,291,2,217,72,12679,8505,274,3900
2021-01-03,DAERAH ISTIMEWA YOGYAKARTA,218,13,221,-16,12897,8726,287,3884
2021-01-04,DAERAH ISTIMEWA YOGYAKARTA,146,3,133,10,13043,8859,290,3894
2021-01-05,DAERAH ISTIMEWA YOGYAKARTA,297,3,45,249,13340,8904,293,4143
2021-01-06,DAERAH ISTIMEWA YOGYAKARTA,272,4,290,-22,13612,9194,297,4121
2021-01-07,DAERAH ISTIMEWA YOGYAKARTA,355,4,180,171,13967,9374,301,4292
2021-01-08,DAERAH ISTIMEWA YOGYAKARTA,379,7,147,225,14346,9521,308,4517
2021-01-09,DAERAH ISTIMEWA YOGYAKARTA,301,7,136,158,14647,9657,315,4675
2021-01-10,DAERAH ISTIMEWA YOGYAKARTA,282,9,234,39,14929,9891,324,4714
2021-01-11,DAERAH ISTIMEWA YOGYAKARTA,285,9,200,76,15214,10091,333,4790
2021-01-12,DAERAH ISTIMEWA YOGYAKARTA,268,3,150,115,15482,10241,336,4905
2021-01-13,DAERAH ISTIMEWA YOGYAKARTA,319,5,178,136,15801,10419,341,5041
2021-01-14,DAERAH ISTIMEWA YOGYAKARTA,291,8,128,155,16092,10547,349,5196
2021-01-15,DAERAH ISTIMEWA YOGYAKARTA,262,18,248,-4,16354,10795,367,5192
2021-01-16,DAERAH ISTIMEWA YOGYAKARTA,302,12,298,-8,16656,11093,379,5184
2021-01-17,DAERAH ISTIMEWA YOGYAKARTA,277,9,173,95,16933,11266,388,5279
2021-01-18,DAERAH ISTIMEWA YOGYAKARTA,295,6,287,2,17228,11553,394,5281
2021-01-19,DAERAH ISTIMEWA YOGYAKARTA,287,1,107,179,17515,11660,395,5460
2021-01-20,DAERAH ISTIMEWA YOGYAKARTA,287,13,188,86,17802,11848,408,5546
2021-01-21,DAERAH ISTIMEWA YOGYAKARTA,456,9,207,240,18258,12055,417,5786
2021-01-22,DAERAH ISTIMEWA YOGYAKARTA,478,5,374,99,18736,12429,422,5885
2021-01-23,DAERAH ISTIMEWA YOGYAKARTA,473,8,117,348,19209,12546,430,6233
2021-01-24,DAERAH ISTIMEWA YOGYAKARTA,210,9,186,15,19419,12732,439,6248
2021-01-25,DAERAH ISTIMEWA YOGYAKARTA,310,15,408,-113,19729,13140,454,6135
2021-01-26,DAERAH ISTIMEWA YOGYAKARTA,325,6,311,8,20054,13451,460,6143
2021-01-27,DAERAH ISTIMEWA YOGYAKARTA,427,15,383,29,20481,13834,475,6172
2021-01-28,DAERAH ISTIMEWA YOGYAKARTA,359,9,383,-33,20840,14217,484,6139
2021-01-29,DAERAH ISTIMEWA YOGYAKARTA,414,3,210,201,21254,14427,487,6340
2021-01-30,DAERAH ISTIMEWA YOGYAKARTA,317,7,262,48,21571,14689,494,6388
2021-01-31,DAERAH ISTIMEWA YOGYAKARTA,254,14,409,-169,21825,15098,508,6219
2021-02-01,DAERAH ISTIMEWA YOGYAKARTA,222,7,260,-45,22047,15358,515,6174
2021-02-02,DAERAH ISTIMEWA YOGYAKARTA,226,6,271,-51,22273,15629,521,6123
2021-02-03,DAERAH ISTIMEWA YOGYAKARTA,312,4,312,-4,22585,15941,525,6119
2021-02-04,DAERAH ISTIMEWA YOGYAKARTA,321,6,229,86,22906,16170,531,6205
2021-02-05,DAERAH ISTIMEWA YOGYAKARTA,280,2,164,114,23186,16334,533,6319
2021-02-06,DAERAH ISTIMEWA YOGYAKARTA,217,4,266,-53,23403,16600,537,6266
2021-02-07,DAERAH ISTIMEWA YOGYAKARTA,145,3,215,-73,23548,16815,540,6193
2021-02-08,DAERAH ISTIMEWA YOGYAKARTA,206,13,255,-62,23754,17070,553,6131
2021-02-09,DAERAH ISTIMEWA YOGYAKARTA,228,4,328,-104,23982,17398,557,6027
2021-02-10,DAERAH ISTIMEWA YOGYAKARTA,291,7,257,27,24273,17655,564,6054
2021-02-11,DAERAH ISTIMEWA YOGYAKARTA,261,3,259,-1,24534,17914,567,6053
2021-02-12,DAERAH ISTIMEWA YOGYAKARTA,278,11,175,92,24812,18089,578,6145
2021-02-13,DAERAH ISTIMEWA YOGYAKARTA,113,9,370,-266,24925,18459,587,5879
2021-02-14,DAERAH ISTIMEWA YOGYAKARTA,108,9,247,-148,25033,18706,596,5731
2021-02-15,DAERAH ISTIMEWA YOGYAKARTA,135,5,139,-9,25168,18845,601,5722
2021-02-16,DAERAH ISTIMEWA YOGYAKARTA,165,5,262,-102,25333,19107,606,5620
2021-02-17,DAERAH ISTIMEWA YOGYAKARTA,229,3,227,-1,25562,19334,609,5619
2021-02-18,DAERAH ISTIMEWA YOGYAKARTA,255,11,118,126,25817,19452,620,5745
2021-02-19,DAERAH ISTIMEWA YOGYAKARTA,263,4,259,0,26080,19711,624,5745
2021-02-20,DAERAH ISTIMEWA YOGYAKARTA,201,5,128,68,26281,19839,629,5813
2021-02-21,DAERAH ISTIMEWA YOGYAKARTA,175,8,257,-90,26456,20096,637,5723
2021-02-22,DAERAH ISTIMEWA YOGYAKARTA,138,7,227,-96,26594,20323,644,5627
2021-02-23,DAERAH ISTIMEWA YOGYAKARTA,228,10,242,-24,26822,20565,654,5603
2021-02-24,DAERAH ISTIMEWA YOGYAKARTA,201,6,253,-58,27023,20818,660,5545
2021-02-25,DAERAH ISTIMEWA YOGYAKARTA,228,3,256,-31,27251,21074,663,5514
2021-02-26,DAERAH ISTIMEWA YOGYAKARTA,174,4,223,-53,27425,21297,667,5461
2021-02-27,DAERAH ISTIMEWA YOGYAKARTA,228,7,218,3,27653,21515,674,5464
2021-02-28,DAERAH ISTIMEWA YOGYAKARTA,170,4,259,-93,27823,21774,678,5371
2021-03-01,DAERAH ISTIMEWA YOGYAKARTA,144,4,274,-134,27967,22048,682,5237
2021-03-02,DAERAH ISTIMEWA YOGYAKARTA,150,4,266,-120,28117,22314,686,5117
2021-03-03,DAERAH ISTIMEWA YOGYAKARTA,229,7,160,62,28346,22474,693,5179
2021-03-04,DAERAH ISTIMEWA YOGYAKARTA,228,5,280,-57,28574,22754,698,5122
2021-03-05,DAERAH ISTIMEWA YOGYAKARTA,175,0,95,80,28749,22849,698,5202
2021-03-06,DAERAH ISTIMEWA YOGYAKARTA,89,5,249,-165,28838,23098,703,5037
2021-03-07,DAERAH ISTIMEWA YOGYAKARTA,149,4,105,40,28987,23203,707,5077
2021-03-08,DAERAH ISTIMEWA YOGYAKARTA,167,6,161,0,29154,23364,713,5077
2021-03-09,DAERAH ISTIMEWA YOGYAKARTA,176,2,190,-16,29330,23554,715,5061
2021-03-10,DAERAH ISTIMEWA YOGYAKARTA,178,6,141,31,29508,23695,721,5092
2021-03-11,DAERAH ISTIMEWA YOGYAKARTA,128,1,295,-168,29636,23990,722,4924
2021-03-12,DAERAH ISTIMEWA YOGYAKARTA,203,0,170,33,29839,24160,722,4957
2021-03-13,DAERAH ISTIMEWA YOGYAKARTA,188,3,259,-74,30027,24419,725,4883
2021-03-14,DAERAH ISTIMEWA YOGYAKARTA,90,4,266,-180,30117,24685,729,4703
2021-03-15,DAERAH ISTIMEWA YOGYAKARTA,140,3,151,-14,30257,24836,732,4689
2021-03-16,DAERAH ISTIMEWA YOGYAKARTA,170,6,211,-47,30427,25047,738,4642
2021-03-17,DAERAH ISTIMEWA YOGYAKARTA,270,1,74,195,30697,25121,739,4837
2021-03-18,DAERAH ISTIMEWA YOGYAKARTA,257,6,125,126,30954,25246,745,4963
2021-03-19,DAERAH ISTIMEWA YOGYAKARTA,161,3,200,-42,31115,25446,748,4921
2021-03-20,DAERAH ISTIMEWA YOGYAKARTA,242,5,100,137,31357,25546,753,5058
2021-03-21,DAERAH ISTIMEWA YOGYAKARTA,95,4,60,31,31452,25606,757,5089
2021-03-22,DAERAH ISTIMEWA YOGYAKARTA,143,4,174,-35,31595,25780,761,5054
2021-03-23,DAERAH ISTIMEWA YOGYAKARTA,205,3,220,-18,31800,26000,764,5036
2021-03-24,DAERAH ISTIMEWA YOGYAKARTA,254,4,150,100,32054,26150,768,5136
2021-03-25,DAERAH ISTIMEWA YOGYAKARTA,258,1,193,64,32312,26343,769,5200
2021-03-26,DAERAH ISTIMEWA YOGYAKARTA,232,8,140,84,32544,26483,777,5284
2021-03-27,DAERAH ISTIMEWA YOGYAKARTA,140,11,200,-71,32684,26683,788,5213
2021-03-28,DAERAH ISTIMEWA YOGYAKARTA,127,6,179,-58,32811,26862,794,5155
2021-03-29,DAERAH ISTIMEWA YOGYAKARTA,106,6,172,-72,32917,27034,800,5083
2021-03-30,DAERAH ISTIMEWA YOGYAKARTA,283,5,238,40,33200,27272,805,5123
2021-03-31,DAERAH ISTIMEWA YOGYAKARTA,272,4,231,37,33472,27503,809,5160
2021-04-01,DAERAH ISTIMEWA YOGYAKARTA,176,5,280,-109,33648,27783,814,5051
2021-04-02,DAERAH ISTIMEWA YOGYAKARTA,254,3,165,86,33902,27948,817,5137
2021-04-03,DAERAH ISTIMEWA YOGYAKARTA,118,7,231,-120,34020,28179,824,5017
2021-04-04,DAERAH ISTIMEWA YOGYAKARTA,123,2,183,-62,34143,28362,826,4955
2021-04-05,DAERAH ISTIMEWA YOGYAKARTA,135,1,227,-93,34278,28589,827,4862
2021-04-06,DAERAH ISTIMEWA YOGYAKARTA,233,7,207,19,34511,28796,834,4881
2021-04-07,DAERAH ISTIMEWA YOGYAKARTA,272,1,200,71,34783,28996,835,4952
2021-04-08,DAERAH ISTIMEWA YOGYAKARTA,220,5,210,5,35003,29206,840,4957
2021-04-09,DAERAH ISTIMEWA YOGYAKARTA,222,6,151,65,35225,29357,846,5022
2021-04-10,DAERAH ISTIMEWA YOGYAKARTA,230,7,177,46,35455,29534,853,5068
2021-04-11,DAERAH ISTIMEWA YOGYAKARTA,130,6,203,-79,35585,29737,859,4989
2021-04-12,DAERAH ISTIMEWA YOGYAKARTA,131,3,265,-137,35716,30002,862,4852
2021-04-13,DAERAH ISTIMEWA YOGYAKARTA,232,7,231,-6,35948,30233,869,4846
2021-04-14,DAERAH ISTIMEWA YOGYAKARTA,292,5,290,-3,36240,30523,874,4843
2021-04-15,DAERAH ISTIMEWA YOGYAKARTA,221,5,267,-51,36461,30790,879,4792
2021-04-16,DAERAH ISTIMEWA YOGYAKARTA,218,6,201,11,36679,30991,885,4803
2021-04-17,DAERAH ISTIMEWA YOGYAKARTA,158,9,281,-132,36837,31272,894,4671
2021-04-18,DAERAH ISTIMEWA YOGYAKARTA,143,6,225,-88,36980,31497,900,4583
2021-04-19,DAERAH ISTIMEWA YOGYAKARTA,170,6,168,-4,37150,31665,906,4579
2021-04-20,DAERAH ISTIMEWA YOGYAKARTA,210,4,243,-37,37360,31908,910,4542
2021-04-21,DAERAH ISTIMEWA YOGYAKARTA,229,9,242,-22,37589,32150,919,4520
2021-04-22,DAERAH ISTIMEWA YOGYAKARTA,257,8,274,-25,37846,32424,927,4495
2021-04-23,DAERAH ISTIMEWA YOGYAKARTA,137,5,260,-128,37983,32684,932,4367
2021-04-24,DAERAH ISTIMEWA YOGYAKARTA,149,4,262,-117,38132,32946,936,4250
2021-04-25,DAERAH ISTIMEWA YOGYAKARTA,223,5,251,-33,38355,33197,941,4217
2021-04-26,DAERAH ISTIMEWA YOGYAKARTA,184,2,225,-43,38539,33422,943,4174
2021-04-27,DAERAH ISTIMEWA YOGYAKARTA,164,5,212,-53,38703,33634,948,4121
2021-04-28,DAERAH ISTIMEWA YOGYAKARTA,292,5,200,87,38995,33834,953,4208
2021-04-29,DAERAH ISTIMEWA YOGYAKARTA,259,2,313,-56,39254,34147,955,4152
2021-04-30,DAERAH ISTIMEWA YOGYAKARTA,262,1,257,4,39516,34404,956,4156
2021-05-01,DAERAH ISTIMEWA YOGYAKARTA,128,4,330,-206,39644,34734,960,3950
2021-05-02,DAERAH ISTIMEWA YOGYAKARTA,180,5,308,-133,39824,35042,965,3817
2021-05-03,DAERAH ISTIMEWA YOGYAKARTA,157,5,332,-180,39981,35374,970,3637
2021-05-04,DAERAH ISTIMEWA YOGYAKARTA,159,11,254,-106,40140,35628,981,3531
2021-05-05,DAERAH ISTIMEWA YOGYAKARTA,232,6,261,-35,40372,35889,987,3496
2021-05-06,DAERAH ISTIMEWA YOGYAKARTA,229,5,319,-95,40601,36208,992,3401
2021-05-07,DAERAH ISTIMEWA YOGYAKARTA,184,11,271,-98,40785,36479,1003,3303
2021-05-08,DAERAH ISTIMEWA YOGYAKARTA,137,10,261,-134,40922,36740,1013,3169
2021-05-09,DAERAH ISTIMEWA YOGYAKARTA,140,10,202,-72,41062,36942,1023,3097
2021-05-10,DAERAH ISTIMEWA YOGYAKARTA,142,5,215,-78,41204,37157,1028,3019
2021-05-11,DAERAH ISTIMEWA YOGYAKARTA,154,5,307,-158,41358,37464,1033,2861
2021-05-12,DAERAH ISTIMEWA YOGYAKARTA,217,8,232,-23,41575,37696,1041,2838
2021-05-13,DAERAH ISTIMEWA YOGYAKARTA,105,4,240,-139,41680,37936,1045,2699
2021-05-14,DAERAH ISTIMEWA YOGYAKARTA,97,13,165,-81,41777,38101,1058,2618
2021-05-15,DAERAH ISTIMEWA YOGYAKARTA,94,5,266,-177,41871,38367,1063,2441
2021-05-16,DAERAH ISTIMEWA YOGYAKARTA,135,5,158,-28,42006,38525,1068,2413
2021-05-17,DAERAH ISTIMEWA YOGYAKARTA,136,8,170,-42,42142,38695,1076,2371
2021-05-18,DAERAH ISTIMEWA YOGYAKARTA,155,3,212,-60,42297,38907,1079,2311
2021-05-19,DAERAH ISTIMEWA YOGYAKARTA,227,10,190,27,42524,39097,1089,2338
2021-05-20,DAERAH ISTIMEWA YOGYAKARTA,269,10,225,34,42793,39322,1099,2372
2021-05-21,DAERAH ISTIMEWA YOGYAKARTA,198,10,263,-75,42991,39585,1109,2297
2021-05-22,DAERAH ISTIMEWA YOGYAKARTA,138,6,212,-80,43129,39797,1115,2217
2021-05-23,DAERAH ISTIMEWA YOGYAKARTA,152,6,185,-39,43281,39982,1121,2178
2021-05-24,DAERAH ISTIMEWA YOGYAKARTA,149,7,200,-58,43430,40182,1128,2120
2021-05-25,DAERAH ISTIMEWA YOGYAKARTA,215,10,191,14,43645,40373,1138,2134
2021-05-26,DAERAH ISTIMEWA YOGYAKARTA,190,6,191,-7,43835,40564,1144,2127
2021-05-27,DAERAH ISTIMEWA YOGYAKARTA,186,7,204,-25,44021,40768,1151,2102
2021-05-28,DAERAH ISTIMEWA YOGYAKARTA,180,4,195,-19,44201,40963,1155,2083
2021-05-29,DAERAH ISTIMEWA YOGYAKARTA,211,9,169,33,44412,41132,1164,2116
2021-05-30,DAERAH ISTIMEWA YOGYAKARTA,176,12,167,-3,44588,41299,1176,2113
2021-05-31,DAERAH ISTIMEWA YOGYAKARTA,158,7,141,10,44746,41440,1183,2123
2021-06-01,DAERAH ISTIMEWA YOGYAKARTA,219,9,178,32,44965,41618,1192,2155
2021-06-02,DAERAH ISTIMEWA YOGYAKARTA,268,4,129,135,45233,41747,1196,2290
2021-06-03,DAERAH ISTIMEWA YOGYAKARTA,206,7,145,54,45439,41892,1203,2344
2021-06-04,DAERAH ISTIMEWA YOGYAKARTA,299,5,161,133,45738,42053,1208,2477
2021-06-05,DAERAH ISTIMEWA YOGYAKARTA,150,6,107,37,45888,42160,1214,2514
2021-06-06,DAERAH ISTIMEWA YOGYAKARTA,295,5,211,79,46183,42371,1219,2593
2021-06-07,DAERAH ISTIMEWA YOGYAKARTA,253,5,207,41,46436,42578,1224,2634
2021-06-08,DAERAH ISTIMEWA YOGYAKARTA,237,8,200,29,46673,42778,1232,2663
2021-06-09,DAERAH ISTIMEWA YOGYAKARTA,304,7,210,87,46977,42988,1239,2750
2021-06-10,DAERAH ISTIMEWA YOGYAKARTA,455,9,233,213,47432,43221,1248,2963
2021-06-11,DAERAH ISTIMEWA YOGYAKARTA,417,9,217,191,47849,43438,1257,3154
2021-06-12,DAERAH ISTIMEWA YOGYAKARTA,436,10,210,216,48285,43648,1267,3370
2021-06-13,DAERAH ISTIMEWA YOGYAKARTA,466,8,226,232,48751,43874,1275,3602
2021-06-14,DAERAH ISTIMEWA YOGYAKARTA,428,5,208,215,49179,44082,1280,3817
2021-06-15,DAERAH ISTIMEWA YOGYAKARTA,438,17,211,210,49617,44293,1297,4027
2021-06-16,DAERAH ISTIMEWA YOGYAKARTA,534,15,278,241,50151,44571,1312,4268
2021-06-17,DAERAH ISTIMEWA YOGYAKARTA,595,18,270,307,50746,44841,1330,4575
2021-06-18,DAERAH ISTIMEWA YOGYAKARTA,592,12,237,343,51338,45078,1342,4918
2021-06-19,DAERAH ISTIMEWA YOGYAKARTA,638,10,275,353,51976,45353,1352,5271
2021-06-20,DAERAH ISTIMEWA YOGYAKARTA,665,15,280,370,52641,45633,1367,5641
2021-06-21,DAERAH ISTIMEWA YOGYAKARTA,662,12,218,432,53303,45851,1379,6073
2021-06-22,DAERAH ISTIMEWA YOGYAKARTA,675,15,260,400,53978,46111,1394,6473
2021-06-23,DAERAH ISTIMEWA YOGYAKARTA,694,17,273,404,54672,46384,1411,6877
2021-06-24,DAERAH ISTIMEWA YOGYAKARTA,791,11,258,522,55463,46642,1422,7399
2021-06-25,DAERAH ISTIMEWA YOGYAKARTA,783,16,277,490,56246,46919,1438,7889
2021-06-26,DAERAH ISTIMEWA YOGYAKARTA,782,22,233,527,57028,47152,1460,8416
2021-06-27,DAERAH ISTIMEWA YOGYAKARTA,831,19,308,504,57859,47460,1479,8920
2021-06-28,DAERAH ISTIMEWA YOGYAKARTA,859,32,330,497,58718,47790,1511,9417
2021-06-29,DAERAH ISTIMEWA YOGYAKARTA,850,18,390,442,59568,48180,1529,9859
2021-06-30,DAERAH ISTIMEWA YOGYAKARTA,892,30,351,511,60460,48531,1559,10370
2021-07-01,DAERAH ISTIMEWA YOGYAKARTA,895,37,365,493,61355,48896,1596,10863
2021-07-02,DAERAH ISTIMEWA YOGYAKARTA,922,24,353,545,62277,49249,1620,11408
2021-07-03,DAERAH ISTIMEWA YOGYAKARTA,1358,36,424,898,63635,49673,1656,12306
2021-07-04,DAERAH ISTIMEWA YOGYAKARTA,1615,38,524,1053,65250,50197,1694,13359
2021-07-05,DAERAH ISTIMEWA YOGYAKARTA,1465,32,623,810,66715,50820,1726,14169
2021-07-06,DAERAH ISTIMEWA YOGYAKARTA,1386,52,779,555,68101,51599,1778,14724
2021-07-07,DAERAH ISTIMEWA YOGYAKARTA,1370,32,800,538,69471,52399,1810,15262
2021-07-08,DAERAH ISTIMEWA YOGYAKARTA,1424,38,918,468,70895,53317,1848,15730
2021-07-09,DAERAH ISTIMEWA YOGYAKARTA,1665,44,902,719,72560,54219,1892,16449
2021-07-10,DAERAH ISTIMEWA YOGYAKARTA,1809,37,718,1054,74369,54937,1929,17503
2021-07-11,DAERAH ISTIMEWA YOGYAKARTA,1895,50,710,1135,76264,55647,1979,18638
2021-07-12,DAERAH ISTIMEWA YOGYAKARTA,1731,47,782,902,77995,56429,2026,19540
2021-07-13,DAERAH ISTIMEWA YOGYAKARTA,2731,39,842,1850,80726,57271,2065,21390
2021-07-14,DAERAH ISTIMEWA YOGYAKARTA,2350,66,1044,1240,83076,58315,2131,22630
2021-07-15,DAERAH ISTIMEWA YOGYAKARTA,2706,54,1027,1625,85782,59342,2185,24255
2021-07-16,DAERAH ISTIMEWA YOGYAKARTA,1661,65,1235,361,87443,60577,2250,24616
2021-07-17,DAERAH ISTIMEWA YOGYAKARTA,2522,85,1069,1368,89965,61646,2335,25984
2021-07-18,DAERAH ISTIMEWA YOGYAKARTA,2119,48,779,1292,92084,62425,2383,27276
2021-07-19,DAERAH ISTIMEWA YOGYAKARTA,1992,53,1333,606,94076,63758,2436,27882
2021-07-20,DAERAH ISTIMEWA YOGYAKARTA,1872,69,1152,651,95948,64910,2505,28533
2021-07-21,DAERAH ISTIMEWA YOGYAKARTA,1648,87,1038,523,97596,65948,2592,29056
2021-07-22,DAERAH ISTIMEWA YOGYAKARTA,1978,88,1033,857,99574,66981,2680,29913
2021-07-23,DAERAH ISTIMEWA YOGYAKARTA,1431,97,976,358,101005,67957,2777,30271
2021-07-24,DAERAH ISTIMEWA YOGYAKARTA,1628,87,1093,448,102633,69050,2864,30719
2021-07-25,DAERAH ISTIMEWA YOGYAKARTA,2145,59,1115,971,104778,70165,2923,31690
2021-07-26,DAERAH ISTIMEWA YOGYAKARTA,2667,77,1017,1573,107445,71182,3000,33263
2021-07-27,DAERAH ISTIMEWA YOGYAKARTA,2732,104,1125,1503,110177,72307,3104,34766
2021-07-28,DAERAH ISTIMEWA YOGYAKARTA,2282,67,1242,973,112459,73549,3171,35739
2021-07-29,DAERAH ISTIMEWA YOGYAKARTA,1920,58,1110,752,114379,74659,3229,36491
2021-07-30,DAERAH ISTIMEWA YOGYAKARTA,1932,93,1811,28,116311,76470,3322,36519
2021-07-31,DAERAH ISTIMEWA YOGYAKARTA,1522,76,1297,149,117833,77767,3398,36668
2021-08-01,DAERAH ISTIMEWA YOGYAKARTA,1303,58,889,356,119136,78656,3456,37024
2021-08-02,DAERAH ISTIMEWA YOGYAKARTA,1566,46,1508,12,120702,80164,3502,37036
2021-08-03,DAERAH ISTIMEWA YOGYAKARTA,1445,85,1007,353,122147,81171,3587,37389
2021-08-04,DAERAH ISTIMEWA YOGYAKARTA,1862,44,1125,693,124009,82296,3631,38082
2021-08-05,DAERAH ISTIMEWA YOGYAKARTA,1461,59,1137,265,125470,83433,3690,38347
2021-08-06,DAERAH ISTIMEWA YOGYAKARTA,1639,72,2090,-523,127109,85523,3762,37824
2021-08-07,DAERAH ISTIMEWA YOGYAKARTA,1378,83,2116,-821,128487,87639,3845,37003
2021-08-08,DAERAH ISTIMEWA YOGYAKARTA,1194,51,2090,-947,129681,89729,3896,36056
2021-08-09,DAERAH ISTIMEWA YOGYAKARTA,733,59,3214,-2540,130414,92943,3955,33516
2021-08-10,DAERAH ISTIMEWA YOGYAKARTA,1487,62,2648,-1223,131901,95591,4017,32293
2021-08-11,DAERAH ISTIMEWA YOGYAKARTA,1510,52,3378,-1920,133411,98969,4069,30373
2021-08-12,DAERAH ISTIMEWA YOGYAKARTA,1083,30,2770,-1717,134494,101739,4099,28656
2021-08-13,DAERAH ISTIMEWA YOGYAKARTA,1243,65,2941,-1763,135737,104680,4164,26893
2021-08-14,DAERAH ISTIMEWA YOGYAKARTA,1788,42,1460,286,137525,106140,4206,27179
2021-08-15,DAERAH ISTIMEWA YOGYAKARTA,931,81,1318,-468,138456,107458,4287,26711
2021-08-16,DAERAH ISTIMEWA YOGYAKARTA,702,36,1181,-515,139158,108639,4323,26196
2021-08-17,DAERAH ISTIMEWA YOGYAKARTA,1106,44,2817,-1755,140264,111456,4367,24441
2021-08-18,DAERAH ISTIMEWA YOGYAKARTA,634,33,2311,-1710,140898,113767,4400,22731
2020-03-28,KALIMANTAN UTARA,2,0,0,2,2,0,0,2
2020-03-29,KALIMANTAN UTARA,0,0,0,0,2,0,0,2
2020-03-30,KALIMANTAN UTARA,0,0,0,0,2,0,0,2
2020-03-31,KALIMANTAN UTARA,0,0,0,0,2,0,0,2
2020-04-01,KALIMANTAN UTARA,0,0,0,0,2,0,0,2
2020-04-02,KALIMANTAN UTARA,0,0,0,0,2,0,0,2
2020-04-03,KALIMANTAN UTARA,6,0,0,6,8,0,0,8
2020-04-04,KALIMANTAN UTARA,0,0,0,0,8,0,0,8
2020-04-05,KALIMANTAN UTARA,0,0,0,0,8,0,0,8
2020-04-06,KALIMANTAN UTARA,7,0,0,7,15,0,0,15
2020-04-07,KALIMANTAN UTARA,0,0,0,0,15,0,0,15
2020-04-08,KALIMANTAN UTARA,1,0,0,1,16,0,0,16
2020-04-09,KALIMANTAN UTARA,0,0,0,0,16,0,0,16
2020-04-10,KALIMANTAN UTARA,0,0,0,0,16,0,0,16
2020-04-11,KALIMANTAN UTARA,0,1,0,-1,16,0,1,15
2020-04-12,KALIMANTAN UTARA,0,0,0,0,16,0,1,15
2020-04-13,KALIMANTAN UTARA,0,0,0,0,16,0,1,15
2020-04-14,KALIMANTAN UTARA,0,0,0,0,16,0,1,15
2020-04-15,KALIMANTAN UTARA,4,0,1,3,20,1,1,18
2020-04-16,KALIMANTAN UTARA,8,0,1,7,28,2,1,25
2020-04-17,KALIMANTAN UTARA,19,0,0,19,47,2,1,44
2020-04-18,KALIMANTAN UTARA,3,0,0,3,50,2,1,47
2020-04-19,KALIMANTAN UTARA,19,0,0,19,69,2,1,66
2020-04-20,KALIMANTAN UTARA,4,0,0,4,73,2,1,70
2020-04-21,KALIMANTAN UTARA,4,0,0,4,77,2,1,74
2020-04-22,KALIMANTAN UTARA,0,0,0,0,77,2,1,74
2020-04-23,KALIMANTAN UTARA,0,0,0,0,77,2,1,74
2020-04-24,KALIMANTAN UTARA,0,0,0,0,77,2,1,74
2020-04-25,KALIMANTAN UTARA,6,0,0,6,83,2,1,80
2020-04-26,KALIMANTAN UTARA,6,0,0,6,89,2,1,86
2020-04-27,KALIMANTAN UTARA,1,0,0,1,90,2,1,87
2020-04-28,KALIMANTAN UTARA,2,0,0,2,92,2,1,89
2020-04-29,KALIMANTAN UTARA,0,0,2,-2,92,4,1,87
2020-04-30,KALIMANTAN UTARA,8,0,0,8,100,4,1,95
2020-05-01,KALIMANTAN UTARA,15,0,1,14,115,5,1,109
2020-05-02,KALIMANTAN UTARA,7,0,0,7,122,5,1,116
2020-05-03,KALIMANTAN UTARA,0,0,0,0,122,5,1,116
2020-05-04,KALIMANTAN UTARA,8,0,0,8,130,5,1,124
2020-05-05,KALIMANTAN UTARA,1,0,1,0,131,6,1,124
2020-05-06,KALIMANTAN UTARA,0,0,0,0,131,6,1,124
2020-05-07,KALIMANTAN UTARA,0,0,0,0,131,6,1,124
2020-05-08,KALIMANTAN UTARA,0,0,0,0,131,6,1,124
2020-05-09,KALIMANTAN UTARA,0,0,0,0,131,6,1,124
2020-05-10,KALIMANTAN UTARA,0,0,1,-1,131,7,1,123
2020-05-11,KALIMANTAN UTARA,1,0,0,1,132,7,1,124
2020-05-12,KALIMANTAN UTARA,0,0,5,-5,132,12,1,119
2020-05-13,KALIMANTAN UTARA,6,0,6,0,138,18,1,119
2020-05-14,KALIMANTAN UTARA,0,0,2,-2,138,20,1,117
2020-05-15,KALIMANTAN UTARA,3,0,9,-6,141,29,1,111
2020-05-16,KALIMANTAN UTARA,12,0,12,0,153,41,1,111
2020-05-17,KALIMANTAN UTARA,2,0,0,2,155,41,1,113
2020-05-18,KALIMANTAN UTARA,0,0,5,-5,155,46,1,108
2020-05-19,KALIMANTAN UTARA,5,0,5,0,160,51,1,108
2020-05-20,KALIMANTAN UTARA,0,0,0,0,160,51,1,108
2020-05-21,KALIMANTAN UTARA,2,0,3,-1,162,54,1,107
2020-05-22,KALIMANTAN UTARA,1,0,3,-2,163,57,1,105
2020-05-23,KALIMANTAN UTARA,0,0,0,0,163,57,1,105
2020-05-24,KALIMANTAN UTARA,1,0,2,-1,164,59,1,104
2020-05-25,KALIMANTAN UTARA,0,0,7,-7,164,66,1,97
2020-05-26,KALIMANTAN UTARA,0,1,3,-4,164,69,2,93
2020-05-27,KALIMANTAN UTARA,1,0,0,1,165,69,2,94
2020-05-28,KALIMANTAN UTARA,0,0,1,-1,165,70,2,93
2020-05-29,KALIMANTAN UTARA,0,0,2,-2,165,72,2,91
2020-05-30,KALIMANTAN UTARA,0,0,0,0,165,72,2,91
2020-05-31,KALIMANTAN UTARA,0,0,0,0,165,72,2,91
2020-06-01,KALIMANTAN UTARA,0,0,8,-8,165,80,2,83
2020-06-02,KALIMANTAN UTARA,0,0,2,-2,165,82,2,81
2020-06-03,KALIMANTAN UTARA,0,0,7,-7,165,89,2,74
2020-06-04,KALIMANTAN UTARA,0,0,0,0,165,89,2,74
2020-06-05,KALIMANTAN UTARA,2,0,5,-3,167,94,2,71
2020-06-06,KALIMANTAN UTARA,1,0,14,-13,168,108,2,58
2020-06-07,KALIMANTAN UTARA,1,0,11,-10,169,119,2,48
2020-06-08,KALIMANTAN UTARA,0,0,10,-10,169,129,2,38
2020-06-09,KALIMANTAN UTARA,1,0,1,0,170,130,2,38
2020-06-10,KALIMANTAN UTARA,0,0,3,-3,170,133,2,35
2020-06-11,KALIMANTAN UTARA,0,0,2,-2,170,135,2,33
2020-06-12,KALIMANTAN UTARA,0,0,0,0,170,135,2,33
2020-06-13,KALIMANTAN UTARA,0,0,2,-2,170,137,2,31
2020-06-14,KALIMANTAN UTARA,0,0,0,0,170,137,2,31
2020-06-15,KALIMANTAN UTARA,0,0,0,0,170,137,2,31
2020-06-16,KALIMANTAN UTARA,1,0,8,-7,171,145,2,24
2020-06-17,KALIMANTAN UTARA,0,0,0,0,171,145,2,24
2020-06-18,KALIMANTAN UTARA,0,0,2,-2,171,147,2,22
2020-06-19,KALIMANTAN UTARA,2,0,2,0,173,149,2,22
2020-06-20,KALIMANTAN UTARA,2,0,0,2,175,149,2,24
2020-06-21,KALIMANTAN UTARA,1,0,0,1,176,149,2,25
2020-06-22,KALIMANTAN UTARA,1,0,0,1,177,149,2,26
2020-06-23,KALIMANTAN UTARA,0,0,0,0,177,149,2,26
2020-06-24,KALIMANTAN UTARA,2,0,2,0,179,151,2,26
2020-06-25,KALIMANTAN UTARA,9,0,0,9,188,151,2,35
2020-06-26,KALIMANTAN UTARA,9,0,0,9,197,151,2,44
2020-06-27,KALIMANTAN UTARA,4,0,3,1,201,154,2,45
2020-06-28,KALIMANTAN UTARA,0,0,3,-3,201,157,2,42
2020-06-29,KALIMANTAN UTARA,3,0,0,3,204,157,2,45
2020-06-30,KALIMANTAN UTARA,2,0,2,0,206,159,2,45
2020-07-01,KALIMANTAN UTARA,0,0,5,-5,206,164,2,40
2020-07-02,KALIMANTAN UTARA,0,0,1,-1,206,165,2,39
2020-07-03,KALIMANTAN UTARA,0,0,6,-6,206,171,2,33
2020-07-04,KALIMANTAN UTARA,0,0,3,-3,206,174,2,30
2020-07-05,KALIMANTAN UTARA,0,0,0,0,206,174,2,30
2020-07-06,KALIMANTAN UTARA,0,0,0,0,206,174,2,30
2020-07-07,KALIMANTAN UTARA,0,0,3,-3,206,177,2,27
2020-07-08,KALIMANTAN UTARA,0,0,1,-1,206,178,2,26
2020-07-09,KALIMANTAN UTARA,8,0,9,-1,214,187,2,25
2020-07-10,KALIMANTAN UTARA,0,0,1,-1,214,188,2,24
2020-07-11,KALIMANTAN UTARA,0,0,0,0,214,188,2,24
2020-07-12,KALIMANTAN UTARA,0,0,0,0,214,188,2,24
2020-07-13,KALIMANTAN UTARA,1,0,0,1,215,188,2,25
2020-07-14,KALIMANTAN UTARA,0,0,0,0,215,188,2,25
2020-07-15,KALIMANTAN UTARA,0,0,0,0,215,188,2,25
2020-07-16,KALIMANTAN UTARA,0,0,1,-1,215,189,2,24
2020-07-17,KALIMANTAN UTARA,1,0,2,-1,216,191,2,23
2020-07-18,KALIMANTAN UTARA,0,0,1,-1,216,192,2,22
2020-07-19,KALIMANTAN UTARA,0,0,0,0,216,192,2,22
2020-07-20,KALIMANTAN UTARA,1,0,17,-16,217,209,2,6
2020-07-21,KALIMANTAN UTARA,0,0,0,0,217,209,2,6
2020-07-22,KALIMANTAN UTARA,0,0,0,0,217,209,2,6
2020-07-23,KALIMANTAN UTARA,1,0,0,1,218,209,2,7
2020-07-24,KALIMANTAN UTARA,0,0,2,-2,218,211,2,5
2020-07-25,KALIMANTAN UTARA,48,0,1,47,266,212,2,52
2020-07-26,KALIMANTAN UTARA,0,0,0,0,266,212,2,52
2020-07-27,KALIMANTAN UTARA,0,0,2,-2,266,214,2,50
2020-07-28,KALIMANTAN UTARA,2,0,0,2,268,214,2,52
2020-07-29,KALIMANTAN UTARA,0,0,0,0,268,214,2,52
2020-07-30,KALIMANTAN UTARA,12,0,0,12,280,214,2,64
2020-07-31,KALIMANTAN UTARA,3,0,0,3,283,214,2,67
2020-08-01,KALIMANTAN UTARA,1,0,0,1,284,214,2,68
2020-08-02,KALIMANTAN UTARA,0,0,0,0,284,214,2,68
2020-08-03,KALIMANTAN UTARA,0,0,1,-1,284,215,2,67
2020-08-04,KALIMANTAN UTARA,3,0,50,-47,287,265,2,20
2020-08-05,KALIMANTAN UTARA,0,0,0,0,287,265,2,20
2020-08-06,KALIMANTAN UTARA,4,0,0,4,291,265,2,24
2020-08-07,KALIMANTAN UTARA,0,0,0,0,291,265,2,24
2020-08-08,KALIMANTAN UTARA,1,0,0,1,292,265,2,25
2020-08-09,KALIMANTAN UTARA,2,0,1,1,294,266,2,26
2020-08-10,KALIMANTAN UTARA,2,0,13,-11,296,279,2,15
2020-08-11,KALIMANTAN UTARA,3,0,0,3,299,279,2,18
2020-08-12,KALIMANTAN UTARA,4,0,0,4,303,279,2,22
2020-08-13,KALIMANTAN UTARA,9,0,7,2,312,286,2,24
2020-08-14,KALIMANTAN UTARA,0,0,0,0,312,286,2,24
2020-08-15,KALIMANTAN UTARA,13,0,0,13,325,286,2,37
2020-08-16,KALIMANTAN UTARA,3,0,0,3,328,286,2,40
2020-08-17,KALIMANTAN UTARA,1,0,2,-1,329,288,2,39
2020-08-18,KALIMANTAN UTARA,0,0,6,-6,329,294,2,33
2020-08-19,KALIMANTAN UTARA,3,0,4,-1,332,298,2,32
2020-08-20,KALIMANTAN UTARA,5,0,0,5,337,298,2,37
2020-08-21,KALIMANTAN UTARA,2,0,0,2,339,298,2,39
2020-08-22,KALIMANTAN UTARA,1,0,9,-8,340,307,2,31
2020-08-23,KALIMANTAN UTARA,9,0,4,5,349,311,2,36
2020-08-24,KALIMANTAN UTARA,8,0,3,5,357,314,2,41
2020-08-25,KALIMANTAN UTARA,3,0,2,1,360,316,2,42
2020-08-26,KALIMANTAN UTARA,1,0,2,-1,361,318,2,41
2020-08-27,KALIMANTAN UTARA,0,0,2,-2,361,320,2,39
2020-08-28,KALIMANTAN UTARA,12,0,3,9,373,323,2,48
2020-08-29,KALIMANTAN UTARA,6,0,1,5,379,324,2,53
2020-08-30,KALIMANTAN UTARA,3,0,1,2,382,325,2,55
2020-08-31,KALIMANTAN UTARA,2,0,4,-2,384,329,2,53
2020-09-01,KALIMANTAN UTARA,8,0,6,2,392,335,2,55
2020-09-02,KALIMANTAN UTARA,4,0,1,3,396,336,2,58
2020-09-03,KALIMANTAN UTARA,26,0,15,11,422,351,2,69
2020-09-04,KALIMANTAN UTARA,4,0,5,-1,426,356,2,68
2020-09-05,KALIMANTAN UTARA,9,0,3,6,435,359,2,74
2020-09-06,KALIMANTAN UTARA,8,0,0,8,443,359,2,82
2020-09-07,KALIMANTAN UTARA,5,0,1,4,448,360,2,86
2020-09-08,KALIMANTAN UTARA,7,0,7,0,455,367,2,86
2020-09-09,KALIMANTAN UTARA,1,0,1,0,456,368,2,86
2020-09-10,KALIMANTAN UTARA,2,0,6,-4,458,374,2,82
2020-09-11,KALIMANTAN UTARA,2,0,4,-2,460,378,2,80
2020-09-12,KALIMANTAN UTARA,5,1,1,3,465,379,3,83
2020-09-13,KALIMANTAN UTARA,4,0,6,-2,469,385,3,81
2020-09-14,KALIMANTAN UTARA,5,0,9,-4,474,394,3,77
2020-09-15,KALIMANTAN UTARA,5,0,0,5,479,394,3,82
2020-09-16,KALIMANTAN UTARA,2,0,10,-8,481,404,3,74
2020-09-17,KALIMANTAN UTARA,2,0,8,-6,483,412,3,68
2020-09-18,KALIMANTAN UTARA,2,0,4,-2,485,416,3,66
2020-09-19,KALIMANTAN UTARA,3,0,5,-2,488,421,3,64
2020-09-20,KALIMANTAN UTARA,1,0,0,1,489,421,3,65
2020-09-21,KALIMANTAN UTARA,3,0,2,1,492,423,3,66
2020-09-22,KALIMANTAN UTARA,11,0,6,5,503,429,3,71
2020-09-23,KALIMANTAN UTARA,29,0,4,25,532,433,3,96
2020-09-24,KALIMANTAN UTARA,18,0,1,17,550,434,3,113
2020-09-25,KALIMANTAN UTARA,6,1,14,-9,556,448,4,104
2020-09-26,KALIMANTAN UTARA,7,0,0,7,563,448,4,111
2020-09-27,KALIMANTAN UTARA,6,0,2,4,569,450,4,115
2020-09-28,KALIMANTAN UTARA,4,0,0,4,573,450,4,119
2020-09-29,KALIMANTAN UTARA,2,0,1,1,575,451,4,120
2020-09-30,KALIMANTAN UTARA,2,0,44,-42,577,495,4,78
2020-10-01,KALIMANTAN UTARA,6,0,7,-1,583,502,4,77
2020-10-02,KALIMANTAN UTARA,6,0,1,5,589,503,4,82
2020-10-03,KALIMANTAN UTARA,7,0,21,-14,596,524,4,68
2020-10-04,KALIMANTAN UTARA,7,1,4,2,603,528,5,70
2020-10-05,KALIMANTAN UTARA,2,0,3,-1,605,531,5,69
2020-10-06,KALIMANTAN UTARA,5,0,19,-14,610,550,5,55
2020-10-07,KALIMANTAN UTARA,13,0,3,10,623,553,5,65
2020-10-08,KALIMANTAN UTARA,6,0,2,4,629,555,5,69
2020-10-09,KALIMANTAN UTARA,3,0,4,-1,632,559,5,68
2020-10-10,KALIMANTAN UTARA,5,0,7,-2,637,566,5,66
2020-10-11,KALIMANTAN UTARA,8,0,2,6,645,568,5,72
2020-10-12,KALIMANTAN UTARA,4,0,0,4,649,568,5,76
2020-10-13,KALIMANTAN UTARA,13,0,6,7,662,574,5,83
2020-10-14,KALIMANTAN UTARA,11,0,10,1,673,584,5,84
2020-10-15,KALIMANTAN UTARA,0,0,4,-4,673,588,5,80
2020-10-16,KALIMANTAN UTARA,14,0,5,9,687,593,5,89
2020-10-17,KALIMANTAN UTARA,4,0,4,0,691,597,5,89
2020-10-18,KALIMANTAN UTARA,23,1,13,9,714,610,6,98
2020-10-19,KALIMANTAN UTARA,1,0,9,-8,715,619,6,90
2020-10-20,KALIMANTAN UTARA,0,0,0,0,715,619,6,90
2020-10-21,KALIMANTAN UTARA,20,1,9,10,735,628,7,100
2020-10-22,KALIMANTAN UTARA,17,0,5,12,752,633,7,112
2020-10-23,KALIMANTAN UTARA,9,0,12,-3,761,645,7,109
2020-10-24,KALIMANTAN UTARA,5,0,9,-4,766,654,7,105
2020-10-25,KALIMANTAN UTARA,14,0,8,6,780,662,7,111
2020-10-26,KALIMANTAN UTARA,2,0,2,0,782,664,7,111
2020-10-27,KALIMANTAN UTARA,9,0,8,1,791,672,7,112
2020-10-28,KALIMANTAN UTARA,14,0,7,7,805,679,7,119
2020-10-29,KALIMANTAN UTARA,9,0,4,5,814,683,7,124
2020-10-30,KALIMANTAN UTARA,7,0,0,7,821,683,7,131
2020-10-31,KALIMANTAN UTARA,1,0,18,-17,822,701,7,114
2020-11-01,KALIMANTAN UTARA,4,0,15,-11,826,716,7,103
2020-11-02,KALIMANTAN UTARA,3,1,6,-4,829,722,8,99
2020-11-03,KALIMANTAN UTARA,12,1,7,4,841,729,9,103
2020-11-04,KALIMANTAN UTARA,15,0,3,12,856,732,9,115
2020-11-05,KALIMANTAN UTARA,16,0,20,-4,872,752,9,111
2020-11-06,KALIMANTAN UTARA,7,1,7,-1,879,759,10,110
2020-11-07,KALIMANTAN UTARA,11,0,14,-3,890,773,10,107
2020-11-08,KALIMANTAN UTARA,3,0,10,-7,893,783,10,100
2020-11-09,KALIMANTAN UTARA,4,0,3,1,897,786,10,101
2020-11-10,KALIMANTAN UTARA,6,0,7,-1,903,793,10,100
2020-11-11,KALIMANTAN UTARA,12,0,9,3,915,802,10,103
2020-11-12,KALIMANTAN UTARA,13,1,0,12,928,802,11,115
2020-11-13,KALIMANTAN UTARA,6,0,7,-1,934,809,11,114
2020-11-14,KALIMANTAN UTARA,24,0,20,4,958,829,11,118
2020-11-15,KALIMANTAN UTARA,20,0,14,6,978,843,11,124
2020-11-16,KALIMANTAN UTARA,2,0,0,2,980,843,11,126
2020-11-17,KALIMANTAN UTARA,15,0,10,5,995,853,11,131
2020-11-18,KALIMANTAN UTARA,14,0,0,14,1009,853,11,145
2020-11-19,KALIMANTAN UTARA,0,0,3,-3,1009,856,11,142
2020-11-20,KALIMANTAN UTARA,48,0,1,47,1057,857,11,189
2020-11-21,KALIMANTAN UTARA,31,0,0,31,1088,857,11,220
2020-11-22,KALIMANTAN UTARA,48,4,15,29,1136,872,15,249
2020-11-23,KALIMANTAN UTARA,10,0,22,-12,1146,894,15,237
2020-11-24,KALIMANTAN UTARA,89,0,14,75,1235,908,15,312
2020-11-25,KALIMANTAN UTARA,48,0,1,47,1283,909,15,359
2020-11-26,KALIMANTAN UTARA,37,1,12,24,1320,921,16,383
2020-11-27,KALIMANTAN UTARA,57,1,10,46,1377,931,17,429
2020-11-28,KALIMANTAN UTARA,33,0,6,27,1410,937,17,456
2020-11-29,KALIMANTAN UTARA,31,0,12,19,1441,949,17,475
2020-11-30,KALIMANTAN UTARA,24,1,32,-9,1465,981,18,466
2020-12-01,KALIMANTAN UTARA,58,0,14,44,1523,995,18,510
2020-12-02,KALIMANTAN UTARA,69,0,21,48,1592,1016,18,558
2020-12-03,KALIMANTAN UTARA,30,0,6,24,1622,1022,18,582
2020-12-04,KALIMANTAN UTARA,32,0,48,-16,1654,1070,18,566
2020-12-05,KALIMANTAN UTARA,61,0,0,61,1715,1070,18,627
2020-12-06,KALIMANTAN UTARA,120,1,27,92,1835,1097,19,719
2020-12-07,KALIMANTAN UTARA,46,1,1,44,1881,1098,20,763
2020-12-08,KALIMANTAN UTARA,36,3,0,33,1917,1098,23,796
2020-12-09,KALIMANTAN UTARA,31,0,78,-47,1948,1176,23,749
2020-12-10,KALIMANTAN UTARA,58,1,0,57,2006,1176,24,806
2020-12-11,KALIMANTAN UTARA,71,1,0,70,2077,1176,25,876
2020-12-12,KALIMANTAN UTARA,85,1,15,69,2162,1191,26,945
2020-12-13,KALIMANTAN UTARA,44,0,62,-18,2206,1253,26,927
2020-12-14,KALIMANTAN UTARA,88,0,45,43,2294,1298,26,970
2020-12-15,KALIMANTAN UTARA,74,2,7,65,2368,1305,28,1035
2020-12-16,KALIMANTAN UTARA,95,0,8,87,2463,1313,28,1122
2020-12-17,KALIMANTAN UTARA,79,0,0,79,2542,1313,28,1201
2020-12-18,KALIMANTAN UTARA,85,2,76,7,2627,1389,30,1208
2020-12-19,KALIMANTAN UTARA,60,0,101,-41,2687,1490,30,1167
2020-12-20,KALIMANTAN UTARA,119,4,37,78,2806,1527,34,1245
2020-12-21,KALIMANTAN UTARA,99,0,0,99,2905,1527,34,1344
2020-12-22,KALIMANTAN UTARA,44,2,41,1,2949,1568,36,1345
2020-12-23,KALIMANTAN UTARA,87,0,0,87,3036,1568,36,1432
2020-12-24,KALIMANTAN UTARA,43,0,71,-28,3079,1639,36,1404
2020-12-25,KALIMANTAN UTARA,90,0,39,51,3169,1678,36,1455
2020-12-26,KALIMANTAN UTARA,56,0,0,56,3225,1678,36,1511
2020-12-27,KALIMANTAN UTARA,91,0,0,91,3316,1678,36,1602
2020-12-28,KALIMANTAN UTARA,202,4,10,188,3518,1688,40,1790
2020-12-29,KALIMANTAN UTARA,166,0,1,165,3684,1689,40,1955
2020-12-30,KALIMANTAN UTARA,56,17,329,-290,3740,2018,57,1665
2020-12-31,KALIMANTAN UTARA,54,0,27,27,3794,2045,57,1692
2021-01-01,KALIMANTAN UTARA,35,1,102,-68,3829,2147,58,1624
2021-01-02,KALIMANTAN UTARA,50,0,120,-70,3879,2267,58,1554
2021-01-03,KALIMANTAN UTARA,114,0,0,114,3993,2267,58,1668
2021-01-04,KALIMANTAN UTARA,166,0,1,165,4159,2268,58,1833
2021-01-05,KALIMANTAN UTARA,89,5,1,83,4248,2269,63,1916
2021-01-06,KALIMANTAN UTARA,205,0,123,82,4453,2392,63,1998
2021-01-07,KALIMANTAN UTARA,178,2,69,107,4631,2461,65,2105
2021-01-08,KALIMANTAN UTARA,63,0,1,62,4694,2462,65,2167
2021-01-09,KALIMANTAN UTARA,82,0,3,79,4776,2465,65,2246
2021-01-10,KALIMANTAN UTARA,67,0,0,67,4843,2465,65,2313
2021-01-11,KALIMANTAN UTARA,134,0,1,133,4977,2466,65,2446
2021-01-12,KALIMANTAN UTARA,162,0,0,162,5139,2466,65,2608
2021-01-13,KALIMANTAN UTARA,134,0,3,131,5273,2469,65,2739
2021-01-14,KALIMANTAN UTARA,79,0,0,79,5352,2469,65,2818
2021-01-15,KALIMANTAN UTARA,62,0,1,61,5414,2470,65,2879
2021-01-16,KALIMANTAN UTARA,191,0,0,191,5605,2470,65,3070
2021-01-17,KALIMANTAN UTARA,25,0,1,24,5630,2471,65,3094
2021-01-18,KALIMANTAN UTARA,40,0,0,40,5670,2471,65,3134
2021-01-19,KALIMANTAN UTARA,188,0,1,187,5858,2472,65,3321
2021-01-20,KALIMANTAN UTARA,191,1,0,190,6049,2472,66,3511
2021-01-21,KALIMANTAN UTARA,49,0,1,48,6098,2473,66,3559
2021-01-22,KALIMANTAN UTARA,84,0,78,6,6182,2551,66,3565
2021-01-23,KALIMANTAN UTARA,243,0,0,243,6425,2551,66,3808
2021-01-24,KALIMANTAN UTARA,76,0,0,76,6501,2551,66,3884
2021-01-25,KALIMANTAN UTARA,84,1,190,-107,6585,2741,67,3777
2021-01-26,KALIMANTAN UTARA,110,6,555,-451,6695,3296,73,3326
2021-01-27,KALIMANTAN UTARA,61,12,794,-745,6756,4090,85,2581
2021-01-28,KALIMANTAN UTARA,45,2,111,-68,6801,4201,87,2513
2021-01-29,KALIMANTAN UTARA,23,3,280,-260,6824,4481,90,2253
2021-01-30,KALIMANTAN UTARA,201,1,95,105,7025,4576,91,2358
2021-01-31,KALIMANTAN UTARA,15,0,0,15,7040,4576,91,2373
2021-02-01,KALIMANTAN UTARA,108,8,90,10,7148,4666,99,2383
2021-02-02,KALIMANTAN UTARA,114,1,183,-70,7262,4849,100,2313
2021-02-03,KALIMANTAN UTARA,278,5,55,218,7540,4904,105,2531
2021-02-04,KALIMANTAN UTARA,71,1,42,28,7611,4946,106,2559
2021-02-05,KALIMANTAN UTARA,50,1,35,14,7661,4981,107,2573
2021-02-06,KALIMANTAN UTARA,188,0,0,188,7849,4981,107,2761
2021-02-07,KALIMANTAN UTARA,63,0,0,63,7912,4981,107,2824
2021-02-08,KALIMANTAN UTARA,134,0,55,79,8046,5036,107,2903
2021-02-09,KALIMANTAN UTARA,104,0,0,104,8150,5036,107,3007
2021-02-10,KALIMANTAN UTARA,55,4,28,23,8205,5064,111,3030
2021-02-11,KALIMANTAN UTARA,63,0,237,-174,8268,5301,111,2856
2021-02-12,KALIMANTAN UTARA,65,6,157,-98,8333,5458,117,2758
2021-02-13,KALIMANTAN UTARA,139,0,0,139,8472,5458,117,2897
2021-02-14,KALIMANTAN UTARA,79,0,0,79,8551,5458,117,2976
2021-02-15,KALIMANTAN UTARA,185,6,63,116,8736,5521,123,3092
2021-02-16,KALIMANTAN UTARA,75,0,0,75,8811,5521,123,3167
2021-02-17,KALIMANTAN UTARA,60,1,11,48,8871,5532,124,3215
2021-02-18,KALIMANTAN UTARA,120,0,1,119,8991,5533,124,3334
2021-02-19,KALIMANTAN UTARA,60,0,73,-13,9051,5606,124,3321
2021-02-20,KALIMANTAN UTARA,20,0,90,-70,9071,5696,124,3251
2021-02-21,KALIMANTAN UTARA,11,0,0,11,9082,5696,124,3262
2021-02-22,KALIMANTAN UTARA,95,1,58,36,9177,5754,125,3298
2021-02-23,KALIMANTAN UTARA,193,8,362,-177,9370,6116,133,3121
2021-02-24,KALIMANTAN UTARA,8,8,923,-923,9378,7039,141,2198
2021-02-25,KALIMANTAN UTARA,47,1,117,-71,9425,7156,142,2127
2021-02-26,KALIMANTAN UTARA,12,3,49,-40,9437,7205,145,2087
2021-02-27,KALIMANTAN UTARA,185,0,1,184,9622,7206,145,2271
2021-02-28,KALIMANTAN UTARA,72,0,0,72,9694,7206,145,2343
2021-03-01,KALIMANTAN UTARA,112,0,73,39,9806,7279,145,2382
2021-03-02,KALIMANTAN UTARA,48,2,207,-161,9854,7486,147,2221
2021-03-03,KALIMANTAN UTARA,28,1,2,25,9882,7488,148,2246
2021-03-04,KALIMANTAN UTARA,65,1,68,-4,9947,7556,149,2242
2021-03-05,KALIMANTAN UTARA,30,2,167,-139,9977,7723,151,2103
2021-03-06,KALIMANTAN UTARA,61,0,35,26,10038,7758,151,2129
2021-03-07,KALIMANTAN UTARA,29,2,11,16,10067,7769,153,2145
2021-03-08,KALIMANTAN UTARA,40,1,161,-122,10107,7930,154,2023
2021-03-09,KALIMANTAN UTARA,75,0,122,-47,10182,8052,154,1976
2021-03-10,KALIMANTAN UTARA,34,1,214,-181,10216,8266,155,1795
2021-03-11,KALIMANTAN UTARA,46,2,102,-58,10262,8368,157,1737
2021-03-12,KALIMANTAN UTARA,137,0,357,-220,10399,8725,157,1517
2021-03-13,KALIMANTAN UTARA,2,0,43,-41,10401,8768,157,1476
2021-03-14,KALIMANTAN UTARA,32,1,5,26,10433,8773,158,1502
2021-03-15,KALIMANTAN UTARA,45,0,35,10,10478,8808,158,1512
2021-03-16,KALIMANTAN UTARA,37,3,40,-6,10515,8848,161,1506
2021-03-17,KALIMANTAN UTARA,69,1,53,15,10584,8901,162,1521
2021-03-18,KALIMANTAN UTARA,29,1,29,-1,10613,8930,163,1520
2021-03-19,KALIMANTAN UTARA,45,1,41,3,10658,8971,164,1523
2021-03-20,KALIMANTAN UTARA,45,0,26,19,10703,8997,164,1542
2021-03-21,KALIMANTAN UTARA,21,0,14,7,10724,9011,164,1549
2021-03-22,KALIMANTAN UTARA,106,0,8,98,10830,9019,164,1647
2021-03-23,KALIMANTAN UTARA,41,2,71,-32,10871,9090,166,1615
2021-03-24,KALIMANTAN UTARA,16,0,53,-37,10887,9143,166,1578
2021-03-25,KALIMANTAN UTARA,37,1,10,26,10924,9153,167,1604
2021-03-26,KALIMANTAN UTARA,48,1,62,-15,10972,9215,168,1589
2021-03-27,KALIMANTAN UTARA,27,2,18,7,10999,9233,170,1596
2021-03-28,KALIMANTAN UTARA,59,0,31,28,11058,9264,170,1624
2021-03-29,KALIMANTAN UTARA,15,1,6,8,11073,9270,171,1632
2021-03-30,KALIMANTAN UTARA,34,0,137,-103,11107,9407,171,1529
2021-03-31,KALIMANTAN UTARA,25,1,8,16,11132,9415,172,1545
2021-04-01,KALIMANTAN UTARA,22,2,25,-5,11154,9440,174,1540
2021-04-02,KALIMANTAN UTARA,16,0,38,-22,11170,9478,174,1518
2021-04-03,KALIMANTAN UTARA,62,1,31,30,11232,9509,175,1548
2021-04-04,KALIMANTAN UTARA,43,0,23,20,11275,9532,175,1568
2021-04-05,KALIMANTAN UTARA,7,1,3,3,11282,9535,176,1571
2021-04-06,KALIMANTAN UTARA,14,1,65,-52,11296,9600,177,1519
2021-04-07,KALIMANTAN UTARA,6,1,38,-33,11302,9638,178,1486
2021-04-08,KALIMANTAN UTARA,0,0,0,0,11302,9638,178,1486
2021-04-09,KALIMANTAN UTARA,42,1,66,-25,11344,9704,179,1461
2021-04-10,KALIMANTAN UTARA,27,0,11,16,11371,9715,179,1477
2021-04-11,KALIMANTAN UTARA,10,0,51,-41,11381,9766,179,1436
2021-04-12,KALIMANTAN UTARA,17,0,177,-160,11398,9943,179,1276
2021-04-13,KALIMANTAN UTARA,14,1,135,-122,11412,10078,180,1154
2021-04-14,KALIMANTAN UTARA,17,0,91,-74,11429,10169,180,1080
2021-04-15,KALIMANTAN UTARA,28,0,20,8,11457,10189,180,1088
2021-04-16,KALIMANTAN UTARA,7,1,10,-4,11464,10199,181,1084
2021-04-17,KALIMANTAN UTARA,15,0,21,-6,11479,10220,181,1078
2021-04-18,KALIMANTAN UTARA,55,0,14,41,11534,10234,181,1119
2021-04-19,KALIMANTAN UTARA,17,1,319,-303,11551,10553,182,816
2021-04-20,KALIMANTAN UTARA,24,4,229,-209,11575,10782,186,607
2021-04-21,KALIMANTAN UTARA,10,0,76,-66,11585,10858,186,541
2021-04-22,KALIMANTAN UTARA,24,0,13,11,11609,10871,186,552
2021-04-23,KALIMANTAN UTARA,19,0,14,5,11628,10885,186,557
2021-04-24,KALIMANTAN UTARA,11,0,2,9,11639,10887,186,566
2021-04-25,KALIMANTAN UTARA,16,0,25,-9,11655,10912,186,557
2021-04-26,KALIMANTAN UTARA,23,0,26,-3,11678,10938,186,554
2021-04-27,KALIMANTAN UTARA,24,0,40,-16,11702,10978,186,538
2021-04-28,KALIMANTAN UTARA,21,0,11,10,11723,10989,186,548
2021-04-29,KALIMANTAN UTARA,13,0,7,6,11736,10996,186,554
2021-04-30,KALIMANTAN UTARA,9,0,31,-22,11745,11027,186,532
2021-05-01,KALIMANTAN UTARA,7,0,7,0,11752,11034,186,532
2021-05-02,KALIMANTAN UTARA,34,0,1,33,11786,11035,186,565
2021-05-03,KALIMANTAN UTARA,18,0,44,-26,11804,11079,186,539
2021-05-04,KALIMANTAN UTARA,17,0,20,-3,11821,11099,186,536
2021-05-05,KALIMANTAN UTARA,3,2,13,-12,11824,11112,188,524
2021-05-06,KALIMANTAN UTARA,8,0,28,-20,11832,11140,188,504
2021-05-07,KALIMANTAN UTARA,16,0,18,-2,11848,11158,188,502
2021-05-08,KALIMANTAN UTARA,3,0,6,-3,11851,11164,188,499
2021-05-09,KALIMANTAN UTARA,16,0,9,7,11867,11173,188,506
2021-05-10,KALIMANTAN UTARA,4,0,28,-24,11871,11201,188,482
2021-05-11,KALIMANTAN UTARA,11,0,39,-28,11882,11240,188,454
2021-05-12,KALIMANTAN UTARA,0,0,4,-4,11882,11244,188,450
2021-05-13,KALIMANTAN UTARA,0,0,9,-9,11882,11253,188,441
2021-05-14,KALIMANTAN UTARA,9,0,0,9,11891,11253,188,450
2021-05-15,KALIMANTAN UTARA,3,0,7,-4,11894,11260,188,446
2021-05-16,KALIMANTAN UTARA,1,0,2,-1,11895,11262,188,445
2021-05-17,KALIMANTAN UTARA,4,0,14,-10,11899,11276,188,435
2021-05-18,KALIMANTAN UTARA,5,0,36,-31,11904,11312,188,404
2021-05-19,KALIMANTAN UTARA,38,0,13,25,11942,11325,188,429
2021-05-20,KALIMANTAN UTARA,33,0,3,30,11975,11328,188,459
2021-05-21,KALIMANTAN UTARA,30,0,2,28,12005,11330,188,487
2021-05-22,KALIMANTAN UTARA,33,0,15,18,12038,11345,188,505
2021-05-23,KALIMANTAN UTARA,46,1,10,35,12084,11355,189,540
2021-05-24,KALIMANTAN UTARA,52,0,0,52,12136,11355,189,592
2021-05-25,KALIMANTAN UTARA,34,1,11,22,12170,11366,190,614
2021-05-26,KALIMANTAN UTARA,13,0,1,12,12183,11367,190,626
2021-05-27,KALIMANTAN UTARA,4,0,14,-10,12187,11381,190,616
2021-05-28,KALIMANTAN UTARA,30,0,8,22,12217,11389,190,638
2021-05-29,KALIMANTAN UTARA,17,1,14,2,12234,11403,191,640
2021-05-30,KALIMANTAN UTARA,3,0,3,0,12237,11406,191,640
2021-05-31,KALIMANTAN UTARA,33,0,3,30,12270,11409,191,670
2021-06-01,KALIMANTAN UTARA,25,0,24,1,12295,11433,191,671
2021-06-02,KALIMANTAN UTARA,11,0,68,-57,12306,11501,191,614
2021-06-03,KALIMANTAN UTARA,17,0,38,-21,12323,11539,191,593
2021-06-04,KALIMANTAN UTARA,18,0,37,-19,12341,11576,191,574
2021-06-05,KALIMANTAN UTARA,24,0,2,22,12365,11578,191,596
2021-06-06,KALIMANTAN UTARA,11,0,47,-36,12376,11625,191,560
2021-06-07,KALIMANTAN UTARA,5,0,27,-22,12381,11652,191,538
2021-06-08,KALIMANTAN UTARA,9,1,9,-1,12390,11661,192,537
2021-06-09,KALIMANTAN UTARA,8,0,47,-39,12398,11708,192,498
2021-06-10,KALIMANTAN UTARA,20,0,26,-6,12418,11734,192,492
2021-06-11,KALIMANTAN UTARA,10,0,8,2,12428,11742,192,494
2021-06-12,KALIMANTAN UTARA,7,0,0,7,12435,11742,192,501
2021-06-13,KALIMANTAN UTARA,33,0,36,-3,12468,11778,192,498
2021-06-14,KALIMANTAN UTARA,5,0,15,-10,12473,11793,192,488
2021-06-15,KALIMANTAN UTARA,26,1,5,20,12499,11798,193,508
2021-06-16,KALIMANTAN UTARA,17,0,6,11,12516,11804,193,519
2021-06-17,KALIMANTAN UTARA,36,0,3,33,12552,11807,193,552
2021-06-18,KALIMANTAN UTARA,53,1,21,31,12605,11828,194,583
2021-06-19,KALIMANTAN UTARA,13,0,23,-10,12618,11851,194,573
2021-06-20,KALIMANTAN UTARA,40,0,16,24,12658,11867,194,597
2021-06-21,KALIMANTAN UTARA,9,1,0,8,12667,11867,195,605
2021-06-22,KALIMANTAN UTARA,40,0,5,35,12707,11872,195,640
2021-06-23,KALIMANTAN UTARA,84,0,3,81,12791,11875,195,721
2021-06-24,KALIMANTAN UTARA,27,1,11,15,12818,11886,196,736
2021-06-25,KALIMANTAN UTARA,0,0,0,0,12818,11886,196,736
2021-06-26,KALIMANTAN UTARA,0,0,0,0,12818,11886,196,736
2021-06-27,KALIMANTAN UTARA,0,0,0,0,12818,11886,196,736
2021-06-28,KALIMANTAN UTARA,0,0,0,0,12818,11886,196,736
2021-06-29,KALIMANTAN UTARA,73,0,8,65,12891,11894,196,801
2021-06-30,KALIMANTAN UTARA,159,4,79,76,13050,11973,200,877
2021-07-01,KALIMANTAN UTARA,196,3,88,105,13246,12061,203,982
2021-07-02,KALIMANTAN UTARA,107,0,13,94,13353,12074,203,1076
2021-07-03,KALIMANTAN UTARA,113,3,60,50,13466,12134,206,1126
2021-07-04,KALIMANTAN UTARA,0,0,0,0,13466,12134,206,1126
2021-07-05,KALIMANTAN UTARA,147,0,42,105,13613,12176,206,1231
2021-07-06,KALIMANTAN UTARA,207,0,69,138,13820,12245,206,1369
2021-07-07,KALIMANTAN UTARA,162,1,26,135,13982,12271,207,1504
2021-07-08,KALIMANTAN UTARA,124,1,27,96,14106,12298,208,1600
2021-07-09,KALIMANTAN UTARA,168,1,20,147,14274,12318,209,1747
2021-07-10,KALIMANTAN UTARA,253,3,41,209,14527,12359,212,1956
2021-07-11,KALIMANTAN UTARA,282,4,56,222,14809,12415,216,2178
2021-07-12,KALIMANTAN UTARA,100,5,43,52,14909,12458,221,2230
2021-07-13,KALIMANTAN UTARA,169,2,40,127,15078,12498,223,2357
2021-07-14,KALIMANTAN UTARA,251,7,110,134,15329,12608,230,2491
2021-07-15,KALIMANTAN UTARA,155,1,108,46,15484,12716,231,2537
2021-07-16,KALIMANTAN UTARA,170,3,123,44,15654,12839,234,2581
2021-07-17,KALIMANTAN UTARA,348,6,111,231,16002,12950,240,2812
2021-07-18,KALIMANTAN UTARA,284,3,173,108,16286,13123,243,2920
2021-07-19,KALIMANTAN UTARA,130,6,112,12,16416,13235,249,2932
2021-07-20,KALIMANTAN UTARA,286,10,94,182,16702,13329,259,3114
2021-07-21,KALIMANTAN UTARA,258,4,50,204,16960,13379,263,3318
2021-07-22,KALIMANTAN UTARA,405,7,227,171,17365,13606,270,3489
2021-07-23,KALIMANTAN UTARA,460,6,171,283,17825,13777,276,3772
2021-07-24,KALIMANTAN UTARA,370,11,107,252,18195,13884,287,4024
2021-07-25,KALIMANTAN UTARA,427,3,146,278,18622,14030,290,4302
2021-07-26,KALIMANTAN UTARA,210,9,107,94,18832,14137,299,4396
2021-07-27,KALIMANTAN UTARA,457,13,368,76,19289,14505,312,4472
2021-07-28,KALIMANTAN UTARA,581,13,368,200,19870,14873,325,4672
2021-07-29,KALIMANTAN UTARA,493,5,92,396,20363,14965,330,5068
2021-07-30,KALIMANTAN UTARA,508,6,307,195,20871,15272,336,5263
2021-07-31,KALIMANTAN UTARA,554,11,319,224,21425,15591,347,5487
2021-08-01,KALIMANTAN UTARA,527,10,145,372,21952,15736,357,5859
2021-08-02,KALIMANTAN UTARA,254,14,101,139,22206,15837,371,5998
2021-08-03,KALIMANTAN UTARA,475,8,573,-106,22681,16410,379,5892
2021-08-04,KALIMANTAN UTARA,632,21,311,300,23313,16721,400,6192
2021-08-05,KALIMANTAN UTARA,599,15,416,168,23912,17137,415,6360
2021-08-06,KALIMANTAN UTARA,509,8,211,290,24421,17348,423,6650
2021-08-07,KALIMANTAN UTARA,454,15,210,229,24875,17558,438,6879
2021-08-08,KALIMANTAN UTARA,329,8,375,-54,25204,17933,446,6825
2021-08-09,KALIMANTAN UTARA,327,23,116,188,25531,18049,469,7013
2021-08-10,KALIMANTAN UTARA,505,26,363,116,26036,18412,495,7129
2021-08-11,KALIMANTAN UTARA,536,10,234,292,26572,18646,505,7421
2021-08-12,KALIMANTAN UTARA,332,12,425,-105,26904,19071,517,7316
2021-08-13,KALIMANTAN UTARA,336,11,463,-138,27240,19534,528,7178
2021-08-14,KALIMANTAN UTARA,365,13,668,-316,27605,20202,541,6862
2021-08-15,KALIMANTAN UTARA,419,22,305,92,28024,20507,563,6954
2021-08-16,KALIMANTAN UTARA,187,12,138,37,28211,20645,575,6991
2021-08-17,KALIMANTAN UTARA,495,11,427,57,28706,21072,586,7048
2021-08-18,KALIMANTAN UTARA,170,9,360,-199,28876,21432,595,6849
2020-03-19,KEPULAUAN RIAU,1,1,0,0,1,0,1,0
2020-03-20,KEPULAUAN RIAU,0,0,0,0,1,0,1,0
2020-03-21,KEPULAUAN RIAU,0,0,0,0,1,0,1,0
2020-03-22,KEPULAUAN RIAU,0,0,0,0,1,0,1,0
2020-03-23,KEPULAUAN RIAU,0,0,0,0,1,0,1,0
2020-03-24,KEPULAUAN RIAU,0,0,0,0,1,0,1,0
2020-03-25,KEPULAUAN RIAU,0,0,0,0,1,0,1,0
2020-03-26,KEPULAUAN RIAU,0,0,0,0,1,0,1,0
2020-03-27,KEPULAUAN RIAU,0,0,0,0,1,0,1,0
2020-03-28,KEPULAUAN RIAU,1,0,2,-1,2,2,1,-1
2020-03-29,KEPULAUAN RIAU,0,0,0,0,2,2,1,-1
2020-03-30,KEPULAUAN RIAU,2,2,0,0,4,2,3,-1
2020-03-31,KEPULAUAN RIAU,1,0,0,1,5,2,3,0
2020-04-01,KEPULAUAN RIAU,0,0,0,0,5,2,3,0
2020-04-02,KEPULAUAN RIAU,2,1,2,-1,7,4,4,-1
2020-04-03,KEPULAUAN RIAU,2,0,0,2,9,4,4,1
2020-04-04,KEPULAUAN RIAU,0,0,0,0,9,4,4,1
2020-04-05,KEPULAUAN RIAU,1,0,0,1,10,4,4,2
2020-04-06,KEPULAUAN RIAU,0,0,0,0,10,4,4,2
2020-04-07,KEPULAUAN RIAU,0,0,0,0,10,4,4,2
2020-04-08,KEPULAUAN RIAU,0,0,0,0,10,4,4,2
2020-04-09,KEPULAUAN RIAU,11,0,0,11,21,4,4,13
2020-04-10,KEPULAUAN RIAU,0,0,0,0,21,4,4,13
2020-04-11,KEPULAUAN RIAU,0,2,0,-2,21,4,6,11
2020-04-12,KEPULAUAN RIAU,0,0,0,0,21,4,6,11
2020-04-13,KEPULAUAN RIAU,0,0,0,0,21,4,6,11
2020-04-14,KEPULAUAN RIAU,6,2,0,4,27,4,8,15
2020-04-15,KEPULAUAN RIAU,5,0,3,2,32,7,8,17
2020-04-16,KEPULAUAN RIAU,7,0,0,7,39,7,8,24
2020-04-17,KEPULAUAN RIAU,19,0,1,18,58,8,8,42
2020-04-18,KEPULAUAN RIAU,21,0,0,21,79,8,8,63
2020-04-19,KEPULAUAN RIAU,0,0,1,-1,79,9,8,62
2020-04-20,KEPULAUAN RIAU,0,1,1,-2,79,10,9,60
2020-04-21,KEPULAUAN RIAU,2,0,1,1,81,11,9,61
2020-04-22,KEPULAUAN RIAU,0,0,0,0,81,11,9,61
2020-04-23,KEPULAUAN RIAU,2,0,0,2,83,11,9,63
2020-04-24,KEPULAUAN RIAU,0,0,0,0,83,11,9,63
2020-04-25,KEPULAUAN RIAU,0,0,2,-2,83,13,9,61
2020-04-26,KEPULAUAN RIAU,2,0,0,2,85,13,9,63
2020-04-27,KEPULAUAN RIAU,1,0,0,1,86,13,9,64
2020-04-28,KEPULAUAN RIAU,3,0,0,3,89,13,9,67
2020-04-29,KEPULAUAN RIAU,0,0,4,-4,89,17,9,63
2020-04-30,KEPULAUAN RIAU,0,0,0,0,89,17,9,63
2020-05-01,KEPULAUAN RIAU,0,0,23,-23,89,40,9,40
2020-05-02,KEPULAUAN RIAU,0,0,11,-11,89,51,9,29
2020-05-03,KEPULAUAN RIAU,3,1,1,1,92,52,10,30
2020-05-04,KEPULAUAN RIAU,0,0,1,-1,92,53,10,29
2020-05-05,KEPULAUAN RIAU,5,0,6,-1,97,59,10,28
2020-05-06,KEPULAUAN RIAU,1,0,6,-5,98,65,10,23
2020-05-07,KEPULAUAN RIAU,0,0,4,-4,98,69,10,19
2020-05-08,KEPULAUAN RIAU,2,0,2,0,100,71,10,19
2020-05-09,KEPULAUAN RIAU,1,1,1,-1,101,72,11,18
2020-05-10,KEPULAUAN RIAU,0,0,1,-1,101,73,11,17
2020-05-11,KEPULAUAN RIAU,3,0,7,-4,104,80,11,13
2020-05-12,KEPULAUAN RIAU,2,0,1,1,106,81,11,14
2020-05-13,KEPULAUAN RIAU,5,0,0,5,111,81,11,19
2020-05-14,KEPULAUAN RIAU,0,0,0,0,111,81,11,19
2020-05-15,KEPULAUAN RIAU,4,0,3,1,115,84,11,20
2020-05-16,KEPULAUAN RIAU,1,0,0,1,116,84,11,21
2020-05-17,KEPULAUAN RIAU,0,1,0,-1,116,84,12,20
2020-05-18,KEPULAUAN RIAU,11,0,1,10,127,85,12,30
2020-05-19,KEPULAUAN RIAU,13,0,0,13,140,85,12,43
2020-05-20,KEPULAUAN RIAU,0,0,0,0,140,85,12,43
2020-05-21,KEPULAUAN RIAU,0,0,0,0,140,85,12,43
2020-05-22,KEPULAUAN RIAU,1,0,4,-3,141,89,12,40
2020-05-23,KEPULAUAN RIAU,8,1,1,6,149,90,13,46
2020-05-24,KEPULAUAN RIAU,4,0,0,4,153,90,13,50
2020-05-25,KEPULAUAN RIAU,0,0,0,0,153,90,13,50
2020-05-26,KEPULAUAN RIAU,0,1,1,-2,153,91,14,48
2020-05-27,KEPULAUAN RIAU,8,0,2,6,161,93,14,54
2020-05-28,KEPULAUAN RIAU,13,1,7,5,174,100,15,59
2020-05-29,KEPULAUAN RIAU,3,0,5,-2,177,105,15,57
2020-05-30,KEPULAUAN RIAU,18,0,0,18,195,105,15,75
2020-05-31,KEPULAUAN RIAU,0,1,0,-1,195,105,16,74
2020-06-01,KEPULAUAN RIAU,0,0,0,0,195,105,16,74
2020-06-02,KEPULAUAN RIAU,12,0,0,12,207,105,16,86
2020-06-03,KEPULAUAN RIAU,0,0,1,-1,207,106,16,85
2020-06-04,KEPULAUAN RIAU,11,0,1,10,218,107,16,95
2020-06-05,KEPULAUAN RIAU,3,0,11,-8,221,118,16,87
2020-06-06,KEPULAUAN RIAU,4,0,5,-1,225,123,16,86
2020-06-07,KEPULAUAN RIAU,1,0,0,1,226,123,16,87
2020-06-08,KEPULAUAN RIAU,1,0,3,-2,227,126,16,85
2020-06-09,KEPULAUAN RIAU,0,0,0,0,227,126,16,85
2020-06-10,KEPULAUAN RIAU,0,0,5,-5,227,131,16,80
2020-06-11,KEPULAUAN RIAU,10,0,0,10,237,131,16,90
2020-06-12,KEPULAUAN RIAU,0,0,10,-10,237,141,16,80
2020-06-13,KEPULAUAN RIAU,1,0,6,-5,238,147,16,75
2020-06-14,KEPULAUAN RIAU,0,0,13,-13,238,160,16,62
2020-06-15,KEPULAUAN RIAU,15,0,3,12,253,163,16,74
2020-06-16,KEPULAUAN RIAU,0,0,2,-2,253,165,16,72
2020-06-17,KEPULAUAN RIAU,9,0,10,-1,262,175,16,71
2020-06-18,KEPULAUAN RIAU,1,0,0,1,263,175,16,72
2020-06-19,KEPULAUAN RIAU,2,0,10,-8,265,185,16,64
2020-06-20,KEPULAUAN RIAU,1,0,1,0,266,186,16,64
2020-06-21,KEPULAUAN RIAU,13,0,0,13,279,186,16,77
2020-06-22,KEPULAUAN RIAU,2,0,10,-8,281,196,16,69
2020-06-23,KEPULAUAN RIAU,0,0,1,-1,281,197,16,68
2020-06-24,KEPULAUAN RIAU,3,0,1,2,284,198,16,70
2020-06-25,KEPULAUAN RIAU,7,0,12,-5,291,210,16,65
2020-06-26,KEPULAUAN RIAU,0,0,11,-11,291,221,16,54
2020-06-27,KEPULAUAN RIAU,0,0,17,-17,291,238,16,37
2020-06-28,KEPULAUAN RIAU,2,0,2,0,293,240,16,37
2020-06-29,KEPULAUAN RIAU,0,0,3,-3,293,243,16,34
2020-06-30,KEPULAUAN RIAU,0,0,2,-2,293,245,16,32
2020-07-01,KEPULAUAN RIAU,9,0,1,8,302,246,16,40
2020-07-02,KEPULAUAN RIAU,5,0,11,-6,307,257,16,34
2020-07-03,KEPULAUAN RIAU,3,0,4,-1,310,261,16,33
2020-07-04,KEPULAUAN RIAU,1,0,0,1,311,261,16,34
2020-07-05,KEPULAUAN RIAU,2,0,4,-2,313,265,16,32
2020-07-06,KEPULAUAN RIAU,0,0,0,0,313,265,16,32
2020-07-07,KEPULAUAN RIAU,0,0,5,-5,313,270,16,27
2020-07-08,KEPULAUAN RIAU,5,0,12,-7,318,282,16,20
2020-07-09,KEPULAUAN RIAU,3,0,0,3,321,282,16,23
2020-07-10,KEPULAUAN RIAU,0,0,4,-4,321,286,16,19
2020-07-11,KEPULAUAN RIAU,6,0,7,-1,327,293,16,18
2020-07-12,KEPULAUAN RIAU,5,0,1,4,332,294,16,22
2020-07-13,KEPULAUAN RIAU,0,0,1,-1,332,295,16,21
2020-07-14,KEPULAUAN RIAU,5,0,1,4,337,296,16,25
2020-07-15,KEPULAUAN RIAU,4,0,5,-1,341,301,16,24
2020-07-16,KEPULAUAN RIAU,0,0,0,0,341,301,16,24
2020-07-17,KEPULAUAN RIAU,0,0,0,0,341,301,16,24
2020-07-18,KEPULAUAN RIAU,3,0,0,3,344,301,16,27
2020-07-19,KEPULAUAN RIAU,1,0,0,1,345,301,16,28
2020-07-20,KEPULAUAN RIAU,1,0,2,-1,346,303,16,27
2020-07-21,KEPULAUAN RIAU,0,0,0,0,346,303,16,27
2020-07-22,KEPULAUAN RIAU,4,0,1,3,350,304,16,30
2020-07-23,KEPULAUAN RIAU,0,0,4,-4,350,308,16,26
2020-07-24,KEPULAUAN RIAU,2,0,9,-7,352,317,16,19
2020-07-25,KEPULAUAN RIAU,3,0,1,2,355,318,16,21
2020-07-26,KEPULAUAN RIAU,1,1,0,0,356,318,17,21
2020-07-27,KEPULAUAN RIAU,2,0,0,2,358,318,17,23
2020-07-28,KEPULAUAN RIAU,8,1,6,1,366,324,18,24
2020-07-29,KEPULAUAN RIAU,8,1,0,7,374,324,19,31
2020-07-30,KEPULAUAN RIAU,0,0,0,0,374,324,19,31
2020-07-31,KEPULAUAN RIAU,77,1,0,76,451,324,20,107
2020-08-01,KEPULAUAN RIAU,41,0,0,41,492,324,20,148
2020-08-02,KEPULAUAN RIAU,2,0,0,2,494,324,20,150
2020-08-03,KEPULAUAN RIAU,0,0,0,0,494,324,20,150
2020-08-04,KEPULAUAN RIAU,0,0,0,0,494,324,20,150
2020-08-05,KEPULAUAN RIAU,7,3,0,4,501,324,23,154
2020-08-06,KEPULAUAN RIAU,0,0,0,0,501,324,23,154
2020-08-07,KEPULAUAN RIAU,17,0,1,16,518,325,23,170
2020-08-08,KEPULAUAN RIAU,9,0,0,9,527,325,23,179
2020-08-09,KEPULAUAN RIAU,8,1,0,7,535,325,24,186
2020-08-10,KEPULAUAN RIAU,21,0,2,19,556,327,24,205
2020-08-11,KEPULAUAN RIAU,16,0,6,10,572,333,24,215
2020-08-12,KEPULAUAN RIAU,27,1,0,26,599,333,25,241
2020-08-13,KEPULAUAN RIAU,15,1,31,-17,614,364,26,224
2020-08-14,KEPULAUAN RIAU,12,0,18,-6,626,382,26,218
2020-08-15,KEPULAUAN RIAU,22,1,5,16,648,387,27,234
2020-08-16,KEPULAUAN RIAU,10,1,2,7,658,389,28,241
2020-08-17,KEPULAUAN RIAU,12,0,8,4,670,397,28,245
2020-08-18,KEPULAUAN RIAU,0,0,0,0,670,397,28,245
2020-08-19,KEPULAUAN RIAU,15,0,10,5,685,407,28,250
2020-08-20,KEPULAUAN RIAU,1,2,11,-12,686,418,30,238
2020-08-21,KEPULAUAN RIAU,23,1,30,-8,709,448,31,230
2020-08-22,KEPULAUAN RIAU,0,1,0,-1,709,448,32,229
2020-08-23,KEPULAUAN RIAU,39,2,17,20,748,465,34,249
2020-08-24,KEPULAUAN RIAU,11,0,3,8,759,468,34,257
2020-08-25,KEPULAUAN RIAU,10,1,48,-39,769,516,35,218
2020-08-26,KEPULAUAN RIAU,7,0,11,-4,776,527,35,214
2020-08-27,KEPULAUAN RIAU,50,3,6,41,826,533,38,255
2020-08-28,KEPULAUAN RIAU,41,0,6,35,867,539,38,290
2020-08-29,KEPULAUAN RIAU,35,2,13,20,902,552,40,310
2020-08-30,KEPULAUAN RIAU,1,0,0,1,903,552,40,311
2020-08-31,KEPULAUAN RIAU,88,1,23,64,991,575,41,375
2020-09-01,KEPULAUAN RIAU,27,0,0,27,1018,575,41,402
2020-09-02,KEPULAUAN RIAU,47,0,6,41,1065,581,41,443
2020-09-03,KEPULAUAN RIAU,37,0,8,29,1102,589,41,472
2020-09-04,KEPULAUAN RIAU,65,0,9,56,1167,598,41,528
2020-09-05,KEPULAUAN RIAU,17,0,1,16,1184,599,41,544
2020-09-06,KEPULAUAN RIAU,0,0,0,0,1184,599,41,544
2020-09-07,KEPULAUAN RIAU,53,2,52,-1,1237,651,43,543
2020-09-08,KEPULAUAN RIAU,24,1,6,17,1261,657,44,560
2020-09-09,KEPULAUAN RIAU,52,0,1,51,1313,658,44,611
2020-09-10,KEPULAUAN RIAU,28,1,1,26,1341,659,45,637
2020-09-11,KEPULAUAN RIAU,17,0,70,-53,1358,729,45,584
2020-09-12,KEPULAUAN RIAU,21,4,37,-20,1379,766,49,564
2020-09-13,KEPULAUAN RIAU,33,0,2,31,1412,768,49,595
2020-09-14,KEPULAUAN RIAU,19,0,75,-56,1431,843,49,539
2020-09-15,KEPULAUAN RIAU,8,0,25,-17,1439,868,49,522
2020-09-16,KEPULAUAN RIAU,21,0,9,12,1460,877,49,534
2020-09-17,KEPULAUAN RIAU,34,0,1,33,1494,878,49,567
2020-09-18,KEPULAUAN RIAU,88,4,279,-195,1582,1157,53,372
2020-09-19,KEPULAUAN RIAU,46,1,18,27,1628,1175,54,399
2020-09-20,KEPULAUAN RIAU,12,1,0,11,1640,1175,55,410
2020-09-21,KEPULAUAN RIAU,85,0,0,85,1725,1175,55,495
2020-09-22,KEPULAUAN RIAU,23,0,6,17,1748,1181,55,512
2020-09-23,KEPULAUAN RIAU,117,0,19,98,1865,1200,55,610
2020-09-24,KEPULAUAN RIAU,11,0,16,-5,1876,1216,55,605
2020-09-25,KEPULAUAN RIAU,147,0,13,134,2023,1229,55,739
2020-09-26,KEPULAUAN RIAU,92,0,65,27,2115,1294,55,766
2020-09-27,KEPULAUAN RIAU,56,0,1,55,2171,1295,55,821
2020-09-28,KEPULAUAN RIAU,12,0,104,-92,2183,1399,55,729
2020-09-29,KEPULAUAN RIAU,17,0,15,2,2200,1414,55,731
2020-09-30,KEPULAUAN RIAU,34,0,3,31,2234,1417,55,762
2020-10-01,KEPULAUAN RIAU,16,0,1,15,2250,1418,55,777
2020-10-02,KEPULAUAN RIAU,23,0,9,14,2273,1427,55,791
2020-10-03,KEPULAUAN RIAU,33,0,31,2,2306,1458,55,793
2020-10-04,KEPULAUAN RIAU,37,1,1,35,2343,1459,56,828
2020-10-05,KEPULAUAN RIAU,39,3,85,-49,2382,1544,59,779
2020-10-06,KEPULAUAN RIAU,29,0,44,-15,2411,1588,59,764
2020-10-07,KEPULAUAN RIAU,10,0,100,-90,2421,1688,59,674
2020-10-08,KEPULAUAN RIAU,29,1,132,-104,2450,1820,60,570
2020-10-09,KEPULAUAN RIAU,0,0,0,0,2450,1820,60,570
2020-10-10,KEPULAUAN RIAU,75,0,133,-58,2525,1953,60,512
2020-10-11,KEPULAUAN RIAU,22,1,44,-23,2547,1997,61,489
2020-10-12,KEPULAUAN RIAU,72,0,43,29,2619,2040,61,518
2020-10-13,KEPULAUAN RIAU,22,0,53,-31,2641,2093,61,487
2020-10-14,KEPULAUAN RIAU,20,6,1,13,2661,2094,67,500
2020-10-15,KEPULAUAN RIAU,38,1,67,-30,2699,2161,68,470
2020-10-16,KEPULAUAN RIAU,69,0,70,-1,2768,2231,68,469
2020-10-17,KEPULAUAN RIAU,0,1,0,-1,2768,2231,69,468
2020-10-18,KEPULAUAN RIAU,68,1,35,32,2836,2266,70,500
2020-10-19,KEPULAUAN RIAU,47,1,1,45,2883,2267,71,545
2020-10-20,KEPULAUAN RIAU,32,2,78,-48,2915,2345,73,497
2020-10-21,KEPULAUAN RIAU,97,1,0,96,3012,2345,74,593
2020-10-22,KEPULAUAN RIAU,0,0,0,0,3012,2345,74,593
2020-10-23,KEPULAUAN RIAU,114,7,26,81,3126,2371,81,674
2020-10-24,KEPULAUAN RIAU,81,6,34,41,3207,2405,87,715
2020-10-25,KEPULAUAN RIAU,155,1,52,102,3362,2457,88,817
2020-10-26,KEPULAUAN RIAU,138,3,67,68,3500,2524,91,885
2020-10-27,KEPULAUAN RIAU,103,0,0,103,3603,2524,91,988
2020-10-28,KEPULAUAN RIAU,135,1,22,112,3738,2546,92,1100
2020-10-29,KEPULAUAN RIAU,163,2,23,138,3901,2569,94,1238
2020-10-30,KEPULAUAN RIAU,67,1,35,31,3968,2604,95,1269
2020-10-31,KEPULAUAN RIAU,40,0,56,-16,4008,2660,95,1253
2020-11-01,KEPULAUAN RIAU,17,0,3,14,4025,2663,95,1267
2020-11-02,KEPULAUAN RIAU,22,0,107,-85,4047,2770,95,1182
2020-11-03,KEPULAUAN RIAU,64,1,0,63,4111,2770,96,1245
2020-11-04,KEPULAUAN RIAU,34,0,31,3,4145,2801,96,1248
2020-11-05,KEPULAUAN RIAU,44,1,68,-25,4189,2869,97,1223
2020-11-06,KEPULAUAN RIAU,42,0,26,16,4231,2895,97,1239
2020-11-07,KEPULAUAN RIAU,43,4,28,11,4274,2923,101,1250
2020-11-08,KEPULAUAN RIAU,84,5,82,-3,4358,3005,106,1247
2020-11-09,KEPULAUAN RIAU,28,5,49,-26,4386,3054,111,1221
2020-11-10,KEPULAUAN RIAU,0,0,0,0,4386,3054,111,1221
2020-11-11,KEPULAUAN RIAU,158,0,16,142,4544,3070,111,1363
2020-11-12,KEPULAUAN RIAU,97,5,0,92,4641,3070,116,1455
2020-11-13,KEPULAUAN RIAU,74,1,65,8,4715,3135,117,1463
2020-11-14,KEPULAUAN RIAU,21,0,114,-93,4736,3249,117,1370
2020-11-15,KEPULAUAN RIAU,0,1,132,-133,4736,3381,118,1237
2020-11-16,KEPULAUAN RIAU,2,2,0,0,4738,3381,120,1237
2020-11-17,KEPULAUAN RIAU,1,1,102,-102,4739,3483,121,1135
2020-11-18,KEPULAUAN RIAU,0,0,2,-2,4739,3485,121,1133
2020-11-19,KEPULAUAN RIAU,21,0,1,20,4760,3486,121,1153
2020-11-20,KEPULAUAN RIAU,7,0,3,4,4767,3489,121,1157
2020-11-21,KEPULAUAN RIAU,0,0,0,0,4767,3489,121,1157
2020-11-22,KEPULAUAN RIAU,174,0,0,174,4941,3489,121,1331
2020-11-23,KEPULAUAN RIAU,273,0,13,260,5214,3502,121,1591
2020-11-24,KEPULAUAN RIAU,45,0,3,42,5259,3505,121,1633
2020-11-25,KEPULAUAN RIAU,28,7,388,-367,5287,3893,128,1266
2020-11-26,KEPULAUAN RIAU,18,2,109,-93,5305,4002,130,1173
2020-11-27,KEPULAUAN RIAU,46,3,32,11,5351,4034,133,1184
2020-11-28,KEPULAUAN RIAU,26,0,54,-28,5377,4088,133,1156
2020-11-29,KEPULAUAN RIAU,67,3,46,18,5444,4134,136,1174
2020-11-30,KEPULAUAN RIAU,14,0,12,2,5458,4146,136,1176
2020-12-01,KEPULAUAN RIAU,33,0,39,-6,5491,4185,136,1170
2020-12-02,KEPULAUAN RIAU,32,1,0,31,5523,4185,137,1201
2020-12-03,KEPULAUAN RIAU,77,0,222,-145,5600,4407,137,1056
2020-12-04,KEPULAUAN RIAU,56,0,0,56,5656,4407,137,1112
2020-12-05,KEPULAUAN RIAU,86,0,147,-61,5742,4554,137,1051
2020-12-06,KEPULAUAN RIAU,113,4,77,32,5855,4631,141,1083
2020-12-07,KEPULAUAN RIAU,45,5,16,24,5900,4647,146,1107
2020-12-08,KEPULAUAN RIAU,50,3,9,38,5950,4656,149,1145
2020-12-09,KEPULAUAN RIAU,12,0,1,11,5962,4657,149,1156
2020-12-10,KEPULAUAN RIAU,72,0,29,43,6034,4686,149,1199
2020-12-11,KEPULAUAN RIAU,45,1,301,-257,6079,4987,150,942
2020-12-12,KEPULAUAN RIAU,59,0,146,-87,6138,5133,150,855
2020-12-13,KEPULAUAN RIAU,78,3,54,21,6216,5187,153,876
2020-12-14,KEPULAUAN RIAU,97,2,53,42,6313,5240,155,918
2020-12-15,KEPULAUAN RIAU,20,0,21,-1,6333,5261,155,917
2020-12-16,KEPULAUAN RIAU,53,2,68,-17,6386,5329,157,900
2020-12-17,KEPULAUAN RIAU,82,0,17,65,6468,5346,157,965
2020-12-18,KEPULAUAN RIAU,11,2,29,-20,6479,5375,159,945
2020-12-19,KEPULAUAN RIAU,49,0,35,14,6528,5410,159,959
2020-12-20,KEPULAUAN RIAU,0,0,69,-69,6528,5479,159,890
2020-12-21,KEPULAUAN RIAU,154,0,9,145,6682,5488,159,1035
2020-12-22,KEPULAUAN RIAU,33,2,56,-25,6715,5544,161,1010
2020-12-23,KEPULAUAN RIAU,45,0,73,-28,6760,5617,161,982
2020-12-24,KEPULAUAN RIAU,17,1,108,-92,6777,5725,162,890
2020-12-25,KEPULAUAN RIAU,78,1,43,34,6855,5768,163,924
2020-12-26,KEPULAUAN RIAU,15,2,50,-37,6870,5818,165,887
2020-12-27,KEPULAUAN RIAU,8,0,12,-4,6878,5830,165,883
2020-12-28,KEPULAUAN RIAU,33,3,73,-43,6911,5903,168,840
2020-12-29,KEPULAUAN RIAU,22,3,42,-23,6933,5945,171,817
2020-12-30,KEPULAUAN RIAU,35,0,43,-8,6968,5988,171,809
2020-12-31,KEPULAUAN RIAU,27,0,62,-35,6995,6050,171,774
2021-01-01,KEPULAUAN RIAU,19,1,8,10,7014,6058,172,784
2021-01-02,KEPULAUAN RIAU,19,0,98,-79,7033,6156,172,705
2021-01-03,KEPULAUAN RIAU,13,0,21,-8,7046,6177,172,697
2021-01-04,KEPULAUAN RIAU,63,0,52,11,7109,6229,172,708
2021-01-05,KEPULAUAN RIAU,30,2,55,-27,7139,6284,174,681
2021-01-06,KEPULAUAN RIAU,25,0,58,-33,7164,6342,174,648
2021-01-07,KEPULAUAN RIAU,22,2,8,12,7186,6350,176,660
2021-01-08,KEPULAUAN RIAU,26,0,49,-23,7212,6399,176,637
2021-01-09,KEPULAUAN RIAU,60,1,100,-41,7272,6499,177,596
2021-01-10,KEPULAUAN RIAU,34,0,39,-5,7306,6538,177,591
2021-01-11,KEPULAUAN RIAU,19,0,23,-4,7325,6561,177,587
2021-01-12,KEPULAUAN RIAU,32,2,30,0,7357,6591,179,587
2021-01-13,KEPULAUAN RIAU,28,2,16,10,7385,6607,181,597
2021-01-14,KEPULAUAN RIAU,51,1,62,-12,7436,6669,182,585
2021-01-15,KEPULAUAN RIAU,26,1,14,11,7462,6683,183,596
2021-01-16,KEPULAUAN RIAU,63,0,4,59,7525,6687,183,655
2021-01-17,KEPULAUAN RIAU,29,2,31,-4,7554,6718,185,651
2021-01-18,KEPULAUAN RIAU,85,2,24,59,7639,6742,187,710
2021-01-19,KEPULAUAN RIAU,30,0,31,-1,7669,6773,187,709
2021-01-20,KEPULAUAN RIAU,34,1,28,5,7703,6801,188,714
2021-01-21,KEPULAUAN RIAU,30,2,21,7,7733,6822,190,721
2021-01-22,KEPULAUAN RIAU,60,2,21,37,7793,6843,192,758
2021-01-23,KEPULAUAN RIAU,15,0,15,0,7808,6858,192,758
2021-01-24,KEPULAUAN RIAU,23,0,64,-41,7831,6922,192,717
2021-01-25,KEPULAUAN RIAU,32,0,3,29,7863,6925,192,746
2021-01-26,KEPULAUAN RIAU,28,1,30,-3,7891,6955,193,743
2021-01-27,KEPULAUAN RIAU,18,1,25,-8,7909,6980,194,735
2021-01-28,KEPULAUAN RIAU,37,2,21,14,7946,7001,196,749
2021-01-29,KEPULAUAN RIAU,27,0,22,5,7973,7023,196,754
2021-01-30,KEPULAUAN RIAU,26,0,59,-33,7999,7082,196,721
2021-01-31,KEPULAUAN RIAU,100,2,33,65,8099,7115,198,786
2021-02-01,KEPULAUAN RIAU,50,3,10,37,8149,7125,201,823
2021-02-02,KEPULAUAN RIAU,26,2,172,-148,8175,7297,203,675
2021-02-03,KEPULAUAN RIAU,19,0,0,19,8194,7297,203,694
2021-02-04,KEPULAUAN RIAU,36,0,53,-17,8230,7350,203,677
2021-02-05,KEPULAUAN RIAU,25,0,161,-136,8255,7511,203,541
2021-02-06,KEPULAUAN RIAU,19,1,33,-15,8274,7544,204,526
2021-02-07,KEPULAUAN RIAU,31,0,51,-20,8305,7595,204,506
2021-02-08,KEPULAUAN RIAU,10,0,67,-57,8315,7662,204,449
2021-02-09,KEPULAUAN RIAU,51,4,32,15,8366,7694,208,464
2021-02-10,KEPULAUAN RIAU,37,0,80,-43,8403,7774,208,421
2021-02-11,KEPULAUAN RIAU,25,0,33,-8,8428,7807,208,413
2021-02-12,KEPULAUAN RIAU,11,0,69,-58,8439,7876,208,355
2021-02-13,KEPULAUAN RIAU,20,1,7,12,8459,7883,209,367
2021-02-14,KEPULAUAN RIAU,33,0,17,16,8492,7900,209,383
2021-02-15,KEPULAUAN RIAU,8,0,1,7,8500,7901,209,390
2021-02-16,KEPULAUAN RIAU,14,0,7,7,8514,7908,209,397
2021-02-17,KEPULAUAN RIAU,13,1,3,9,8527,7911,210,406
2021-02-18,KEPULAUAN RIAU,25,0,108,-83,8552,8019,210,323
2021-02-19,KEPULAUAN RIAU,11,2,71,-62,8563,8090,212,261
2021-02-20,KEPULAUAN RIAU,17,2,30,-15,8580,8120,214,246
2021-02-21,KEPULAUAN RIAU,24,3,22,-1,8604,8142,217,245
2021-02-22,KEPULAUAN RIAU,22,0,21,1,8626,8163,217,246
2021-02-23,KEPULAUAN RIAU,16,0,1,15,8642,8164,217,261
2021-02-24,KEPULAUAN RIAU,15,1,19,-5,8657,8183,218,256
2021-02-25,KEPULAUAN RIAU,8,0,75,-67,8665,8258,218,189
2021-02-26,KEPULAUAN RIAU,19,0,14,5,8684,8272,218,194
2021-02-27,KEPULAUAN RIAU,11,0,7,4,8695,8279,218,198
2021-02-28,KEPULAUAN RIAU,7,1,4,2,8702,8283,219,200
2021-03-01,KEPULAUAN RIAU,13,1,20,-8,8715,8303,220,192
2021-03-02,KEPULAUAN RIAU,9,0,12,-3,8724,8315,220,189
2021-03-03,KEPULAUAN RIAU,6,0,19,-13,8730,8334,220,176
2021-03-04,KEPULAUAN RIAU,12,0,17,-5,8742,8351,220,171
2021-03-05,KEPULAUAN RIAU,19,0,17,2,8761,8368,220,173
2021-03-06,KEPULAUAN RIAU,13,0,18,-5,8774,8386,220,168
2021-03-07,KEPULAUAN RIAU,13,0,17,-4,8787,8403,220,164
2021-03-08,KEPULAUAN RIAU,17,1,3,13,8804,8406,221,177
2021-03-09,KEPULAUAN RIAU,3,0,22,-19,8807,8428,221,158
2021-03-10,KEPULAUAN RIAU,14,0,20,-6,8821,8448,221,152
2021-03-11,KEPULAUAN RIAU,18,0,9,9,8839,8457,221,161
2021-03-12,KEPULAUAN RIAU,3,0,13,-10,8842,8470,221,151
2021-03-13,KEPULAUAN RIAU,4,1,5,-2,8846,8475,222,149
2021-03-14,KEPULAUAN RIAU,27,0,8,19,8873,8483,222,168
2021-03-15,KEPULAUAN RIAU,4,1,3,0,8877,8486,223,168
2021-03-16,KEPULAUAN RIAU,2,0,22,-20,8879,8508,223,148
2021-03-17,KEPULAUAN RIAU,37,1,4,32,8916,8512,224,180
2021-03-18,KEPULAUAN RIAU,8,1,18,-11,8924,8530,225,169
2021-03-19,KEPULAUAN RIAU,19,0,4,15,8943,8534,225,184
2021-03-20,KEPULAUAN RIAU,12,0,3,9,8955,8537,225,193
2021-03-21,KEPULAUAN RIAU,5,0,15,-10,8960,8552,225,183
2021-03-22,KEPULAUAN RIAU,33,1,25,7,8993,8577,226,190
2021-03-23,KEPULAUAN RIAU,15,0,6,9,9008,8583,226,199
2021-03-24,KEPULAUAN RIAU,31,1,1,29,9039,8584,227,228
2021-03-25,KEPULAUAN RIAU,42,0,21,21,9081,8605,227,249
2021-03-26,KEPULAUAN RIAU,17,2,17,-2,9098,8622,229,247
2021-03-27,KEPULAUAN RIAU,25,0,1,24,9123,8623,229,271
2021-03-28,KEPULAUAN RIAU,20,0,8,12,9143,8631,229,283
2021-03-29,KEPULAUAN RIAU,11,0,2,9,9154,8633,229,292
2021-03-30,KEPULAUAN RIAU,8,0,38,-30,9162,8671,229,262
2021-03-31,KEPULAUAN RIAU,23,0,4,19,9185,8675,229,281
2021-04-01,KEPULAUAN RIAU,31,0,18,13,9216,8693,229,294
2021-04-02,KEPULAUAN RIAU,32,1,34,-3,9248,8727,230,291
2021-04-03,KEPULAUAN RIAU,56,0,43,13,9304,8770,230,304
2021-04-04,KEPULAUAN RIAU,10,0,0,10,9314,8770,230,314
2021-04-05,KEPULAUAN RIAU,44,0,5,39,9358,8775,230,353
2021-04-06,KEPULAUAN RIAU,23,0,17,6,9381,8792,230,359
2021-04-07,KEPULAUAN RIAU,34,1,21,12,9415,8813,231,371
2021-04-08,KEPULAUAN RIAU,26,2,18,6,9441,8831,233,377
2021-04-09,KEPULAUAN RIAU,58,1,5,52,9499,8836,234,429
2021-04-10,KEPULAUAN RIAU,25,1,29,-5,9524,8865,235,424
2021-04-11,KEPULAUAN RIAU,38,0,7,31,9562,8872,235,455
2021-04-12,KEPULAUAN RIAU,24,2,49,-27,9586,8921,237,428
2021-04-13,KEPULAUAN RIAU,87,1,22,64,9673,8943,238,492
2021-04-14,KEPULAUAN RIAU,45,0,15,30,9718,8958,238,522
2021-04-15,KEPULAUAN RIAU,129,0,10,119,9847,8968,238,641
2021-04-16,KEPULAUAN RIAU,66,2,12,52,9913,8980,240,693
2021-04-17,KEPULAUAN RIAU,69,0,37,32,9982,9017,240,725
2021-04-18,KEPULAUAN RIAU,88,0,2,86,10070,9019,240,811
2021-04-19,KEPULAUAN RIAU,26,1,71,-46,10096,9090,241,765
2021-04-20,KEPULAUAN RIAU,86,0,36,50,10182,9126,241,815
2021-04-21,KEPULAUAN RIAU,60,2,17,41,10242,9143,243,856
2021-04-22,KEPULAUAN RIAU,85,1,32,52,10327,9175,244,908
2021-04-23,KEPULAUAN RIAU,50,0,21,29,10377,9196,244,937
2021-04-24,KEPULAUAN RIAU,101,2,38,61,10478,9234,246,998
2021-04-25,KEPULAUAN RIAU,148,1,171,-24,10626,9405,247,974
2021-04-26,KEPULAUAN RIAU,137,4,147,-14,10763,9552,251,960
2021-04-27,KEPULAUAN RIAU,75,2,20,53,10838,9572,253,1013
2021-04-28,KEPULAUAN RIAU,105,2,20,83,10943,9592,255,1096
2021-04-29,KEPULAUAN RIAU,118,1,37,80,11061,9629,256,1176
2021-04-30,KEPULAUAN RIAU,114,0,12,102,11175,9641,256,1278
2021-05-01,KEPULAUAN RIAU,180,1,111,68,11355,9752,257,1346
2021-05-02,KEPULAUAN RIAU,145,0,8,137,11500,9760,257,1483
2021-05-03,KEPULAUAN RIAU,153,0,0,153,11653,9760,257,1636
2021-05-04,KEPULAUAN RIAU,134,3,173,-42,11787,9933,260,1594
2021-05-05,KEPULAUAN RIAU,94,0,111,-17,11881,10044,260,1577
2021-05-06,KEPULAUAN RIAU,253,11,89,153,12134,10133,271,1730
2021-05-07,KEPULAUAN RIAU,94,0,33,61,12228,10166,271,1791
2021-05-08,KEPULAUAN RIAU,112,0,19,93,12340,10185,271,1884
2021-05-09,KEPULAUAN RIAU,92,0,311,-219,12432,10496,271,1665
2021-05-10,KEPULAUAN RIAU,109,0,82,27,12541,10578,271,1692
2021-05-11,KEPULAUAN RIAU,147,2,132,13,12688,10710,273,1705
2021-05-12,KEPULAUAN RIAU,125,0,3,122,12813,10713,273,1827
2021-05-13,KEPULAUAN RIAU,98,12,255,-169,12911,10968,285,1658
2021-05-14,KEPULAUAN RIAU,98,0,13,85,13009,10981,285,1743
2021-05-15,KEPULAUAN RIAU,190,1,9,180,13199,10990,286,1923
2021-05-16,KEPULAUAN RIAU,222,12,242,-32,13421,11232,298,1891
2021-05-17,KEPULAUAN RIAU,106,1,4,101,13527,11236,299,1992
2021-05-18,KEPULAUAN RIAU,164,2,128,34,13691,11364,301,2026
2021-05-19,KEPULAUAN RIAU,137,0,103,34,13828,11467,301,2060
2021-05-20,KEPULAUAN RIAU,205,0,281,-76,14033,11748,301,1984
2021-05-21,KEPULAUAN RIAU,236,9,46,181,14269,11794,310,2165
2021-05-22,KEPULAUAN RIAU,174,0,60,114,14443,11854,310,2279
2021-05-23,KEPULAUAN RIAU,215,0,25,190,14658,11879,310,2469
2021-05-24,KEPULAUAN RIAU,247,1,313,-67,14905,12192,311,2402
2021-05-25,KEPULAUAN RIAU,191,2,21,168,15096,12213,313,2570
2021-05-26,KEPULAUAN RIAU,190,3,56,131,15286,12269,316,2701
2021-05-27,KEPULAUAN RIAU,411,0,82,329,15697,12351,316,3030
2021-05-28,KEPULAUAN RIAU,219,8,154,57,15916,12505,324,3087
2021-05-29,KEPULAUAN RIAU,456,8,175,273,16372,12680,332,3360
2021-05-30,KEPULAUAN RIAU,294,7,201,86,16666,12881,339,3446
2021-05-31,KEPULAUAN RIAU,161,0,16,145,16827,12897,339,3591
2021-06-01,KEPULAUAN RIAU,227,22,195,10,17054,13092,361,3601
2021-06-02,KEPULAUAN RIAU,351,8,42,301,17405,13134,369,3902
2021-06-03,KEPULAUAN RIAU,217,13,120,84,17622,13254,382,3986
2021-06-04,KEPULAUAN RIAU,200,0,120,80,17822,13374,382,4066
2021-06-05,KEPULAUAN RIAU,372,2,332,38,18194,13706,384,4104
2021-06-06,KEPULAUAN RIAU,273,2,9,262,18467,13715,386,4366
2021-06-07,KEPULAUAN RIAU,151,0,27,124,18618,13742,386,4490
2021-06-08,KEPULAUAN RIAU,218,1,426,-209,18836,14168,387,4281
2021-06-09,KEPULAUAN RIAU,407,17,429,-39,19243,14597,404,4242
2021-06-10,KEPULAUAN RIAU,307,0,292,15,19550,14889,404,4257
2021-06-11,KEPULAUAN RIAU,300,4,288,8,19850,15177,408,4265
2021-06-12,KEPULAUAN RIAU,282,1,965,-684,20132,16142,409,3581
2021-06-13,KEPULAUAN RIAU,215,0,354,-139,20347,16496,409,3442
2021-06-14,KEPULAUAN RIAU,120,9,30,81,20467,16526,418,3523
2021-06-15,KEPULAUAN RIAU,219,0,0,219,20686,16526,418,3742
2021-06-16,KEPULAUAN RIAU,351,1,506,-156,21037,17032,419,3586
2021-06-17,KEPULAUAN RIAU,307,23,307,-23,21344,17339,442,3563
2021-06-18,KEPULAUAN RIAU,278,0,334,-56,21622,17673,442,3507
2021-06-19,KEPULAUAN RIAU,341,0,515,-174,21963,18188,442,3333
2021-06-20,KEPULAUAN RIAU,337,2,213,122,22300,18401,444,3455
2021-06-21,KEPULAUAN RIAU,227,0,399,-172,22527,18800,444,3283
2021-06-22,KEPULAUAN RIAU,153,2,33,118,22680,18833,446,3401
2021-06-23,KEPULAUAN RIAU,309,25,277,7,22989,19110,471,3408
2021-06-24,KEPULAUAN RIAU,459,2,431,26,23448,19541,473,3434
2021-06-25,KEPULAUAN RIAU,403,2,181,220,23851,19722,475,3654
2021-06-26,KEPULAUAN RIAU,408,17,255,136,24259,19977,492,3790
2021-06-27,KEPULAUAN RIAU,435,15,287,133,24694,20264,507,3923
2021-06-28,KEPULAUAN RIAU,329,15,296,18,25023,20560,522,3941
2021-06-29,KEPULAUAN RIAU,480,18,299,163,25503,20859,540,4104
2021-06-30,KEPULAUAN RIAU,421,4,60,357,25924,20919,544,4461
2021-07-01,KEPULAUAN RIAU,397,6,267,124,26321,21186,550,4585
2021-07-02,KEPULAUAN RIAU,469,15,335,119,26790,21521,565,4704
2021-07-03,KEPULAUAN RIAU,648,8,281,359,27438,21802,573,5063
2021-07-04,KEPULAUAN RIAU,416,23,630,-237,27854,22432,596,4826
2021-07-05,KEPULAUAN RIAU,408,13,534,-139,28262,22966,609,4687
2021-07-06,KEPULAUAN RIAU,586,2,23,561,28848,22989,611,5248
2021-07-07,KEPULAUAN RIAU,608,12,756,-160,29456,23745,623,5088
2021-07-08,KEPULAUAN RIAU,456,5,33,418,29912,23778,628,5506
2021-07-09,KEPULAUAN RIAU,725,11,141,573,30637,23919,639,6079
2021-07-10,KEPULAUAN RIAU,481,37,570,-126,31118,24489,676,5953
2021-07-11,KEPULAUAN RIAU,651,3,500,148,31769,24989,679,6101
2021-07-12,KEPULAUAN RIAU,580,15,388,177,32349,25377,694,6278
2021-07-13,KEPULAUAN RIAU,539,7,400,132,32888,25777,701,6410
2021-07-14,KEPULAUAN RIAU,529,25,468,36,33417,26245,726,6446
2021-07-15,KEPULAUAN RIAU,625,18,620,-13,34042,26865,744,6433
2021-07-16,KEPULAUAN RIAU,719,13,242,464,34761,27107,757,6897
2021-07-17,KEPULAUAN RIAU,892,37,192,663,35653,27299,794,7560
2021-07-18,KEPULAUAN RIAU,928,31,347,550,36581,27646,825,8110
2021-07-19,KEPULAUAN RIAU,704,17,554,133,37285,28200,842,8243
2021-07-20,KEPULAUAN RIAU,710,23,612,75,37995,28812,865,8318
2021-07-21,KEPULAUAN RIAU,520,13,434,73,38515,29246,878,8391
2021-07-22,KEPULAUAN RIAU,690,17,698,-25,39205,29944,895,8366
2021-07-23,KEPULAUAN RIAU,912,27,469,416,40117,30413,922,8782
2021-07-24,KEPULAUAN RIAU,692,21,614,57,40809,31027,943,8839
2021-07-25,KEPULAUAN RIAU,599,14,609,-24,41408,31636,957,8815
2021-07-26,KEPULAUAN RIAU,473,45,507,-79,41881,32143,1002,8736
2021-07-27,KEPULAUAN RIAU,656,11,511,134,42537,32654,1013,8870
2021-07-28,KEPULAUAN RIAU,690,36,825,-171,43227,33479,1049,8699
2021-07-29,KEPULAUAN RIAU,516,30,642,-156,43743,34121,1079,8543
2021-07-30,KEPULAUAN RIAU,539,45,873,-379,44282,34994,1124,8164
2021-07-31,KEPULAUAN RIAU,497,36,891,-430,44779,35885,1160,7734
2021-08-01,KEPULAUAN RIAU,366,23,1379,-1036,45145,37264,1183,6698
2021-08-02,KEPULAUAN RIAU,406,9,1086,-689,45551,38350,1192,6009
2021-08-03,KEPULAUAN RIAU,575,37,902,-364,46126,39252,1229,5645
2021-08-04,KEPULAUAN RIAU,503,0,819,-316,46629,40071,1229,5329
2021-08-05,KEPULAUAN RIAU,445,44,609,-208,47074,40680,1273,5121
2021-08-06,KEPULAUAN RIAU,512,0,421,91,47586,41101,1273,5212
2021-08-07,KEPULAUAN RIAU,320,0,574,-254,47906,41675,1273,4958
2021-08-08,KEPULAUAN RIAU,281,62,595,-376,48187,42270,1335,4582
2021-08-09,KEPULAUAN RIAU,307,18,386,-97,48494,42656,1353,4485
2021-08-10,KEPULAUAN RIAU,310,18,777,-485,48804,43433,1371,4000
2021-08-11,KEPULAUAN RIAU,275,21,456,-202,49079,43889,1392,3798
2021-08-12,KEPULAUAN RIAU,233,45,348,-160,49312,44237,1437,3638
2021-08-13,KEPULAUAN RIAU,278,7,423,-152,49590,44660,1444,3486
2021-08-14,KEPULAUAN RIAU,247,17,300,-70,49837,44960,1461,3416
2021-08-15,KEPULAUAN RIAU,212,4,717,-509,50049,45677,1465,2907
2021-08-16,KEPULAUAN RIAU,201,0,400,-199,50250,46077,1465,2708
2021-08-17,KEPULAUAN RIAU,284,17,464,-197,50534,46541,1482,2511
2021-08-18,KEPULAUAN RIAU,178,24,297,-143,50712,46838,1506,2368
2020-03-29,KALIMANTAN BARAT,7,0,2,5,7,2,0,5
2020-03-30,KALIMANTAN BARAT,1,0,0,1,8,2,0,6
2020-03-31,KALIMANTAN BARAT,0,0,0,0,8,2,0,6
2020-04-01,KALIMANTAN BARAT,1,0,0,1,9,2,0,7
2020-04-02,KALIMANTAN BARAT,0,1,0,-1,9,2,1,6
2020-04-03,KALIMANTAN BARAT,0,0,0,0,9,2,1,6
2020-04-04,KALIMANTAN BARAT,0,0,0,0,9,2,1,6
2020-04-05,KALIMANTAN BARAT,0,0,0,0,9,2,1,6
2020-04-06,KALIMANTAN BARAT,0,0,0,0,9,2,1,6
2020-04-07,KALIMANTAN BARAT,1,0,1,0,10,3,1,6
2020-04-08,KALIMANTAN BARAT,0,0,0,0,10,3,1,6
2020-04-09,KALIMANTAN BARAT,0,0,0,0,10,3,1,6
2020-04-10,KALIMANTAN BARAT,0,0,0,0,10,3,1,6
2020-04-11,KALIMANTAN BARAT,0,0,0,0,10,3,1,6
2020-04-12,KALIMANTAN BARAT,3,0,0,3,13,3,1,9
2020-04-13,KALIMANTAN BARAT,0,0,0,0,13,3,1,9
2020-04-14,KALIMANTAN BARAT,0,0,2,-2,13,5,1,7
2020-04-15,KALIMANTAN BARAT,0,0,0,0,13,5,1,7
2020-04-16,KALIMANTAN BARAT,8,0,0,8,21,5,1,15
2020-04-17,KALIMANTAN BARAT,0,0,0,0,21,5,1,15
2020-04-18,KALIMANTAN BARAT,0,0,0,0,21,5,1,15
2020-04-19,KALIMANTAN BARAT,0,0,0,0,21,5,1,15
2020-04-20,KALIMANTAN BARAT,0,0,0,0,21,5,1,15
2020-04-21,KALIMANTAN BARAT,6,0,1,5,27,6,1,20
2020-04-22,KALIMANTAN BARAT,4,0,1,3,31,7,1,23
2020-04-23,KALIMANTAN BARAT,19,0,0,19,50,7,1,42
2020-04-24,KALIMANTAN BARAT,0,0,0,0,50,7,1,42
2020-04-25,KALIMANTAN BARAT,1,0,0,1,51,7,1,43
2020-04-26,KALIMANTAN BARAT,0,0,0,0,51,7,1,43
2020-04-27,KALIMANTAN BARAT,0,0,0,0,51,7,1,43
2020-04-28,KALIMANTAN BARAT,0,0,0,0,51,7,1,43
2020-04-29,KALIMANTAN BARAT,7,0,0,7,58,7,1,50
2020-04-30,KALIMANTAN BARAT,0,0,0,0,58,7,1,50
2020-05-01,KALIMANTAN BARAT,3,0,0,3,61,7,1,53
2020-05-02,KALIMANTAN BARAT,7,0,0,7,68,7,1,60
2020-05-03,KALIMANTAN BARAT,2,0,0,2,70,7,1,62
2020-05-04,KALIMANTAN BARAT,3,0,0,3,73,7,1,65
2020-05-05,KALIMANTAN BARAT,0,0,0,0,73,7,1,65
2020-05-06,KALIMANTAN BARAT,17,0,3,14,90,10,1,79
2020-05-07,KALIMANTAN BARAT,5,0,0,5,95,10,1,84
2020-05-08,KALIMANTAN BARAT,0,0,0,0,95,10,1,84
2020-05-09,KALIMANTAN BARAT,23,0,0,23,118,10,1,107
2020-05-10,KALIMANTAN BARAT,2,0,0,2,120,10,1,109
2020-05-11,KALIMANTAN BARAT,0,0,0,0,120,10,1,109
2020-05-12,KALIMANTAN BARAT,3,0,9,-6,123,19,1,103
2020-05-13,KALIMANTAN BARAT,6,1,2,3,129,21,2,106
2020-05-14,KALIMANTAN BARAT,0,0,0,0,129,21,2,106
2020-05-15,KALIMANTAN BARAT,0,0,0,0,129,21,2,106
2020-05-16,KALIMANTAN BARAT,2,0,0,2,131,21,2,108
2020-05-17,KALIMANTAN BARAT,1,0,2,-1,132,23,2,107
2020-05-18,KALIMANTAN BARAT,0,0,8,-8,132,31,2,99
2020-05-19,KALIMANTAN BARAT,0,0,0,0,132,31,2,99
2020-05-20,KALIMANTAN BARAT,0,0,0,0,132,31,2,99
2020-05-21,KALIMANTAN BARAT,1,0,5,-4,133,36,2,95
2020-05-22,KALIMANTAN BARAT,7,0,1,6,140,37,2,101
2020-05-23,KALIMANTAN BARAT,28,0,0,28,168,37,2,129
2020-05-24,KALIMANTAN BARAT,0,0,0,0,168,37,2,129
2020-05-25,KALIMANTAN BARAT,7,0,5,2,175,42,2,131
2020-05-26,KALIMANTAN BARAT,1,0,1,0,176,43,2,131
2020-05-27,KALIMANTAN BARAT,7,0,0,7,183,43,2,138
2020-05-28,KALIMANTAN BARAT,1,0,0,1,184,43,2,139
2020-05-29,KALIMANTAN BARAT,0,0,3,-3,184,46,2,136
2020-05-30,KALIMANTAN BARAT,0,0,0,0,184,46,2,136
2020-05-31,KALIMANTAN BARAT,5,0,5,0,189,51,2,136
2020-06-01,KALIMANTAN BARAT,7,0,3,4,196,54,2,140
2020-06-02,KALIMANTAN BARAT,0,0,0,0,196,54,2,140
2020-06-03,KALIMANTAN BARAT,6,0,24,-18,202,78,2,122
2020-06-04,KALIMANTAN BARAT,0,0,15,-15,202,93,2,107
2020-06-05,KALIMANTAN BARAT,3,0,15,-12,205,108,2,95
2020-06-06,KALIMANTAN BARAT,5,0,5,0,210,113,2,95
2020-06-07,KALIMANTAN BARAT,0,0,0,0,210,113,2,95
2020-06-08,KALIMANTAN BARAT,0,0,3,-3,210,116,2,92
2020-06-09,KALIMANTAN BARAT,24,0,1,23,234,117,2,115
2020-06-10,KALIMANTAN BARAT,11,0,20,-9,245,137,2,106
2020-06-11,KALIMANTAN BARAT,0,0,7,-7,245,144,2,99
2020-06-12,KALIMANTAN BARAT,22,0,1,21,267,145,2,120
2020-06-13,KALIMANTAN BARAT,0,0,4,-4,267,149,2,116
2020-06-14,KALIMANTAN BARAT,1,0,9,-8,268,158,2,108
2020-06-15,KALIMANTAN BARAT,0,0,7,-7,268,165,2,101
2020-06-16,KALIMANTAN BARAT,2,0,1,1,270,166,2,102
2020-06-17,KALIMANTAN BARAT,12,0,0,12,282,166,2,114
2020-06-18,KALIMANTAN BARAT,0,0,6,-6,282,172,2,108
2020-06-19,KALIMANTAN BARAT,14,0,13,1,296,185,2,109
2020-06-20,KALIMANTAN BARAT,2,0,9,-7,298,194,2,102
2020-06-21,KALIMANTAN BARAT,0,0,21,-21,298,215,2,81
2020-06-22,KALIMANTAN BARAT,0,0,3,-3,298,218,2,78
2020-06-23,KALIMANTAN BARAT,15,0,4,11,313,222,2,89
2020-06-24,KALIMANTAN BARAT,0,0,5,-5,313,227,2,84
2020-06-25,KALIMANTAN BARAT,0,0,7,-7,313,234,2,77
2020-06-26,KALIMANTAN BARAT,0,0,6,-6,313,240,2,71
2020-06-27,KALIMANTAN BARAT,8,0,10,-2,321,250,2,69
2020-06-28,KALIMANTAN BARAT,0,0,8,-8,321,258,2,61
2020-06-29,KALIMANTAN BARAT,0,0,4,-4,321,262,2,57
2020-06-30,KALIMANTAN BARAT,0,0,5,-5,321,267,2,52
2020-07-01,KALIMANTAN BARAT,15,0,3,12,336,270,2,64
2020-07-02,KALIMANTAN BARAT,0,0,0,0,336,270,2,64
2020-07-03,KALIMANTAN BARAT,0,0,6,-6,336,276,2,58
2020-07-04,KALIMANTAN BARAT,0,0,4,-4,336,280,2,54
2020-07-05,KALIMANTAN BARAT,3,0,19,-16,339,299,2,38
2020-07-06,KALIMANTAN BARAT,0,0,0,0,339,299,2,38
2020-07-07,KALIMANTAN BARAT,5,0,5,0,344,304,2,38
2020-07-08,KALIMANTAN BARAT,0,0,1,-1,344,305,2,37
2020-07-09,KALIMANTAN BARAT,3,0,2,1,347,307,2,38
2020-07-10,KALIMANTAN BARAT,0,0,0,0,347,307,2,38
2020-07-11,KALIMANTAN BARAT,0,0,19,-19,347,326,2,19
2020-07-12,KALIMANTAN BARAT,3,0,0,3,350,326,2,22
2020-07-13,KALIMANTAN BARAT,5,0,1,4,355,327,2,26
2020-07-14,KALIMANTAN BARAT,0,0,12,-12,355,339,2,14
2020-07-15,KALIMANTAN BARAT,0,0,0,0,355,339,2,14
2020-07-16,KALIMANTAN BARAT,4,0,1,3,359,340,2,17
2020-07-17,KALIMANTAN BARAT,0,0,0,0,359,340,2,17
2020-07-18,KALIMANTAN BARAT,0,0,6,-6,359,346,2,11
2020-07-19,KALIMANTAN BARAT,0,0,4,-4,359,350,2,7
2020-07-20,KALIMANTAN BARAT,0,0,0,0,359,350,2,7
2020-07-21,KALIMANTAN BARAT,0,0,0,0,359,350,2,7
2020-07-22,KALIMANTAN BARAT,0,0,4,-4,359,354,2,3
2020-07-23,KALIMANTAN BARAT,0,0,0,0,359,354,2,3
2020-07-24,KALIMANTAN BARAT,0,0,0,0,359,354,2,3
2020-07-25,KALIMANTAN BARAT,6,0,0,6,365,354,2,9
2020-07-26,KALIMANTAN BARAT,0,0,0,0,365,354,2,9
2020-07-27,KALIMANTAN BARAT,0,0,0,0,365,354,2,9
2020-07-28,KALIMANTAN BARAT,16,0,0,16,381,354,2,25
2020-07-29,KALIMANTAN BARAT,0,0,0,0,381,354,2,25
2020-07-30,KALIMANTAN BARAT,0,0,0,0,381,354,2,25
2020-07-31,KALIMANTAN BARAT,6,0,0,6,387,354,2,31
2020-08-01,KALIMANTAN BARAT,0,0,0,0,387,354,2,31
2020-08-02,KALIMANTAN BARAT,0,0,0,0,387,354,2,31
2020-08-03,KALIMANTAN BARAT,0,0,0,0,387,354,2,31
2020-08-04,KALIMANTAN BARAT,0,0,16,-16,387,370,2,15
2020-08-05,KALIMANTAN BARAT,0,0,0,0,387,370,2,15
2020-08-06,KALIMANTAN BARAT,7,0,0,7,394,370,2,22
2020-08-07,KALIMANTAN BARAT,3,0,3,0,397,373,2,22
2020-08-08,KALIMANTAN BARAT,0,0,0,0,397,373,2,22
2020-08-09,KALIMANTAN BARAT,13,0,6,7,410,379,2,29
2020-08-10,KALIMANTAN BARAT,6,0,0,6,416,379,2,35
2020-08-11,KALIMANTAN BARAT,4,0,0,4,420,379,2,39
2020-08-12,KALIMANTAN BARAT,9,0,0,9,429,379,2,48
2020-08-13,KALIMANTAN BARAT,10,0,18,-8,439,397,2,40
2020-08-14,KALIMANTAN BARAT,5,0,1,4,444,398,2,44
2020-08-15,KALIMANTAN BARAT,3,0,6,-3,447,404,2,41
2020-08-16,KALIMANTAN BARAT,0,0,2,-2,447,406,2,39
2020-08-17,KALIMANTAN BARAT,0,0,0,0,447,406,2,39
2020-08-18,KALIMANTAN BARAT,5,0,2,3,452,408,2,42
2020-08-19,KALIMANTAN BARAT,4,0,1,3,456,409,2,45
2020-08-20,KALIMANTAN BARAT,15,0,14,1,471,423,2,46
2020-08-21,KALIMANTAN BARAT,29,0,0,29,500,423,2,75
2020-08-22,KALIMANTAN BARAT,33,0,5,28,533,428,2,103
2020-08-23,KALIMANTAN BARAT,33,0,19,14,566,447,2,117
2020-08-24,KALIMANTAN BARAT,12,0,0,12,578,447,2,129
2020-08-25,KALIMANTAN BARAT,27,0,0,27,605,447,2,156
2020-08-26,KALIMANTAN BARAT,0,0,20,-20,605,467,2,136
2020-08-27,KALIMANTAN BARAT,6,0,41,-35,611,508,2,101
2020-08-28,KALIMANTAN BARAT,0,0,0,0,611,508,2,101
2020-08-29,KALIMANTAN BARAT,16,0,31,-15,627,539,2,86
2020-08-30,KALIMANTAN BARAT,18,1,0,17,645,539,3,103
2020-08-31,KALIMANTAN BARAT,0,0,17,-17,645,556,3,86
2020-09-01,KALIMANTAN BARAT,8,0,0,8,653,556,3,94
2020-09-02,KALIMANTAN BARAT,6,0,21,-15,659,577,3,79
2020-09-03,KALIMANTAN BARAT,15,0,10,5,674,587,3,84
2020-09-04,KALIMANTAN BARAT,11,0,12,-1,685,599,3,83
2020-09-05,KALIMANTAN BARAT,6,1,14,-9,691,613,4,74
2020-09-06,KALIMANTAN BARAT,13,0,0,13,704,613,4,87
2020-09-07,KALIMANTAN BARAT,0,0,0,0,704,613,4,87
2020-09-08,KALIMANTAN BARAT,7,0,5,2,711,618,4,89
2020-09-09,KALIMANTAN BARAT,12,0,2,10,723,620,4,99
2020-09-10,KALIMANTAN BARAT,5,0,0,5,728,620,4,104
2020-09-11,KALIMANTAN BARAT,8,0,23,-15,736,643,4,89
2020-09-12,KALIMANTAN BARAT,11,0,3,8,747,646,4,97
2020-09-13,KALIMANTAN BARAT,7,0,2,5,754,648,4,102
2020-09-14,KALIMANTAN BARAT,26,0,6,20,780,654,4,122
2020-09-15,KALIMANTAN BARAT,4,1,0,3,784,654,5,125
2020-09-16,KALIMANTAN BARAT,19,0,11,8,803,665,5,133
2020-09-17,KALIMANTAN BARAT,22,0,4,18,825,669,5,151
2020-09-18,KALIMANTAN BARAT,15,0,11,4,840,680,5,155
2020-09-19,KALIMANTAN BARAT,21,0,9,12,861,689,5,167
2020-09-20,KALIMANTAN BARAT,6,0,15,-9,867,704,5,158
2020-09-21,KALIMANTAN BARAT,1,0,15,-14,868,719,5,144
2020-09-22,KALIMANTAN BARAT,11,0,0,11,879,719,5,155
2020-09-23,KALIMANTAN BARAT,6,1,2,3,885,721,6,158
2020-09-24,KALIMANTAN BARAT,16,0,7,9,901,728,6,167
2020-09-25,KALIMANTAN BARAT,34,0,40,-6,935,768,6,161
2020-09-26,KALIMANTAN BARAT,11,0,11,0,946,779,6,161
2020-09-27,KALIMANTAN BARAT,11,1,9,1,957,788,7,162
2020-09-28,KALIMANTAN BARAT,0,0,0,0,957,788,7,162
2020-09-29,KALIMANTAN BARAT,17,0,19,-2,974,807,7,160
2020-09-30,KALIMANTAN BARAT,8,0,2,6,982,809,7,166
2020-10-01,KALIMANTAN BARAT,29,0,14,15,1011,823,7,181
2020-10-02,KALIMANTAN BARAT,6,0,18,-12,1017,841,7,169
2020-10-03,KALIMANTAN BARAT,6,0,5,1,1023,846,7,170
2020-10-04,KALIMANTAN BARAT,19,0,19,0,1042,865,7,170
2020-10-05,KALIMANTAN BARAT,2,0,0,2,1044,865,7,172
2020-10-06,KALIMANTAN BARAT,41,0,8,33,1085,873,7,205
2020-10-07,KALIMANTAN BARAT,10,0,4,6,1095,877,7,211
2020-10-08,KALIMANTAN BARAT,13,0,1,12,1108,878,7,223
2020-10-09,KALIMANTAN BARAT,28,0,30,-2,1136,908,7,221
2020-10-10,KALIMANTAN BARAT,80,0,7,73,1216,915,7,294
2020-10-11,KALIMANTAN BARAT,81,0,43,38,1297,958,7,332
2020-10-12,KALIMANTAN BARAT,0,0,0,0,1297,958,7,332
2020-10-13,KALIMANTAN BARAT,14,0,66,-52,1311,1024,7,280
2020-10-14,KALIMANTAN BARAT,17,0,55,-38,1328,1079,7,242
2020-10-15,KALIMANTAN BARAT,29,0,57,-28,1357,1136,7,214
2020-10-16,KALIMANTAN BARAT,25,0,52,-27,1382,1188,7,187
2020-10-17,KALIMANTAN BARAT,31,0,35,-4,1413,1223,7,183
2020-10-18,KALIMANTAN BARAT,15,1,3,11,1428,1226,8,194
2020-10-19,KALIMANTAN BARAT,0,0,0,0,1428,1226,8,194
2020-10-20,KALIMANTAN BARAT,23,0,28,-5,1451,1254,8,189
2020-10-21,KALIMANTAN BARAT,0,0,0,0,1451,1254,8,189
2020-10-22,KALIMANTAN BARAT,46,0,12,34,1497,1266,8,223
2020-10-23,KALIMANTAN BARAT,31,0,15,16,1528,1281,8,239
2020-10-24,KALIMANTAN BARAT,36,0,6,30,1564,1287,8,269
2020-10-25,KALIMANTAN BARAT,0,0,0,0,1564,1287,8,269
2020-10-26,KALIMANTAN BARAT,13,2,12,-1,1577,1299,10,268
2020-10-27,KALIMANTAN BARAT,29,0,6,23,1606,1305,10,291
2020-10-28,KALIMANTAN BARAT,14,4,22,-12,1620,1327,14,279
2020-10-29,KALIMANTAN BARAT,13,1,0,12,1633,1327,15,291
2020-10-30,KALIMANTAN BARAT,17,3,5,9,1650,1332,18,300
2020-10-31,KALIMANTAN BARAT,5,0,5,0,1655,1337,18,300
2020-11-01,KALIMANTAN BARAT,22,1,0,21,1677,1337,19,321
2020-11-02,KALIMANTAN BARAT,0,0,0,0,1677,1337,19,321
2020-11-03,KALIMANTAN BARAT,35,1,3,31,1712,1340,20,352
2020-11-04,KALIMANTAN BARAT,19,0,7,12,1731,1347,20,364
2020-11-05,KALIMANTAN BARAT,60,0,7,53,1791,1354,20,417
2020-11-06,KALIMANTAN BARAT,79,0,49,30,1870,1403,20,447
2020-11-07,KALIMANTAN BARAT,83,0,6,77,1953,1409,20,524
2020-11-08,KALIMANTAN BARAT,36,0,25,11,1989,1434,20,535
2020-11-09,KALIMANTAN BARAT,0,0,1,-1,1989,1435,20,534
2020-11-10,KALIMANTAN BARAT,0,0,0,0,1989,1435,20,534
2020-11-11,KALIMANTAN BARAT,33,0,22,11,2022,1457,20,545
2020-11-12,KALIMANTAN BARAT,13,0,12,1,2035,1469,20,546
2020-11-13,KALIMANTAN BARAT,13,0,15,-2,2048,1484,20,544
2020-11-14,KALIMANTAN BARAT,12,0,15,-3,2060,1499,20,541
2020-11-15,KALIMANTAN BARAT,13,0,13,0,2073,1512,20,541
2020-11-16,KALIMANTAN BARAT,9,0,20,-11,2082,1532,20,530
2020-11-17,KALIMANTAN BARAT,38,0,15,23,2120,1547,20,553
2020-11-18,KALIMANTAN BARAT,39,0,11,28,2159,1558,20,581
2020-11-19,KALIMANTAN BARAT,28,0,10,18,2187,1568,20,599
2020-11-20,KALIMANTAN BARAT,34,0,26,8,2221,1594,20,607
2020-11-21,KALIMANTAN BARAT,10,0,23,-13,2231,1617,20,594
2020-11-22,KALIMANTAN BARAT,16,0,32,-16,2247,1649,20,578
2020-11-23,KALIMANTAN BARAT,10,0,21,-11,2257,1670,20,567
2020-11-24,KALIMANTAN BARAT,31,0,60,-29,2288,1730,20,538
2020-11-25,KALIMANTAN BARAT,24,0,53,-29,2312,1783,20,509
2020-11-26,KALIMANTAN BARAT,10,0,38,-28,2322,1821,20,481
2020-11-27,KALIMANTAN BARAT,29,0,63,-34,2351,1884,20,447
2020-11-28,KALIMANTAN BARAT,27,0,36,-9,2378,1920,20,438
2020-11-29,KALIMANTAN BARAT,27,0,61,-34,2405,1981,20,404
2020-11-30,KALIMANTAN BARAT,0,0,0,0,2405,1981,20,404
2020-12-01,KALIMANTAN BARAT,33,0,55,-22,2438,2036,20,382
2020-12-02,KALIMANTAN BARAT,23,0,56,-33,2461,2092,20,349
2020-12-03,KALIMANTAN BARAT,24,0,59,-35,2485,2151,20,314
2020-12-04,KALIMANTAN BARAT,34,0,57,-23,2519,2208,20,291
2020-12-05,KALIMANTAN BARAT,32,1,24,7,2551,2232,21,298
2020-12-06,KALIMANTAN BARAT,0,0,31,-31,2551,2263,21,267
2020-12-07,KALIMANTAN BARAT,30,1,0,29,2581,2263,22,296
2020-12-08,KALIMANTAN BARAT,25,0,16,9,2606,2279,22,305
2020-12-09,KALIMANTAN BARAT,57,0,40,17,2663,2319,22,322
2020-12-10,KALIMANTAN BARAT,25,0,27,-2,2688,2346,22,320
2020-12-11,KALIMANTAN BARAT,28,0,30,-2,2716,2376,22,318
2020-12-12,KALIMANTAN BARAT,28,0,23,5,2744,2399,22,323
2020-12-13,KALIMANTAN BARAT,21,0,24,-3,2765,2423,22,320
2020-12-14,KALIMANTAN BARAT,11,0,0,11,2776,2423,22,331
2020-12-15,KALIMANTAN BARAT,13,1,29,-17,2789,2452,23,314
2020-12-16,KALIMANTAN BARAT,34,0,24,10,2823,2476,23,324
2020-12-17,KALIMANTAN BARAT,37,0,12,25,2860,2488,23,349
2020-12-18,KALIMANTAN BARAT,31,0,13,18,2891,2501,23,367
2020-12-19,KALIMANTAN BARAT,36,0,15,21,2927,2516,23,388
2020-12-20,KALIMANTAN BARAT,23,0,16,7,2950,2532,23,395
2020-12-21,KALIMANTAN BARAT,0,0,0,0,2950,2532,23,395
2020-12-22,KALIMANTAN BARAT,19,1,23,-5,2969,2555,24,390
2020-12-23,KALIMANTAN BARAT,22,0,24,-2,2991,2579,24,388
2020-12-24,KALIMANTAN BARAT,26,0,24,2,3017,2603,24,390
2020-12-25,KALIMANTAN BARAT,22,0,23,-1,3039,2626,24,389
2020-12-26,KALIMANTAN BARAT,0,0,0,0,3039,2626,24,389
2020-12-27,KALIMANTAN BARAT,17,0,21,-4,3056,2647,24,385
2020-12-28,KALIMANTAN BARAT,0,0,0,0,3056,2647,24,385
2020-12-29,KALIMANTAN BARAT,22,1,24,-3,3078,2671,25,382
2020-12-30,KALIMANTAN BARAT,15,0,37,-22,3093,2708,25,360
2020-12-31,KALIMANTAN BARAT,25,0,33,-8,3118,2741,25,352
2021-01-01,KALIMANTAN BARAT,18,0,60,-42,3136,2801,25,310
2021-01-02,KALIMANTAN BARAT,0,0,0,0,3136,2801,25,310
2021-01-03,KALIMANTAN BARAT,24,0,52,-28,3160,2853,25,282
2021-01-04,KALIMANTAN BARAT,0,0,0,0,3160,2853,25,282
2021-01-05,KALIMANTAN BARAT,29,1,26,2,3189,2879,26,284
2021-01-06,KALIMANTAN BARAT,24,0,38,-14,3213,2917,26,270
2021-01-07,KALIMANTAN BARAT,26,0,35,-9,3239,2952,26,261
2021-01-08,KALIMANTAN BARAT,33,0,28,5,3272,2980,26,266
2021-01-09,KALIMANTAN BARAT,47,0,22,25,3319,3002,26,291
2021-01-10,KALIMANTAN BARAT,29,0,31,-2,3348,3033,26,289
2021-01-11,KALIMANTAN BARAT,0,0,0,0,3348,3033,26,289
2021-01-12,KALIMANTAN BARAT,35,0,29,6,3383,3062,26,295
2021-01-13,KALIMANTAN BARAT,33,0,30,3,3416,3092,26,298
2021-01-14,KALIMANTAN BARAT,25,0,23,2,3441,3115,26,300
2021-01-15,KALIMANTAN BARAT,34,0,25,9,3475,3140,26,309
2021-01-16,KALIMANTAN BARAT,56,0,29,27,3531,3169,26,336
2021-01-17,KALIMANTAN BARAT,26,0,35,-9,3557,3204,26,327
2021-01-18,KALIMANTAN BARAT,0,0,0,0,3557,3204,26,327
2021-01-19,KALIMANTAN BARAT,45,0,33,12,3602,3237,26,339
2021-01-20,KALIMANTAN BARAT,32,0,28,4,3634,3265,26,343
2021-01-21,KALIMANTAN BARAT,25,0,30,-5,3659,3295,26,338
2021-01-22,KALIMANTAN BARAT,49,0,26,23,3708,3321,26,361
2021-01-23,KALIMANTAN BARAT,37,0,20,17,3745,3341,26,378
2021-01-24,KALIMANTAN BARAT,20,0,21,-1,3765,3362,26,377
2021-01-25,KALIMANTAN BARAT,0,1,0,-1,3765,3362,27,376
2021-01-26,KALIMANTAN BARAT,33,0,28,5,3798,3390,27,381
2021-01-27,KALIMANTAN BARAT,31,0,29,2,3829,3419,27,383
2021-01-28,KALIMANTAN BARAT,13,0,20,-7,3842,3439,27,376
2021-01-29,KALIMANTAN BARAT,31,0,16,15,3873,3455,27,391
2021-01-30,KALIMANTAN BARAT,41,1,31,9,3914,3486,28,400
2021-01-31,KALIMANTAN BARAT,18,0,35,-17,3932,3521,28,383
2021-02-01,KALIMANTAN BARAT,0,0,0,0,3932,3521,28,383
2021-02-02,KALIMANTAN BARAT,37,0,34,3,3969,3555,28,386
2021-02-03,KALIMANTAN BARAT,27,0,29,-2,3996,3584,28,384
2021-02-04,KALIMANTAN BARAT,33,0,31,2,4029,3615,28,386
2021-02-05,KALIMANTAN BARAT,25,0,40,-15,4054,3655,28,371
2021-02-06,KALIMANTAN BARAT,42,0,31,11,4096,3686,28,382
2021-02-07,KALIMANTAN BARAT,23,1,39,-17,4119,3725,29,365
2021-02-08,KALIMANTAN BARAT,0,0,0,0,4119,3725,29,365
2021-02-09,KALIMANTAN BARAT,35,1,28,6,4154,3753,30,371
2021-02-10,KALIMANTAN BARAT,19,0,44,-25,4173,3797,30,346
2021-02-11,KALIMANTAN BARAT,27,0,26,1,4200,3823,30,347
2021-02-12,KALIMANTAN BARAT,33,0,27,6,4233,3850,30,353
2021-02-13,KALIMANTAN BARAT,10,0,23,-13,4243,3873,30,340
2021-02-14,KALIMANTAN BARAT,19,0,16,3,4262,3889,30,343
2021-02-15,KALIMANTAN BARAT,0,0,0,0,4262,3889,30,343
2021-02-16,KALIMANTAN BARAT,37,0,0,37,4299,3889,30,380
2021-02-17,KALIMANTAN BARAT,26,0,0,26,4325,3889,30,406
2021-02-18,KALIMANTAN BARAT,32,0,11,21,4357,3900,30,427
2021-02-19,KALIMANTAN BARAT,26,0,99,-73,4383,3999,30,354
2021-02-20,KALIMANTAN BARAT,35,1,16,18,4418,4015,31,372
2021-02-21,KALIMANTAN BARAT,30,0,21,9,4448,4036,31,381
2021-02-22,KALIMANTAN BARAT,0,0,0,0,4448,4036,31,381
2021-02-23,KALIMANTAN BARAT,28,0,41,-13,4476,4077,31,368
2021-02-24,KALIMANTAN BARAT,27,0,17,10,4503,4094,31,378
2021-02-25,KALIMANTAN BARAT,32,0,27,5,4535,4121,31,383
2021-02-26,KALIMANTAN BARAT,39,0,22,17,4574,4143,31,400
2021-02-27,KALIMANTAN BARAT,27,0,25,2,4601,4168,31,402
2021-02-28,KALIMANTAN BARAT,39,0,27,12,4640,4195,31,414
2021-03-01,KALIMANTAN BARAT,0,0,0,0,4640,4195,31,414
2021-03-02,KALIMANTAN BARAT,22,0,25,-3,4662,4220,31,411
2021-03-03,KALIMANTAN BARAT,34,0,42,-8,4696,4262,31,403
2021-03-04,KALIMANTAN BARAT,41,0,21,20,4737,4283,31,423
2021-03-05,KALIMANTAN BARAT,29,0,30,-1,4766,4313,31,422
2021-03-06,KALIMANTAN BARAT,73,0,26,47,4839,4339,31,469
2021-03-07,KALIMANTAN BARAT,67,0,20,47,4906,4359,31,516
2021-03-08,KALIMANTAN BARAT,0,0,0,0,4906,4359,31,516
2021-03-09,KALIMANTAN BARAT,50,0,44,6,4956,4403,31,522
2021-03-10,KALIMANTAN BARAT,43,0,24,19,4999,4427,31,541
2021-03-11,KALIMANTAN BARAT,42,0,24,18,5041,4451,31,559
2021-03-12,KALIMANTAN BARAT,23,0,32,-9,5064,4483,31,550
2021-03-13,KALIMANTAN BARAT,84,0,27,57,5148,4510,31,607
2021-03-14,KALIMANTAN BARAT,97,0,49,48,5245,4559,31,655
2021-03-15,KALIMANTAN BARAT,0,0,0,0,5245,4559,31,655
2021-03-16,KALIMANTAN BARAT,82,0,34,48,5327,4593,31,703
2021-03-17,KALIMANTAN BARAT,79,0,31,48,5406,4624,31,751
2021-03-18,KALIMANTAN BARAT,51,0,46,5,5457,4670,31,756
2021-03-19,KALIMANTAN BARAT,30,0,58,-28,5487,4728,31,728
2021-03-20,KALIMANTAN BARAT,40,1,64,-25,5527,4792,32,703
2021-03-21,KALIMANTAN BARAT,39,0,53,-14,5566,4845,32,689
2021-03-22,KALIMANTAN BARAT,0,0,0,0,5566,4845,32,689
2021-03-23,KALIMANTAN BARAT,39,0,53,-14,5605,4898,32,675
2021-03-24,KALIMANTAN BARAT,42,0,69,-27,5647,4967,32,648
2021-03-25,KALIMANTAN BARAT,32,0,43,-11,5679,5010,32,637
2021-03-26,KALIMANTAN BARAT,54,0,49,5,5733,5059,32,642
2021-03-27,KALIMANTAN BARAT,66,0,51,15,5799,5110,32,657
2021-03-28,KALIMANTAN BARAT,10,0,63,-53,5809,5173,32,604
2021-03-29,KALIMANTAN BARAT,0,0,0,0,5809,5173,32,604
2021-03-30,KALIMANTAN BARAT,40,0,57,-17,5849,5230,32,587
2021-03-31,KALIMANTAN BARAT,53,0,62,-9,5902,5292,32,578
2021-04-01,KALIMANTAN BARAT,39,0,46,-7,5941,5338,32,571
2021-04-02,KALIMANTAN BARAT,53,0,55,-2,5994,5393,32,569
2021-04-03,KALIMANTAN BARAT,49,0,67,-18,6043,5460,32,551
2021-04-04,KALIMANTAN BARAT,48,0,50,-2,6091,5510,32,549
2021-04-05,KALIMANTAN BARAT,0,0,0,0,6091,5510,32,549
2021-04-06,KALIMANTAN BARAT,36,0,47,-11,6127,5557,32,538
2021-04-07,KALIMANTAN BARAT,40,0,55,-15,6167,5612,32,523
2021-04-08,KALIMANTAN BARAT,44,0,51,-7,6211,5663,32,516
2021-04-09,KALIMANTAN BARAT,77,0,44,33,6288,5707,32,549
2021-04-10,KALIMANTAN BARAT,73,0,45,28,6361,5752,32,577
2021-04-11,KALIMANTAN BARAT,52,0,43,9,6413,5795,32,586
2021-04-12,KALIMANTAN BARAT,0,0,0,0,6413,5795,32,586
2021-04-13,KALIMANTAN BARAT,80,0,49,31,6493,5844,32,617
2021-04-14,KALIMANTAN BARAT,92,1,56,35,6585,5900,33,652
2021-04-15,KALIMANTAN BARAT,88,0,51,37,6673,5951,33,689
2021-04-16,KALIMANTAN BARAT,98,0,45,53,6771,5996,33,742
2021-04-17,KALIMANTAN BARAT,97,2,46,49,6868,6042,35,791
2021-04-18,KALIMANTAN BARAT,78,0,42,36,6946,6084,35,827
2021-04-19,KALIMANTAN BARAT,0,0,0,0,6946,6084,35,827
2021-04-20,KALIMANTAN BARAT,77,0,59,18,7023,6143,35,845
2021-04-21,KALIMANTAN BARAT,98,3,60,35,7121,6203,38,880
2021-04-22,KALIMANTAN BARAT,99,2,50,47,7220,6253,40,927
2021-04-23,KALIMANTAN BARAT,92,0,61,31,7312,6314,40,958
2021-04-24,KALIMANTAN BARAT,96,0,76,20,7408,6390,40,978
2021-04-25,KALIMANTAN BARAT,39,0,80,-41,7447,6470,40,937
2021-04-26,KALIMANTAN BARAT,0,1,0,-1,7447,6470,41,936
2021-04-27,KALIMANTAN BARAT,56,0,77,-21,7503,6547,41,915
2021-04-28,KALIMANTAN BARAT,63,0,59,4,7566,6606,41,919
2021-04-29,KALIMANTAN BARAT,99,1,83,15,7665,6689,42,934
2021-04-30,KALIMANTAN BARAT,73,0,70,3,7738,6759,42,937
2021-05-01,KALIMANTAN BARAT,98,0,68,30,7836,6827,42,967
2021-05-02,KALIMANTAN BARAT,95,1,73,21,7931,6900,43,988
2021-05-03,KALIMANTAN BARAT,0,1,0,-1,7931,6900,44,987
2021-05-04,KALIMANTAN BARAT,117,0,99,18,8048,6999,44,1005
2021-05-05,KALIMANTAN BARAT,116,4,100,12,8164,7099,48,1017
2021-05-06,KALIMANTAN BARAT,120,5,89,26,8284,7188,53,1043
2021-05-07,KALIMANTAN BARAT,133,0,95,38,8417,7283,53,1081
2021-05-08,KALIMANTAN BARAT,74,0,49,25,8491,7332,53,1106
2021-05-09,KALIMANTAN BARAT,124,2,121,1,8615,7453,55,1107
2021-05-10,KALIMANTAN BARAT,65,2,87,-24,8680,7540,57,1083
2021-05-11,KALIMANTAN BARAT,88,0,119,-31,8768,7659,57,1052
2021-05-12,KALIMANTAN BARAT,138,3,62,73,8906,7721,60,1125
2021-05-13,KALIMANTAN BARAT,103,3,245,-145,9009,7966,63,980
2021-05-14,KALIMANTAN BARAT,107,1,157,-51,9116,8123,64,929
2021-05-15,KALIMANTAN BARAT,67,0,174,-107,9183,8297,64,822
2021-05-16,KALIMANTAN BARAT,97,1,17,79,9280,8314,65,901
2021-05-17,KALIMANTAN BARAT,72,3,161,-92,9352,8475,68,809
2021-05-18,KALIMANTAN BARAT,133,1,75,57,9485,8550,69,866
2021-05-19,KALIMANTAN BARAT,117,0,214,-97,9602,8764,69,769
2021-05-20,KALIMANTAN BARAT,128,0,42,86,9730,8806,69,855
2021-05-21,KALIMANTAN BARAT,117,0,162,-45,9847,8968,69,810
2021-05-22,KALIMANTAN BARAT,84,8,64,12,9931,9032,77,822
2021-05-23,KALIMANTAN BARAT,118,2,109,7,10049,9141,79,829
2021-05-24,KALIMANTAN BARAT,83,1,98,-16,10132,9239,80,813
2021-05-25,KALIMANTAN BARAT,114,0,37,77,10246,9276,80,890
2021-05-26,KALIMANTAN BARAT,121,3,100,18,10367,9376,83,908
2021-05-27,KALIMANTAN BARAT,119,1,40,78,10486,9416,84,986
2021-05-28,KALIMANTAN BARAT,98,2,192,-96,10584,9608,86,890
2021-05-29,KALIMANTAN BARAT,99,1,111,-13,10683,9719,87,877
2021-05-30,KALIMANTAN BARAT,133,2,62,69,10816,9781,89,946
2021-05-31,KALIMANTAN BARAT,38,3,146,-111,10854,9927,92,835
2021-06-01,KALIMANTAN BARAT,108,0,103,5,10962,10030,92,840
2021-06-02,KALIMANTAN BARAT,105,2,164,-61,11067,10194,94,779
2021-06-03,KALIMANTAN BARAT,86,5,93,-12,11153,10287,99,767
2021-06-04,KALIMANTAN BARAT,123,2,7,114,11276,10294,101,881
2021-06-05,KALIMANTAN BARAT,124,3,270,-149,11400,10564,104,732
2021-06-06,KALIMANTAN BARAT,104,0,0,104,11504,10564,104,836
2021-06-07,KALIMANTAN BARAT,0,0,0,0,11504,10564,104,836
2021-06-08,KALIMANTAN BARAT,95,0,102,-7,11599,10666,104,829
2021-06-09,KALIMANTAN BARAT,158,0,7,151,11757,10673,104,980
2021-06-10,KALIMANTAN BARAT,149,8,124,17,11906,10797,112,997
2021-06-11,KALIMANTAN BARAT,144,0,0,144,12050,10797,112,1141
2021-06-12,KALIMANTAN BARAT,146,2,378,-234,12196,11175,114,907
2021-06-13,KALIMANTAN BARAT,136,0,0,136,12332,11175,114,1043
2021-06-14,KALIMANTAN BARAT,0,0,193,-193,12332,11368,114,850
2021-06-15,KALIMANTAN BARAT,114,0,0,114,12446,11368,114,964
2021-06-16,KALIMANTAN BARAT,121,0,238,-117,12567,11606,114,847
2021-06-17,KALIMANTAN BARAT,144,0,0,144,12711,11606,114,991
2021-06-18,KALIMANTAN BARAT,140,10,0,130,12851,11606,124,1121
2021-06-19,KALIMANTAN BARAT,147,1,296,-150,12998,11902,125,971
2021-06-20,KALIMANTAN BARAT,147,0,0,147,13145,11902,125,1118
2021-06-21,KALIMANTAN BARAT,97,29,147,-79,13242,12049,154,1039
2021-06-22,KALIMANTAN BARAT,125,14,117,-6,13367,12166,168,1033
2021-06-23,KALIMANTAN BARAT,155,0,83,72,13522,12249,168,1105
2021-06-24,KALIMANTAN BARAT,189,32,208,-51,13711,12457,200,1054
2021-06-25,KALIMANTAN BARAT,147,14,153,-20,13858,12610,214,1034
2021-06-26,KALIMANTAN BARAT,129,16,0,113,13987,12610,230,1147
2021-06-27,KALIMANTAN BARAT,146,14,252,-120,14133,12862,244,1027
2021-06-28,KALIMANTAN BARAT,125,15,0,110,14258,12862,259,1137
2021-06-29,KALIMANTAN BARAT,219,5,239,-25,14477,13101,264,1112
2021-06-30,KALIMANTAN BARAT,192,0,123,69,14669,13224,264,1181
2021-07-01,KALIMANTAN BARAT,191,3,121,67,14860,13345,267,1248
2021-07-02,KALIMANTAN BARAT,199,25,137,37,15059,13482,292,1285
2021-07-03,KALIMANTAN BARAT,336,1,137,198,15395,13619,293,1483
2021-07-04,KALIMANTAN BARAT,190,24,17,149,15585,13636,317,1632
2021-07-05,KALIMANTAN BARAT,101,50,205,-154,15686,13841,367,1478
2021-07-06,KALIMANTAN BARAT,259,26,122,111,15945,13963,393,1589
2021-07-07,KALIMANTAN BARAT,282,11,108,163,16227,14071,404,1752
2021-07-08,KALIMANTAN BARAT,288,7,156,125,16515,14227,411,1877
2021-07-09,KALIMANTAN BARAT,296,0,143,153,16811,14370,411,2030
2021-07-10,KALIMANTAN BARAT,298,1,0,297,17109,14370,412,2327
2021-07-11,KALIMANTAN BARAT,241,6,269,-34,17350,14639,418,2293
2021-07-12,KALIMANTAN BARAT,247,24,125,98,17597,14764,442,2391
2021-07-13,KALIMANTAN BARAT,746,13,148,585,18343,14912,455,2976
2021-07-14,KALIMANTAN BARAT,779,2,0,777,19122,14912,457,3753
2021-07-15,KALIMANTAN BARAT,585,0,392,193,19707,15304,457,3946
2021-07-16,KALIMANTAN BARAT,573,0,218,355,20280,15522,457,4301
2021-07-17,KALIMANTAN BARAT,511,14,0,497,20791,15522,471,4798
2021-07-18,KALIMANTAN BARAT,358,4,462,-108,21149,15984,475,4690
2021-07-19,KALIMANTAN BARAT,130,1,0,129,21279,15984,476,4819
2021-07-20,KALIMANTAN BARAT,403,13,430,-40,21682,16414,489,4779
2021-07-21,KALIMANTAN BARAT,186,5,0,181,21868,16414,494,4960
2021-07-22,KALIMANTAN BARAT,475,10,471,-6,22343,16885,504,4954
2021-07-23,KALIMANTAN BARAT,422,14,0,408,22765,16885,518,5362
2021-07-24,KALIMANTAN BARAT,287,9,606,-328,23052,17491,527,5034
2021-07-25,KALIMANTAN BARAT,364,9,423,-68,23416,17914,536,4966
2021-07-26,KALIMANTAN BARAT,132,11,342,-221,23548,18256,547,4745
2021-07-27,KALIMANTAN BARAT,427,14,441,-28,23975,18697,561,4717
2021-07-28,KALIMANTAN BARAT,487,4,418,65,24462,19115,565,4782
2021-07-29,KALIMANTAN BARAT,397,1,367,29,24859,19482,566,4811
2021-07-30,KALIMANTAN BARAT,431,12,360,59,25290,19842,578,4870
2021-07-31,KALIMANTAN BARAT,456,20,315,121,25746,20157,598,4991
2021-08-01,KALIMANTAN BARAT,569,9,511,49,26315,20668,607,5040
2021-08-02,KALIMANTAN BARAT,170,3,304,-137,26485,20972,610,4903
2021-08-03,KALIMANTAN BARAT,477,10,207,260,26962,21179,620,5163
2021-08-04,KALIMANTAN BARAT,681,13,381,287,27643,21560,633,5450
2021-08-05,KALIMANTAN BARAT,526,5,317,204,28169,21877,638,5654
2021-08-06,KALIMANTAN BARAT,423,0,455,-32,28592,22332,638,5622
2021-08-07,KALIMANTAN BARAT,363,1,439,-77,28955,22771,639,5545
2021-08-08,KALIMANTAN BARAT,223,0,508,-285,29178,23279,639,5260
2021-08-09,KALIMANTAN BARAT,65,6,490,-431,29243,23769,645,4829
2021-08-10,KALIMANTAN BARAT,360,9,536,-185,29603,24305,654,4644
2021-08-11,KALIMANTAN BARAT,386,1,526,-141,29989,24831,655,4503
2021-08-12,KALIMANTAN BARAT,327,3,533,-209,30316,25364,658,4294
2021-08-13,KALIMANTAN BARAT,562,1,513,48,30878,25877,659,4342
2021-08-14,KALIMANTAN BARAT,493,10,528,-45,31371,26405,669,4297
2021-08-15,KALIMANTAN BARAT,334,9,524,-199,31705,26929,678,4098
2021-08-16,KALIMANTAN BARAT,220,9,534,-323,31925,27463,687,3775
2021-08-17,KALIMANTAN BARAT,407,15,526,-134,32332,27989,702,3641
2021-08-18,KALIMANTAN BARAT,180,5,526,-351,32512,28515,707,3290
2020-03-10,SULAWESI TENGGARA,1,0,0,1,1,0,0,1
2020-03-11,SULAWESI TENGGARA,0,0,0,0,1,0,0,1
2020-03-12,SULAWESI TENGGARA,0,0,0,0,1,0,0,1
2020-03-13,SULAWESI TENGGARA,0,0,0,0,1,0,0,1
2020-03-14,SULAWESI TENGGARA,0,0,0,0,1,0,0,1
2020-03-15,SULAWESI TENGGARA,0,0,0,0,1,0,0,1
2020-03-16,SULAWESI TENGGARA,2,0,0,2,3,0,0,3
2020-03-17,SULAWESI TENGGARA,0,0,0,0,3,0,0,3
2020-03-18,SULAWESI TENGGARA,0,0,0,0,3,0,0,3
2020-03-19,SULAWESI TENGGARA,0,0,0,0,3,0,0,3
2020-03-20,SULAWESI TENGGARA,0,0,0,0,3,0,0,3
2020-03-21,SULAWESI TENGGARA,0,0,0,0,3,0,0,3
2020-03-22,SULAWESI TENGGARA,0,0,0,0,3,0,0,3
2020-03-23,SULAWESI TENGGARA,0,0,0,0,3,0,0,3
2020-03-24,SULAWESI TENGGARA,0,0,0,0,3,0,0,3
2020-03-25,SULAWESI TENGGARA,0,0,0,0,3,0,0,3
2020-03-26,SULAWESI TENGGARA,0,0,0,0,3,0,0,3
2020-03-27,SULAWESI TENGGARA,0,0,0,0,3,0,0,3
2020-03-28,SULAWESI TENGGARA,0,0,0,0,3,0,0,3
2020-03-29,SULAWESI TENGGARA,0,0,0,0,3,0,0,3
2020-03-30,SULAWESI TENGGARA,0,0,0,0,3,0,0,3
2020-03-31,SULAWESI TENGGARA,0,0,0,0,3,0,0,3
2020-04-01,SULAWESI TENGGARA,0,0,0,0,3,0,0,3
2020-04-02,SULAWESI TENGGARA,0,0,0,0,3,0,0,3
2020-04-03,SULAWESI TENGGARA,2,0,0,2,5,0,0,5
2020-04-04,SULAWESI TENGGARA,0,0,1,-1,5,1,0,4
2020-04-05,SULAWESI TENGGARA,0,0,0,0,5,1,0,4
2020-04-06,SULAWESI TENGGARA,1,0,0,1,6,1,0,5
2020-04-07,SULAWESI TENGGARA,0,0,0,0,6,1,0,5
2020-04-08,SULAWESI TENGGARA,4,0,0,4,10,1,0,9
2020-04-09,SULAWESI TENGGARA,5,0,0,5,15,1,0,14
2020-04-10,SULAWESI TENGGARA,0,0,0,0,15,1,0,14
2020-04-11,SULAWESI TENGGARA,1,1,0,0,16,1,1,14
2020-04-12,SULAWESI TENGGARA,0,0,0,0,16,1,1,14
2020-04-13,SULAWESI TENGGARA,0,0,0,0,16,1,1,14
2020-04-14,SULAWESI TENGGARA,0,0,0,0,16,1,1,14
2020-04-15,SULAWESI TENGGARA,8,0,3,5,24,4,1,19
2020-04-16,SULAWESI TENGGARA,3,0,0,3,27,4,1,22
2020-04-17,SULAWESI TENGGARA,0,0,0,0,27,4,1,22
2020-04-18,SULAWESI TENGGARA,0,1,0,-1,27,4,2,21
2020-04-19,SULAWESI TENGGARA,9,0,0,9,36,4,2,30
2020-04-20,SULAWESI TENGGARA,0,0,0,0,36,4,2,30
2020-04-21,SULAWESI TENGGARA,0,0,0,0,36,4,2,30
2020-04-22,SULAWESI TENGGARA,0,0,0,0,36,4,2,30
2020-04-23,SULAWESI TENGGARA,0,0,0,0,36,4,2,30
2020-04-24,SULAWESI TENGGARA,5,0,1,4,41,5,2,34
2020-04-25,SULAWESI TENGGARA,0,0,0,0,41,5,2,34
2020-04-26,SULAWESI TENGGARA,4,0,1,3,45,6,2,37
2020-04-27,SULAWESI TENGGARA,0,0,0,0,45,6,2,37
2020-04-28,SULAWESI TENGGARA,0,0,0,0,45,6,2,37
2020-04-29,SULAWESI TENGGARA,8,0,0,8,53,6,2,45
2020-04-30,SULAWESI TENGGARA,9,0,4,5,62,10,2,50
2020-05-01,SULAWESI TENGGARA,0,0,1,-1,62,11,2,49
2020-05-02,SULAWESI TENGGARA,2,0,0,2,64,11,2,51
2020-05-03,SULAWESI TENGGARA,0,1,0,-1,64,11,3,50
2020-05-04,SULAWESI TENGGARA,0,0,0,0,64,11,3,50
2020-05-05,SULAWESI TENGGARA,5,0,4,1,69,15,3,51
2020-05-06,SULAWESI TENGGARA,0,0,0,0,69,15,3,51
2020-05-07,SULAWESI TENGGARA,0,0,0,0,69,15,3,51
2020-05-08,SULAWESI TENGGARA,1,0,0,1,70,15,3,52
2020-05-09,SULAWESI TENGGARA,2,0,0,2,72,15,3,54
2020-05-10,SULAWESI TENGGARA,5,0,1,4,77,16,3,58
2020-05-11,SULAWESI TENGGARA,0,0,0,0,77,16,3,58
2020-05-12,SULAWESI TENGGARA,0,0,0,0,77,16,3,58
2020-05-13,SULAWESI TENGGARA,89,1,1,87,166,17,4,145
2020-05-14,SULAWESI TENGGARA,0,0,0,0,166,17,4,145
2020-05-15,SULAWESI TENGGARA,17,0,2,15,183,19,4,160
2020-05-16,SULAWESI TENGGARA,6,0,0,6,189,19,4,166
2020-05-17,SULAWESI TENGGARA,2,0,0,2,191,19,4,168
2020-05-18,SULAWESI TENGGARA,0,0,1,-1,191,20,4,167
2020-05-19,SULAWESI TENGGARA,11,0,5,6,202,25,4,173
2020-05-20,SULAWESI TENGGARA,0,0,0,0,202,25,4,173
2020-05-21,SULAWESI TENGGARA,0,0,0,0,202,25,4,173
2020-05-22,SULAWESI TENGGARA,9,0,5,4,211,30,4,177
2020-05-23,SULAWESI TENGGARA,4,0,21,-17,215,51,4,160
2020-05-24,SULAWESI TENGGARA,0,0,0,0,215,51,4,160
2020-05-25,SULAWESI TENGGARA,0,0,0,0,215,51,4,160
2020-05-26,SULAWESI TENGGARA,0,0,49,-49,215,100,4,111
2020-05-27,SULAWESI TENGGARA,11,0,8,3,226,108,4,114
2020-05-28,SULAWESI TENGGARA,14,0,1,13,240,109,4,127
2020-05-29,SULAWESI TENGGARA,1,0,3,-2,241,112,4,125
2020-05-30,SULAWESI TENGGARA,0,0,0,0,241,112,4,125
2020-05-31,SULAWESI TENGGARA,3,0,9,-6,244,121,4,119
2020-06-01,SULAWESI TENGGARA,0,0,0,0,244,121,4,119
2020-06-02,SULAWESI TENGGARA,0,0,3,-3,244,124,4,116
2020-06-03,SULAWESI TENGGARA,7,0,7,0,251,131,4,116
2020-06-04,SULAWESI TENGGARA,1,1,0,0,252,131,5,116
2020-06-05,SULAWESI TENGGARA,5,0,10,-5,257,141,5,111
2020-06-06,SULAWESI TENGGARA,0,0,3,-3,257,144,5,108
2020-06-07,SULAWESI TENGGARA,2,0,10,-8,259,154,5,100
2020-06-08,SULAWESI TENGGARA,0,0,1,-1,259,155,5,99
2020-06-09,SULAWESI TENGGARA,4,0,17,-13,263,172,5,86
2020-06-10,SULAWESI TENGGARA,3,0,2,1,266,174,5,87
2020-06-11,SULAWESI TENGGARA,6,0,4,2,272,178,5,89
2020-06-12,SULAWESI TENGGARA,5,0,2,3,277,180,5,92
2020-06-13,SULAWESI TENGGARA,2,0,10,-8,279,190,5,84
2020-06-14,SULAWESI TENGGARA,4,0,7,-3,283,197,5,81
2020-06-15,SULAWESI TENGGARA,3,0,2,1,286,199,5,82
2020-06-16,SULAWESI TENGGARA,5,0,4,1,291,203,5,83
2020-06-17,SULAWESI TENGGARA,1,0,0,1,292,203,5,84
2020-06-18,SULAWESI TENGGARA,34,0,0,34,326,203,5,118
2020-06-19,SULAWESI TENGGARA,3,0,1,2,329,204,5,120
2020-06-20,SULAWESI TENGGARA,3,0,10,-7,332,214,5,113
2020-06-21,SULAWESI TENGGARA,0,0,3,-3,332,217,5,110
2020-06-22,SULAWESI TENGGARA,2,0,0,2,334,217,5,112
2020-06-23,SULAWESI TENGGARA,2,0,1,1,336,218,5,113
2020-06-24,SULAWESI TENGGARA,1,0,1,0,337,219,5,113
2020-06-25,SULAWESI TENGGARA,0,0,0,0,337,219,5,113
2020-06-26,SULAWESI TENGGARA,3,0,2,1,340,221,5,114
2020-06-27,SULAWESI TENGGARA,3,1,0,2,343,221,6,116
2020-06-28,SULAWESI TENGGARA,0,0,0,0,343,221,6,116
2020-06-29,SULAWESI TENGGARA,2,0,1,1,345,222,6,117
2020-06-30,SULAWESI TENGGARA,18,0,12,6,363,234,6,123
2020-07-01,SULAWESI TENGGARA,42,0,1,41,405,235,6,164
2020-07-02,SULAWESI TENGGARA,56,1,12,43,461,247,7,207
2020-07-03,SULAWESI TENGGARA,12,0,10,2,473,257,7,209
2020-07-04,SULAWESI TENGGARA,4,0,4,0,477,261,7,209
2020-07-05,SULAWESI TENGGARA,3,1,12,-10,480,273,8,199
2020-07-06,SULAWESI TENGGARA,2,0,1,1,482,274,8,200
2020-07-07,SULAWESI TENGGARA,5,0,11,-6,487,285,8,194
2020-07-08,SULAWESI TENGGARA,7,0,2,5,494,287,8,199
2020-07-09,SULAWESI TENGGARA,6,1,3,2,500,290,9,201
2020-07-10,SULAWESI TENGGARA,7,0,22,-15,507,312,9,186
2020-07-11,SULAWESI TENGGARA,2,0,18,-16,509,330,9,170
2020-07-12,SULAWESI TENGGARA,2,0,5,-3,511,335,9,167
2020-07-13,SULAWESI TENGGARA,7,0,1,6,518,336,9,173
2020-07-14,SULAWESI TENGGARA,3,1,4,-2,521,340,10,171
2020-07-15,SULAWESI TENGGARA,10,1,4,5,531,344,11,176
2020-07-16,SULAWESI TENGGARA,9,0,2,7,540,346,11,183
2020-07-17,SULAWESI TENGGARA,14,0,15,-1,554,361,11,182
2020-07-18,SULAWESI TENGGARA,21,0,3,18,575,364,11,200
2020-07-19,SULAWESI TENGGARA,12,0,8,4,587,372,11,204
2020-07-20,SULAWESI TENGGARA,48,0,7,41,635,379,11,245
2020-07-21,SULAWESI TENGGARA,35,0,3,32,670,382,11,277
2020-07-22,SULAWESI TENGGARA,15,0,3,12,685,385,11,289
2020-07-23,SULAWESI TENGGARA,27,1,4,22,712,389,12,311
2020-07-24,SULAWESI TENGGARA,23,1,11,11,735,400,13,322
2020-07-25,SULAWESI TENGGARA,17,0,1,16,752,401,13,338
2020-07-26,SULAWESI TENGGARA,16,0,41,-25,768,442,13,313
2020-07-27,SULAWESI TENGGARA,1,0,8,-7,769,450,13,306
2020-07-28,SULAWESI TENGGARA,0,0,3,-3,769,453,13,303
2020-07-29,SULAWESI TENGGARA,7,0,2,5,776,455,13,308
2020-07-30,SULAWESI TENGGARA,6,0,7,-1,782,462,13,307
2020-07-31,SULAWESI TENGGARA,0,0,8,-8,782,470,13,299
2020-08-01,SULAWESI TENGGARA,5,0,7,-2,787,477,13,297
2020-08-02,SULAWESI TENGGARA,0,0,3,-3,787,480,13,294
2020-08-03,SULAWESI TENGGARA,2,1,47,-46,789,527,14,248
2020-08-04,SULAWESI TENGGARA,68,0,73,-5,857,600,14,243
2020-08-05,SULAWESI TENGGARA,35,2,8,25,892,608,16,268
2020-08-06,SULAWESI TENGGARA,59,0,56,3,951,664,16,271
2020-08-07,SULAWESI TENGGARA,27,0,14,13,978,678,16,284
2020-08-08,SULAWESI TENGGARA,20,1,3,16,998,681,17,300
2020-08-09,SULAWESI TENGGARA,22,0,12,10,1020,693,17,310
2020-08-10,SULAWESI TENGGARA,0,0,21,-21,1020,714,17,289
2020-08-11,SULAWESI TENGGARA,32,0,7,25,1052,721,17,314
2020-08-12,SULAWESI TENGGARA,24,1,10,13,1076,731,18,327
2020-08-13,SULAWESI TENGGARA,30,0,38,-8,1106,769,18,319
2020-08-14,SULAWESI TENGGARA,33,0,43,-10,1139,812,18,309
2020-08-15,SULAWESI TENGGARA,28,0,9,19,1167,821,18,328
2020-08-16,SULAWESI TENGGARA,35,0,8,27,1202,829,18,355
2020-08-17,SULAWESI TENGGARA,14,0,13,1,1216,842,18,356
2020-08-18,SULAWESI TENGGARA,1,0,7,-6,1217,849,18,350
2020-08-19,SULAWESI TENGGARA,0,0,0,0,1217,849,18,350
2020-08-20,SULAWESI TENGGARA,60,0,16,44,1277,865,18,394
2020-08-21,SULAWESI TENGGARA,22,1,19,2,1299,884,19,396
2020-08-22,SULAWESI TENGGARA,11,1,9,1,1310,893,20,397
2020-08-23,SULAWESI TENGGARA,13,2,7,4,1323,900,22,401
2020-08-24,SULAWESI TENGGARA,4,2,8,-6,1327,908,24,395
2020-08-25,SULAWESI TENGGARA,38,0,13,25,1365,921,24,420
2020-08-26,SULAWESI TENGGARA,37,0,24,13,1402,945,24,433
2020-08-27,SULAWESI TENGGARA,48,1,45,2,1450,990,25,435
2020-08-28,SULAWESI TENGGARA,49,1,17,31,1499,1007,26,466
2020-08-29,SULAWESI TENGGARA,38,0,0,38,1537,1007,26,504
2020-08-30,SULAWESI TENGGARA,27,2,41,-16,1564,1048,28,488
2020-08-31,SULAWESI TENGGARA,2,2,23,-23,1566,1071,30,465
2020-09-01,SULAWESI TENGGARA,42,1,15,26,1608,1086,31,491
2020-09-02,SULAWESI TENGGARA,15,1,5,9,1623,1091,32,500
2020-09-03,SULAWESI TENGGARA,6,3,8,-5,1629,1099,35,495
2020-09-04,SULAWESI TENGGARA,28,0,8,20,1657,1107,35,515
2020-09-05,SULAWESI TENGGARA,19,1,9,9,1676,1116,36,524
2020-09-06,SULAWESI TENGGARA,29,1,3,25,1705,1119,37,549
2020-09-07,SULAWESI TENGGARA,0,0,51,-51,1705,1170,37,498
2020-09-08,SULAWESI TENGGARA,11,1,23,-13,1716,1193,38,485
2020-09-09,SULAWESI TENGGARA,24,1,29,-6,1740,1222,39,479
2020-09-10,SULAWESI TENGGARA,26,2,11,13,1766,1233,41,492
2020-09-11,SULAWESI TENGGARA,33,0,33,0,1799,1266,41,492
2020-09-12,SULAWESI TENGGARA,33,1,10,22,1832,1276,42,514
2020-09-13,SULAWESI TENGGARA,36,0,25,11,1868,1301,42,525
2020-09-14,SULAWESI TENGGARA,22,0,11,11,1890,1312,42,536
2020-09-15,SULAWESI TENGGARA,58,0,16,42,1948,1328,42,578
2020-09-16,SULAWESI TENGGARA,59,2,9,48,2007,1337,44,626
2020-09-17,SULAWESI TENGGARA,35,2,11,22,2042,1348,46,648
2020-09-18,SULAWESI TENGGARA,17,0,15,2,2059,1363,46,650
2020-09-19,SULAWESI TENGGARA,53,0,7,46,2112,1370,46,696
2020-09-20,SULAWESI TENGGARA,71,1,0,70,2183,1370,47,766
2020-09-21,SULAWESI TENGGARA,36,1,44,-9,2219,1414,48,757
2020-09-22,SULAWESI TENGGARA,42,2,105,-65,2261,1519,50,692
2020-09-23,SULAWESI TENGGARA,90,1,119,-30,2351,1638,51,662
2020-09-24,SULAWESI TENGGARA,71,1,76,-6,2422,1714,52,656
2020-09-25,SULAWESI TENGGARA,79,1,29,49,2501,1743,53,705
2020-09-26,SULAWESI TENGGARA,175,0,58,117,2676,1801,53,822
2020-09-27,SULAWESI TENGGARA,84,2,0,82,2760,1801,55,904
2020-09-28,SULAWESI TENGGARA,19,3,42,-26,2779,1843,58,878
2020-09-29,SULAWESI TENGGARA,36,2,61,-27,2815,1904,60,851
2020-09-30,SULAWESI TENGGARA,41,0,14,27,2856,1918,60,878
2020-10-01,SULAWESI TENGGARA,46,1,18,27,2902,1936,61,905
2020-10-02,SULAWESI TENGGARA,79,0,47,32,2981,1983,61,937
2020-10-03,SULAWESI TENGGARA,45,0,7,38,3026,1990,61,975
2020-10-04,SULAWESI TENGGARA,36,1,22,13,3062,2012,62,988
2020-10-05,SULAWESI TENGGARA,3,1,63,-61,3065,2075,63,927
2020-10-06,SULAWESI TENGGARA,95,0,57,38,3160,2132,63,965
2020-10-07,SULAWESI TENGGARA,96,1,47,48,3256,2179,64,1013
2020-10-08,SULAWESI TENGGARA,100,0,34,66,3356,2213,64,1079
2020-10-09,SULAWESI TENGGARA,63,1,71,-9,3419,2284,65,1070
2020-10-10,SULAWESI TENGGARA,58,0,56,2,3477,2340,65,1072
2020-10-11,SULAWESI TENGGARA,91,1,6,84,3568,2346,66,1156
2020-10-12,SULAWESI TENGGARA,59,0,27,32,3627,2373,66,1188
2020-10-13,SULAWESI TENGGARA,108,0,18,90,3735,2391,66,1278
2020-10-14,SULAWESI TENGGARA,65,1,46,18,3800,2437,67,1296
2020-10-15,SULAWESI TENGGARA,102,2,33,67,3902,2470,69,1363
2020-10-16,SULAWESI TENGGARA,48,2,35,11,3950,2505,71,1374
2020-10-17,SULAWESI TENGGARA,73,0,10,63,4023,2515,71,1437
2020-10-18,SULAWESI TENGGARA,213,2,51,160,4236,2566,73,1597
2020-10-19,SULAWESI TENGGARA,39,0,109,-70,4275,2675,73,1527
2020-10-20,SULAWESI TENGGARA,26,0,238,-212,4301,2913,73,1315
2020-10-21,SULAWESI TENGGARA,80,0,65,15,4381,2978,73,1330
2020-10-22,SULAWESI TENGGARA,90,2,100,-12,4471,3078,75,1318
2020-10-23,SULAWESI TENGGARA,77,1,74,2,4548,3152,76,1320
2020-10-24,SULAWESI TENGGARA,72,1,104,-33,4620,3256,77,1287
2020-10-25,SULAWESI TENGGARA,43,2,72,-31,4663,3328,79,1256
2020-10-26,SULAWESI TENGGARA,10,0,63,-53,4673,3391,79,1203
2020-10-27,SULAWESI TENGGARA,40,1,56,-17,4713,3447,80,1186
2020-10-28,SULAWESI TENGGARA,144,0,110,34,4857,3557,80,1220
2020-10-29,SULAWESI TENGGARA,44,0,116,-72,4901,3673,80,1148
2020-10-30,SULAWESI TENGGARA,25,1,80,-56,4926,3753,81,1092
2020-10-31,SULAWESI TENGGARA,24,1,91,-68,4950,3844,82,1024
2020-11-01,SULAWESI TENGGARA,120,0,85,35,5070,3929,82,1059
2020-11-02,SULAWESI TENGGARA,3,1,85,-83,5073,4014,83,976
2020-11-03,SULAWESI TENGGARA,7,0,141,-134,5080,4155,83,842
2020-11-04,SULAWESI TENGGARA,41,2,34,5,5121,4189,85,847
2020-11-05,SULAWESI TENGGARA,42,0,49,-7,5163,4238,85,840
2020-11-06,SULAWESI TENGGARA,79,2,25,52,5242,4263,87,892
2020-11-07,SULAWESI TENGGARA,73,0,23,50,5315,4286,87,942
2020-11-08,SULAWESI TENGGARA,46,1,18,27,5361,4304,88,969
2020-11-09,SULAWESI TENGGARA,4,0,26,-22,5365,4330,88,947
2020-11-10,SULAWESI TENGGARA,92,0,9,83,5457,4339,88,1030
2020-11-11,SULAWESI TENGGARA,30,0,5,25,5487,4344,88,1055
2020-11-12,SULAWESI TENGGARA,42,0,26,16,5529,4370,88,1071
2020-11-13,SULAWESI TENGGARA,86,0,10,76,5615,4380,88,1147
2020-11-14,SULAWESI TENGGARA,58,2,5,51,5673,4385,90,1198
2020-11-15,SULAWESI TENGGARA,0,0,29,-29,5673,4414,90,1169
2020-11-16,SULAWESI TENGGARA,41,1,44,-4,5714,4458,91,1165
2020-11-17,SULAWESI TENGGARA,17,0,3,14,5731,4461,91,1179
2020-11-18,SULAWESI TENGGARA,96,0,0,96,5827,4461,91,1275
2020-11-19,SULAWESI TENGGARA,70,0,0,70,5897,4461,91,1345
2020-11-20,SULAWESI TENGGARA,76,2,0,74,5973,4461,93,1419
2020-11-21,SULAWESI TENGGARA,66,1,0,65,6039,4461,94,1484
2020-11-22,SULAWESI TENGGARA,49,1,0,48,6088,4461,95,1532
2020-11-23,SULAWESI TENGGARA,14,1,9,4,6102,4470,96,1536
2020-11-24,SULAWESI TENGGARA,65,0,18,47,6167,4488,96,1583
2020-11-25,SULAWESI TENGGARA,52,1,0,51,6219,4488,97,1634
2020-11-26,SULAWESI TENGGARA,46,0,109,-63,6265,4597,97,1571
2020-11-27,SULAWESI TENGGARA,102,5,128,-31,6367,4725,102,1540
2020-11-28,SULAWESI TENGGARA,73,0,129,-56,6440,4854,102,1484
2020-11-29,SULAWESI TENGGARA,62,3,2,57,6502,4856,105,1541
2020-11-30,SULAWESI TENGGARA,1,1,138,-138,6503,4994,106,1403
2020-12-01,SULAWESI TENGGARA,91,0,108,-17,6594,5102,106,1386
2020-12-02,SULAWESI TENGGARA,68,1,94,-27,6662,5196,107,1359
2020-12-03,SULAWESI TENGGARA,77,2,104,-29,6739,5300,109,1330
2020-12-04,SULAWESI TENGGARA,64,3,66,-5,6803,5366,112,1325
2020-12-05,SULAWESI TENGGARA,63,0,15,48,6866,5381,112,1373
2020-12-06,SULAWESI TENGGARA,58,3,27,28,6924,5408,115,1401
2020-12-07,SULAWESI TENGGARA,36,0,114,-78,6960,5522,115,1323
2020-12-08,SULAWESI TENGGARA,21,0,50,-29,6981,5572,115,1294
2020-12-09,SULAWESI TENGGARA,75,0,12,63,7056,5584,115,1357
2020-12-10,SULAWESI TENGGARA,1,0,17,-16,7057,5601,115,1341
2020-12-11,SULAWESI TENGGARA,31,0,50,-19,7088,5651,115,1322
2020-12-12,SULAWESI TENGGARA,40,1,17,22,7128,5668,116,1344
2020-12-13,SULAWESI TENGGARA,55,0,15,40,7183,5683,116,1384
2020-12-14,SULAWESI TENGGARA,2,0,51,-49,7185,5734,116,1335
2020-12-15,SULAWESI TENGGARA,57,3,30,24,7242,5764,119,1359
2020-12-16,SULAWESI TENGGARA,94,0,51,43,7336,5815,119,1402
2020-12-17,SULAWESI TENGGARA,29,1,81,-53,7365,5896,120,1349
2020-12-18,SULAWESI TENGGARA,54,1,98,-45,7419,5994,121,1304
2020-12-19,SULAWESI TENGGARA,59,1,19,39,7478,6013,122,1343
2020-12-20,SULAWESI TENGGARA,72,1,17,54,7550,6030,123,1397
2020-12-21,SULAWESI TENGGARA,6,0,65,-59,7556,6095,123,1338
2020-12-22,SULAWESI TENGGARA,59,3,92,-36,7615,6187,126,1302
2020-12-23,SULAWESI TENGGARA,38,3,7,28,7653,6194,129,1330
2020-12-24,SULAWESI TENGGARA,69,0,28,41,7722,6222,129,1371
2020-12-25,SULAWESI TENGGARA,35,1,24,10,7757,6246,130,1381
2020-12-26,SULAWESI TENGGARA,4,0,45,-41,7761,6291,130,1340
2020-12-27,SULAWESI TENGGARA,26,0,0,26,7787,6291,130,1366
2020-12-28,SULAWESI TENGGARA,4,2,121,-119,7791,6412,132,1247
2020-12-29,SULAWESI TENGGARA,15,11,107,-103,7806,6519,143,1144
2020-12-30,SULAWESI TENGGARA,63,2,137,-76,7869,6656,145,1068
2020-12-31,SULAWESI TENGGARA,38,2,24,12,7907,6680,147,1080
2021-01-01,SULAWESI TENGGARA,79,0,2,77,7986,6682,147,1157
2021-01-02,SULAWESI TENGGARA,33,2,23,8,8019,6705,149,1165
2021-01-03,SULAWESI TENGGARA,34,2,0,32,8053,6705,151,1197
2021-01-04,SULAWESI TENGGARA,17,1,105,-89,8070,6810,152,1108
2021-01-05,SULAWESI TENGGARA,30,2,102,-74,8100,6912,154,1034
2021-01-06,SULAWESI TENGGARA,34,2,99,-67,8134,7011,156,967
2021-01-07,SULAWESI TENGGARA,49,1,2,46,8183,7013,157,1013
2021-01-08,SULAWESI TENGGARA,62,1,1,60,8245,7014,158,1073
2021-01-09,SULAWESI TENGGARA,56,2,11,43,8301,7025,160,1116
2021-01-10,SULAWESI TENGGARA,99,0,0,99,8400,7025,160,1215
2021-01-11,SULAWESI TENGGARA,29,1,39,-11,8429,7064,161,1204
2021-01-12,SULAWESI TENGGARA,70,1,25,44,8499,7089,162,1248
2021-01-13,SULAWESI TENGGARA,91,1,19,71,8590,7108,163,1319
2021-01-14,SULAWESI TENGGARA,72,2,25,45,8662,7133,165,1364
2021-01-15,SULAWESI TENGGARA,35,0,27,8,8697,7160,165,1372
2021-01-16,SULAWESI TENGGARA,75,3,20,52,8772,7180,168,1424
2021-01-17,SULAWESI TENGGARA,64,0,58,6,8836,7238,168,1430
2021-01-18,SULAWESI TENGGARA,16,0,53,-37,8852,7291,168,1393
2021-01-19,SULAWESI TENGGARA,48,0,33,15,8900,7324,168,1408
2021-01-20,SULAWESI TENGGARA,39,0,44,-5,8939,7368,168,1403
2021-01-21,SULAWESI TENGGARA,77,1,1,75,9016,7369,169,1478
2021-01-22,SULAWESI TENGGARA,92,2,73,17,9108,7442,171,1495
2021-01-23,SULAWESI TENGGARA,65,0,11,54,9173,7453,171,1549
2021-01-24,SULAWESI TENGGARA,43,2,16,25,9216,7469,173,1574
2021-01-25,SULAWESI TENGGARA,12,0,50,-38,9228,7519,173,1536
2021-01-26,SULAWESI TENGGARA,33,0,56,-23,9261,7575,173,1513
2021-01-27,SULAWESI TENGGARA,38,1,55,-18,9299,7630,174,1495
2021-01-28,SULAWESI TENGGARA,61,1,48,12,9360,7678,175,1507
2021-01-29,SULAWESI TENGGARA,37,1,14,22,9397,7692,176,1529
2021-01-30,SULAWESI TENGGARA,46,0,75,-29,9443,7767,176,1500
2021-01-31,SULAWESI TENGGARA,58,0,77,-19,9501,7844,176,1481
2021-02-01,SULAWESI TENGGARA,16,1,47,-32,9517,7891,177,1449
2021-02-02,SULAWESI TENGGARA,31,3,55,-27,9548,7946,180,1422
2021-02-03,SULAWESI TENGGARA,26,0,34,-8,9574,7980,180,1414
2021-02-04,SULAWESI TENGGARA,47,0,54,-7,9621,8034,180,1407
2021-02-05,SULAWESI TENGGARA,31,0,71,-40,9652,8105,180,1367
2021-02-06,SULAWESI TENGGARA,34,0,93,-59,9686,8198,180,1308
2021-02-07,SULAWESI TENGGARA,48,0,13,35,9734,8211,180,1343
2021-02-08,SULAWESI TENGGARA,7,0,215,-208,9741,8426,180,1135
2021-02-09,SULAWESI TENGGARA,17,4,15,-2,9758,8441,184,1133
2021-02-10,SULAWESI TENGGARA,12,2,37,-27,9770,8478,186,1106
2021-02-11,SULAWESI TENGGARA,20,1,269,-250,9790,8747,187,856
2021-02-12,SULAWESI TENGGARA,26,1,68,-43,9816,8815,188,813
2021-02-13,SULAWESI TENGGARA,8,0,52,-44,9824,8867,188,769
2021-02-14,SULAWESI TENGGARA,15,2,7,6,9839,8874,190,775
2021-02-15,SULAWESI TENGGARA,8,0,8,0,9847,8882,190,775
2021-02-16,SULAWESI TENGGARA,11,0,8,3,9858,8890,190,778
2021-02-17,SULAWESI TENGGARA,14,0,25,-11,9872,8915,190,767
2021-02-18,SULAWESI TENGGARA,28,1,38,-11,9900,8953,191,756
2021-02-19,SULAWESI TENGGARA,17,0,117,-100,9917,9070,191,656
2021-02-20,SULAWESI TENGGARA,15,0,35,-20,9932,9105,191,636
2021-02-21,SULAWESI TENGGARA,22,0,1,21,9954,9106,191,657
2021-02-22,SULAWESI TENGGARA,28,0,27,1,9982,9133,191,658
2021-02-23,SULAWESI TENGGARA,7,1,45,-39,9989,9178,192,619
2021-02-24,SULAWESI TENGGARA,10,0,17,-7,9999,9195,192,612
2021-02-25,SULAWESI TENGGARA,16,1,63,-48,10015,9258,193,564
2021-02-26,SULAWESI TENGGARA,10,0,22,-12,10025,9280,193,552
2021-02-27,SULAWESI TENGGARA,14,0,0,14,10039,9280,193,566
2021-02-28,SULAWESI TENGGARA,4,1,2,1,10043,9282,194,567
2021-03-01,SULAWESI TENGGARA,11,0,2,9,10054,9284,194,576
2021-03-02,SULAWESI TENGGARA,7,3,17,-13,10061,9301,197,563
2021-03-03,SULAWESI TENGGARA,19,0,30,-11,10080,9331,197,552
2021-03-04,SULAWESI TENGGARA,3,1,6,-4,10083,9337,198,548
2021-03-05,SULAWESI TENGGARA,8,2,23,-17,10091,9360,200,531
2021-03-06,SULAWESI TENGGARA,2,0,24,-22,10093,9384,200,509
2021-03-07,SULAWESI TENGGARA,5,0,0,5,10098,9384,200,514
2021-03-08,SULAWESI TENGGARA,9,1,25,-17,10107,9409,201,497
2021-03-09,SULAWESI TENGGARA,13,0,11,2,10120,9420,201,499
2021-03-10,SULAWESI TENGGARA,5,0,3,2,10125,9423,201,501
2021-03-11,SULAWESI TENGGARA,14,0,21,-7,10139,9444,201,494
2021-03-12,SULAWESI TENGGARA,0,0,4,-4,10139,9448,201,490
2021-03-13,SULAWESI TENGGARA,2,1,0,1,10141,9448,202,491
2021-03-14,SULAWESI TENGGARA,3,0,0,3,10144,9448,202,494
2021-03-15,SULAWESI TENGGARA,3,0,1,2,10147,9449,202,496
2021-03-16,SULAWESI TENGGARA,7,1,14,-8,10154,9463,203,488
2021-03-17,SULAWESI TENGGARA,12,0,57,-45,10166,9520,203,443
2021-03-18,SULAWESI TENGGARA,5,0,0,5,10171,9520,203,448
2021-03-19,SULAWESI TENGGARA,6,0,1,5,10177,9521,203,453
2021-03-20,SULAWESI TENGGARA,26,0,0,26,10203,9521,203,479
2021-03-21,SULAWESI TENGGARA,17,1,0,16,10220,9521,204,495
2021-03-22,SULAWESI TENGGARA,0,0,3,-3,10220,9524,204,492
2021-03-23,SULAWESI TENGGARA,2,0,18,-16,10222,9542,204,476
2021-03-24,SULAWESI TENGGARA,3,0,0,3,10225,9542,204,479
2021-03-25,SULAWESI TENGGARA,1,0,1,0,10226,9543,204,479
2021-03-26,SULAWESI TENGGARA,6,0,42,-36,10232,9585,204,443
2021-03-27,SULAWESI TENGGARA,13,1,0,12,10245,9585,205,455
2021-03-28,SULAWESI TENGGARA,4,0,3,1,10249,9588,205,456
2021-03-29,SULAWESI TENGGARA,4,0,16,-12,10253,9604,205,444
2021-03-30,SULAWESI TENGGARA,7,0,22,-15,10260,9626,205,429
2021-03-31,SULAWESI TENGGARA,7,0,2,5,10267,9628,205,434
2021-04-01,SULAWESI TENGGARA,6,0,5,1,10273,9633,205,435
2021-04-02,SULAWESI TENGGARA,2,0,1,1,10275,9634,205,436
2021-04-03,SULAWESI TENGGARA,0,0,0,0,10275,9634,205,436
2021-04-04,SULAWESI TENGGARA,8,0,0,8,10283,9634,205,444
2021-04-05,SULAWESI TENGGARA,0,0,0,0,10283,9634,205,444
2021-04-06,SULAWESI TENGGARA,10,1,31,-22,10293,9665,206,422
2021-04-07,SULAWESI TENGGARA,5,0,1,4,10298,9666,206,426
2021-04-08,SULAWESI TENGGARA,16,0,4,12,10314,9670,206,438
2021-04-09,SULAWESI TENGGARA,1,0,19,-18,10315,9689,206,420
2021-04-10,SULAWESI TENGGARA,1,0,0,1,10316,9689,206,421
2021-04-11,SULAWESI TENGGARA,2,0,0,2,10318,9689,206,423
2021-04-12,SULAWESI TENGGARA,1,0,19,-18,10319,9708,206,405
2021-04-13,SULAWESI TENGGARA,2,0,5,-3,10321,9713,206,402
2021-04-14,SULAWESI TENGGARA,2,0,12,-10,10323,9725,206,392
2021-04-15,SULAWESI TENGGARA,2,0,0,2,10325,9725,206,394
2021-04-16,SULAWESI TENGGARA,6,0,26,-20,10331,9751,206,374
2021-04-17,SULAWESI TENGGARA,4,0,2,2,10335,9753,206,376
2021-04-18,SULAWESI TENGGARA,12,0,4,8,10347,9757,206,384
2021-04-19,SULAWESI TENGGARA,6,0,5,1,10353,9762,206,385
2021-04-20,SULAWESI TENGGARA,8,2,16,-10,10361,9778,208,375
2021-04-21,SULAWESI TENGGARA,1,1,13,-13,10362,9791,209,362
2021-04-22,SULAWESI TENGGARA,10,0,21,-11,10372,9812,209,351
2021-04-23,SULAWESI TENGGARA,10,0,1,9,10382,9813,209,360
2021-04-24,SULAWESI TENGGARA,3,0,1,2,10385,9814,209,362
2021-04-25,SULAWESI TENGGARA,2,0,0,2,10387,9814,209,364
2021-04-26,SULAWESI TENGGARA,3,0,0,3,10390,9814,209,367
2021-04-27,SULAWESI TENGGARA,6,0,3,3,10396,9817,209,370
2021-04-28,SULAWESI TENGGARA,11,0,5,6,10407,9822,209,376
2021-04-29,SULAWESI TENGGARA,8,0,0,8,10415,9822,209,384
2021-04-30,SULAWESI TENGGARA,5,0,62,-57,10420,9884,209,327
2021-05-01,SULAWESI TENGGARA,7,1,1,5,10427,9885,210,332
2021-05-02,SULAWESI TENGGARA,0,1,0,-1,10427,9885,211,331
2021-05-03,SULAWESI TENGGARA,0,1,13,-14,10427,9898,212,317
2021-05-04,SULAWESI TENGGARA,4,0,0,4,10431,9898,212,321
2021-05-05,SULAWESI TENGGARA,10,0,30,-20,10441,9928,212,301
2021-05-06,SULAWESI TENGGARA,2,2,17,-17,10443,9945,214,284
2021-05-07,SULAWESI TENGGARA,7,0,10,-3,10450,9955,214,281
2021-05-08,SULAWESI TENGGARA,0,0,1,-1,10450,9956,214,280
2021-05-09,SULAWESI TENGGARA,3,0,0,3,10453,9956,214,283
2021-05-10,SULAWESI TENGGARA,2,0,12,-10,10455,9968,214,273
2021-05-11,SULAWESI TENGGARA,8,0,7,1,10463,9975,214,274
2021-05-12,SULAWESI TENGGARA,7,1,7,-1,10470,9982,215,273
2021-05-13,SULAWESI TENGGARA,0,0,0,0,10470,9982,215,273
2021-05-14,SULAWESI TENGGARA,0,0,0,0,10470,9982,215,273
2021-05-15,SULAWESI TENGGARA,0,0,1,-1,10470,9983,215,272
2021-05-16,SULAWESI TENGGARA,0,0,0,0,10470,9983,215,272
2021-05-17,SULAWESI TENGGARA,1,0,14,-13,10471,9997,215,259
2021-05-18,SULAWESI TENGGARA,1,1,30,-30,10472,10027,216,229
2021-05-19,SULAWESI TENGGARA,5,1,2,2,10477,10029,217,231
2021-05-20,SULAWESI TENGGARA,15,0,2,13,10492,10031,217,244
2021-05-21,SULAWESI TENGGARA,1,0,3,-2,10493,10034,217,242
2021-05-22,SULAWESI TENGGARA,0,0,8,-8,10493,10042,217,234
2021-05-23,SULAWESI TENGGARA,1,0,3,-2,10494,10045,217,232
2021-05-24,SULAWESI TENGGARA,2,0,5,-3,10496,10050,217,229
2021-05-25,SULAWESI TENGGARA,2,0,1,1,10498,10051,217,230
2021-05-26,SULAWESI TENGGARA,0,0,2,-2,10498,10053,217,228
2021-05-27,SULAWESI TENGGARA,1,0,0,1,10499,10053,217,229
2021-05-28,SULAWESI TENGGARA,6,0,10,-4,10505,10063,217,225
2021-05-29,SULAWESI TENGGARA,7,0,21,-14,10512,10084,217,211
2021-05-30,SULAWESI TENGGARA,7,0,0,7,10519,10084,217,218
2021-05-31,SULAWESI TENGGARA,1,0,1,0,10520,10085,217,218
2021-06-01,SULAWESI TENGGARA,4,0,0,4,10524,10085,217,222
2021-06-02,SULAWESI TENGGARA,0,0,3,-3,10524,10088,217,219
2021-06-03,SULAWESI TENGGARA,2,0,12,-10,10526,10100,217,209
2021-06-04,SULAWESI TENGGARA,1,0,2,-1,10527,10102,217,208
2021-06-05,SULAWESI TENGGARA,10,0,3,7,10537,10105,217,215
2021-06-06,SULAWESI TENGGARA,1,0,0,1,10538,10105,217,216
2021-06-07,SULAWESI TENGGARA,5,0,1,4,10543,10106,217,220
2021-06-08,SULAWESI TENGGARA,7,0,5,2,10550,10111,217,222
2021-06-09,SULAWESI TENGGARA,5,0,0,5,10555,10111,217,227
2021-06-10,SULAWESI TENGGARA,19,0,4,15,10574,10115,217,242
2021-06-11,SULAWESI TENGGARA,8,0,0,8,10582,10115,217,250
2021-06-12,SULAWESI TENGGARA,6,0,0,6,10588,10115,217,256
2021-06-13,SULAWESI TENGGARA,8,2,1,5,10596,10116,219,261
2021-06-14,SULAWESI TENGGARA,3,0,3,0,10599,10119,219,261
2021-06-15,SULAWESI TENGGARA,11,0,0,11,10610,10119,219,272
2021-06-16,SULAWESI TENGGARA,11,0,2,9,10621,10121,219,281
2021-06-17,SULAWESI TENGGARA,11,1,8,2,10632,10129,220,283
2021-06-18,SULAWESI TENGGARA,41,1,6,34,10673,10135,221,317
2021-06-19,SULAWESI TENGGARA,22,1,9,12,10695,10144,222,329
2021-06-20,SULAWESI TENGGARA,29,1,0,28,10724,10144,223,357
2021-06-21,SULAWESI TENGGARA,3,0,5,-2,10727,10149,223,355
2021-06-22,SULAWESI TENGGARA,64,0,5,59,10791,10154,223,414
2021-06-23,SULAWESI TENGGARA,87,1,4,82,10878,10158,224,496
2021-06-24,SULAWESI TENGGARA,26,1,3,22,10904,10161,225,518
2021-06-25,SULAWESI TENGGARA,163,2,26,135,11067,10187,227,653
2021-06-26,SULAWESI TENGGARA,63,2,1,60,11130,10188,229,713
2021-06-27,SULAWESI TENGGARA,109,0,3,106,11239,10191,229,819
2021-06-28,SULAWESI TENGGARA,30,1,0,29,11269,10191,230,848
2021-06-29,SULAWESI TENGGARA,37,2,26,9,11306,10217,232,857
2021-06-30,SULAWESI TENGGARA,68,3,1,64,11374,10218,235,921
2021-07-01,SULAWESI TENGGARA,100,2,50,48,11474,10268,237,969
2021-07-02,SULAWESI TENGGARA,199,0,4,195,11673,10272,237,1164
2021-07-03,SULAWESI TENGGARA,137,2,10,125,11810,10282,239,1289
2021-07-04,SULAWESI TENGGARA,138,2,46,90,11948,10328,241,1379
2021-07-05,SULAWESI TENGGARA,32,2,35,-5,11980,10363,243,1374
2021-07-06,SULAWESI TENGGARA,89,4,23,62,12069,10386,247,1436
2021-07-07,SULAWESI TENGGARA,119,2,15,102,12188,10401,249,1538
2021-07-08,SULAWESI TENGGARA,135,1,8,126,12323,10409,250,1664
2021-07-09,SULAWESI TENGGARA,124,1,3,120,12447,10412,251,1784
2021-07-10,SULAWESI TENGGARA,116,5,21,90,12563,10433,256,1874
2021-07-11,SULAWESI TENGGARA,237,7,44,186,12800,10477,263,2060
2021-07-12,SULAWESI TENGGARA,34,1,124,-91,12834,10601,264,1969
2021-07-13,SULAWESI TENGGARA,150,0,114,36,12984,10715,264,2005
2021-07-14,SULAWESI TENGGARA,135,4,176,-45,13119,10891,268,1960
2021-07-15,SULAWESI TENGGARA,222,3,69,150,13341,10960,271,2110
2021-07-16,SULAWESI TENGGARA,141,3,103,35,13482,11063,274,2145
2021-07-17,SULAWESI TENGGARA,176,2,147,27,13658,11210,276,2172
2021-07-18,SULAWESI TENGGARA,159,6,126,27,13817,11336,282,2199
2021-07-19,SULAWESI TENGGARA,123,3,9,111,13940,11345,285,2310
2021-07-20,SULAWESI TENGGARA,161,1,45,115,14101,11390,286,2425
2021-07-21,SULAWESI TENGGARA,206,3,141,62,14307,11531,289,2487
2021-07-22,SULAWESI TENGGARA,137,8,152,-23,14444,11683,297,2464
2021-07-23,SULAWESI TENGGARA,274,5,141,128,14718,11824,302,2592
2021-07-24,SULAWESI TENGGARA,226,8,127,91,14944,11951,310,2683
2021-07-25,SULAWESI TENGGARA,311,1,93,217,15255,12044,311,2900
2021-07-26,SULAWESI TENGGARA,114,12,124,-22,15369,12168,323,2878
2021-07-27,SULAWESI TENGGARA,258,4,130,124,15627,12298,327,3002
2021-07-28,SULAWESI TENGGARA,233,9,103,121,15860,12401,336,3123
2021-07-29,SULAWESI TENGGARA,232,7,111,114,16092,12512,343,3237
2021-07-30,SULAWESI TENGGARA,121,5,235,-119,16213,12747,348,3118
2021-07-31,SULAWESI TENGGARA,162,7,106,49,16375,12853,355,3167
2021-08-01,SULAWESI TENGGARA,125,8,166,-49,16500,13019,363,3118
2021-08-02,SULAWESI TENGGARA,135,7,100,28,16635,13119,370,3146
2021-08-03,SULAWESI TENGGARA,255,8,100,147,16890,13219,378,3293
2021-08-04,SULAWESI TENGGARA,189,6,195,-12,17079,13414,384,3281
2021-08-05,SULAWESI TENGGARA,218,6,182,30,17297,13596,390,3311
2021-08-06,SULAWESI TENGGARA,201,6,119,76,17498,13715,396,3387
2021-08-07,SULAWESI TENGGARA,241,7,202,32,17739,13917,403,3419
2021-08-08,SULAWESI TENGGARA,102,6,79,17,17841,13996,409,3436
2021-08-09,SULAWESI TENGGARA,89,4,178,-93,17930,14174,413,3343
2021-08-10,SULAWESI TENGGARA,132,8,340,-216,18062,14514,421,3127
2021-08-11,SULAWESI TENGGARA,90,6,230,-146,18152,14744,427,2981
2021-08-12,SULAWESI TENGGARA,91,1,106,-16,18243,14850,428,2965
2021-08-13,SULAWESI TENGGARA,130,4,111,15,18373,14961,432,2980
2021-08-14,SULAWESI TENGGARA,104,6,190,-92,18477,15151,438,2888
2021-08-15,SULAWESI TENGGARA,136,4,121,11,18613,15272,442,2899
2021-08-16,SULAWESI TENGGARA,86,2,169,-85,18699,15441,444,2814
2021-08-17,SULAWESI TENGGARA,85,3,267,-185,18784,15708,447,2629
2021-08-18,SULAWESI TENGGARA,62,4,102,-44,18846,15810,451,2585
2020-03-26,LAMPUNG,2,0,0,2,2,0,0,2
2020-03-27,LAMPUNG,1,0,0,1,3,0,0,3
2020-03-28,LAMPUNG,0,0,0,0,3,0,0,3
2020-03-29,LAMPUNG,0,0,0,0,3,0,0,3
2020-03-30,LAMPUNG,4,1,0,3,7,0,1,6
2020-03-31,LAMPUNG,0,1,0,-1,7,0,2,5
2020-04-01,LAMPUNG,0,0,0,0,7,0,2,5
2020-04-02,LAMPUNG,0,0,0,0,7,0,2,5
2020-04-03,LAMPUNG,3,1,0,2,10,0,3,7
2020-04-04,LAMPUNG,0,0,0,0,10,0,3,7
2020-04-05,LAMPUNG,0,0,0,0,10,0,3,7
2020-04-06,LAMPUNG,1,0,0,1,11,0,3,8
2020-04-07,LAMPUNG,0,0,0,0,11,0,3,8
2020-04-08,LAMPUNG,3,2,0,1,14,0,5,9
2020-04-09,LAMPUNG,1,0,2,-1,15,2,5,8
2020-04-10,LAMPUNG,5,0,0,5,20,2,5,13
2020-04-11,LAMPUNG,0,0,2,-2,20,4,5,11
2020-04-12,LAMPUNG,0,0,0,0,20,4,5,11
2020-04-13,LAMPUNG,1,0,0,1,21,4,5,12
2020-04-14,LAMPUNG,0,0,0,0,21,4,5,12
2020-04-15,LAMPUNG,0,0,0,0,21,4,5,12
2020-04-16,LAMPUNG,5,0,0,5,26,4,5,17
2020-04-17,LAMPUNG,0,0,0,0,26,4,5,17
2020-04-18,LAMPUNG,0,0,0,0,26,4,5,17
2020-04-19,LAMPUNG,0,0,0,0,26,4,5,17
2020-04-20,LAMPUNG,0,0,0,0,26,4,5,17
2020-04-21,LAMPUNG,1,0,1,0,27,5,5,17
2020-04-22,LAMPUNG,0,0,1,-1,27,6,5,16
2020-04-23,LAMPUNG,11,0,0,11,38,6,5,27
2020-04-24,LAMPUNG,0,0,0,0,38,6,5,27
2020-04-25,LAMPUNG,0,0,1,-1,38,7,5,26
2020-04-26,LAMPUNG,4,0,0,4,42,7,5,30
2020-04-27,LAMPUNG,0,0,1,-1,42,8,5,29
2020-04-28,LAMPUNG,2,0,2,0,44,10,5,29
2020-04-29,LAMPUNG,2,0,3,-1,46,13,5,28
2020-04-30,LAMPUNG,0,0,7,-7,46,20,5,21
2020-05-01,LAMPUNG,4,0,0,4,50,20,5,25
2020-05-02,LAMPUNG,0,0,0,0,50,20,5,25
2020-05-03,LAMPUNG,0,0,0,0,50,20,5,25
2020-05-04,LAMPUNG,4,0,0,4,54,20,5,29
2020-05-05,LAMPUNG,1,0,1,0,55,21,5,29
2020-05-06,LAMPUNG,8,0,5,3,63,26,5,32
2020-05-07,LAMPUNG,0,0,0,0,63,26,5,32
2020-05-08,LAMPUNG,3,0,0,3,66,26,5,35
2020-05-09,LAMPUNG,0,0,0,0,66,26,5,35
2020-05-10,LAMPUNG,0,1,0,-1,66,26,6,34
2020-05-11,LAMPUNG,0,1,0,-1,66,26,7,33
2020-05-12,LAMPUNG,0,0,0,0,66,26,7,33
2020-05-13,LAMPUNG,0,0,0,0,66,26,7,33
2020-05-14,LAMPUNG,0,0,0,0,66,26,7,33
2020-05-15,LAMPUNG,0,1,2,-3,66,28,8,30
2020-05-16,LAMPUNG,0,0,2,-2,66,30,8,28
2020-05-17,LAMPUNG,1,0,0,1,67,30,8,29
2020-05-18,LAMPUNG,16,0,2,14,83,32,8,43
2020-05-19,LAMPUNG,1,0,4,-3,84,36,8,40
2020-05-20,LAMPUNG,2,0,0,2,86,36,8,42
2020-05-21,LAMPUNG,16,0,2,14,102,38,8,56
2020-05-22,LAMPUNG,4,0,5,-1,106,43,8,55
2020-05-23,LAMPUNG,0,0,4,-4,106,47,8,51
2020-05-24,LAMPUNG,4,2,5,-3,110,52,10,48
2020-05-25,LAMPUNG,7,1,0,6,117,52,11,54
2020-05-26,LAMPUNG,0,0,2,-2,117,54,11,52
2020-05-27,LAMPUNG,2,0,0,2,119,54,11,54
2020-05-28,LAMPUNG,0,0,0,0,119,54,11,54
2020-05-29,LAMPUNG,13,0,0,13,132,54,11,67
2020-05-30,LAMPUNG,1,0,11,-10,133,65,11,57
2020-05-31,LAMPUNG,1,0,4,-3,134,69,11,54
2020-06-01,LAMPUNG,2,0,5,-3,136,74,11,51
2020-06-02,LAMPUNG,0,0,6,-6,136,80,11,45
2020-06-03,LAMPUNG,0,0,4,-4,136,84,11,41
2020-06-04,LAMPUNG,4,0,3,1,140,87,11,42
2020-06-05,LAMPUNG,1,0,11,-10,141,98,11,32
2020-06-06,LAMPUNG,2,0,3,-1,143,101,11,31
2020-06-07,LAMPUNG,1,0,1,0,144,102,11,31
2020-06-08,LAMPUNG,1,0,3,-2,145,105,11,29
2020-06-09,LAMPUNG,3,0,3,0,148,108,11,29
2020-06-10,LAMPUNG,2,0,1,1,150,109,11,30
2020-06-11,LAMPUNG,2,0,0,2,152,109,11,32
2020-06-12,LAMPUNG,1,0,2,-1,153,111,11,31
2020-06-13,LAMPUNG,12,1,3,8,165,114,12,39
2020-06-14,LAMPUNG,1,0,1,0,166,115,12,39
2020-06-15,LAMPUNG,0,0,0,0,166,115,12,39
2020-06-16,LAMPUNG,0,0,2,-2,166,117,12,37
2020-06-17,LAMPUNG,3,0,1,2,169,118,12,39
2020-06-18,LAMPUNG,2,0,3,-1,171,121,12,38
2020-06-19,LAMPUNG,1,0,2,-1,172,123,12,37
2020-06-20,LAMPUNG,8,0,5,3,180,128,12,40
2020-06-21,LAMPUNG,1,0,0,1,181,128,12,41
2020-06-22,LAMPUNG,0,0,0,0,181,128,12,41
2020-06-23,LAMPUNG,0,0,0,0,181,128,12,41
2020-06-24,LAMPUNG,2,0,7,-5,183,135,12,36
2020-06-25,LAMPUNG,4,0,0,4,187,135,12,40
2020-06-26,LAMPUNG,0,0,2,-2,187,137,12,38
2020-06-27,LAMPUNG,1,0,4,-3,188,141,12,35
2020-06-28,LAMPUNG,0,0,7,-7,188,148,12,28
2020-06-29,LAMPUNG,0,0,1,-1,188,149,12,27
2020-06-30,LAMPUNG,2,0,2,0,190,151,12,27
2020-07-01,LAMPUNG,1,0,2,-1,191,153,12,26
2020-07-02,LAMPUNG,2,0,0,2,193,153,12,28
2020-07-03,LAMPUNG,0,0,0,0,193,153,12,28
2020-07-04,LAMPUNG,0,0,1,-1,193,154,12,27
2020-07-05,LAMPUNG,2,0,1,1,195,155,12,28
2020-07-06,LAMPUNG,6,0,4,2,201,159,12,30
2020-07-07,LAMPUNG,0,0,0,0,201,159,12,30
2020-07-08,LAMPUNG,1,0,0,1,202,159,12,31
2020-07-09,LAMPUNG,1,0,1,0,203,160,12,31
2020-07-10,LAMPUNG,2,0,4,-2,205,164,12,29
2020-07-11,LAMPUNG,0,0,0,0,205,164,12,29
2020-07-12,LAMPUNG,3,0,3,0,208,167,12,29
2020-07-13,LAMPUNG,1,0,1,0,209,168,12,29
2020-07-14,LAMPUNG,0,0,0,0,209,168,12,29
2020-07-15,LAMPUNG,6,0,1,5,215,169,12,34
2020-07-16,LAMPUNG,4,0,0,4,219,169,12,38
2020-07-17,LAMPUNG,1,0,1,0,220,170,12,38
2020-07-18,LAMPUNG,9,0,0,9,229,170,12,47
2020-07-19,LAMPUNG,2,0,4,-2,231,174,12,45
2020-07-20,LAMPUNG,0,0,3,-3,231,177,12,42
2020-07-21,LAMPUNG,1,0,1,0,232,178,12,42
2020-07-22,LAMPUNG,5,0,1,4,237,179,12,46
2020-07-23,LAMPUNG,9,0,3,6,246,182,12,52
2020-07-24,LAMPUNG,0,0,3,-3,246,185,12,49
2020-07-25,LAMPUNG,1,0,2,-1,247,187,12,48
2020-07-26,LAMPUNG,3,0,3,0,250,190,12,48
2020-07-27,LAMPUNG,2,0,2,0,252,192,12,48
2020-07-28,LAMPUNG,0,0,3,-3,252,195,12,45
2020-07-29,LAMPUNG,0,0,0,0,252,195,12,45
2020-07-30,LAMPUNG,3,0,0,3,255,195,12,48
2020-07-31,LAMPUNG,0,0,0,0,255,195,12,48
2020-08-01,LAMPUNG,0,0,0,0,255,195,12,48
2020-08-02,LAMPUNG,16,1,0,15,271,195,13,63
2020-08-03,LAMPUNG,26,0,16,10,297,211,13,73
2020-08-04,LAMPUNG,0,0,1,-1,297,212,13,72
2020-08-05,LAMPUNG,1,0,3,-2,298,215,13,70
2020-08-06,LAMPUNG,1,0,4,-3,299,219,13,67
2020-08-07,LAMPUNG,4,0,2,2,303,221,13,69
2020-08-08,LAMPUNG,4,0,5,-1,307,226,13,68
2020-08-09,LAMPUNG,0,0,0,0,307,226,13,68
2020-08-10,LAMPUNG,9,0,1,8,316,227,13,76
2020-08-11,LAMPUNG,2,0,1,1,318,228,13,77
2020-08-12,LAMPUNG,2,0,2,0,320,230,13,77
2020-08-13,LAMPUNG,7,0,4,3,327,234,13,80
2020-08-14,LAMPUNG,5,0,0,5,332,234,13,85
2020-08-15,LAMPUNG,0,0,13,-13,332,247,13,72
2020-08-16,LAMPUNG,9,1,0,8,341,247,14,80
2020-08-17,LAMPUNG,2,0,31,-29,343,278,14,51
2020-08-18,LAMPUNG,0,0,0,0,343,278,14,51
2020-08-19,LAMPUNG,3,0,2,1,346,280,14,52
2020-08-20,LAMPUNG,6,0,1,5,352,281,14,57
2020-08-21,LAMPUNG,1,0,1,0,353,282,14,57
2020-08-22,LAMPUNG,3,0,1,2,356,283,14,59
2020-08-23,LAMPUNG,6,0,0,6,362,283,14,65
2020-08-24,LAMPUNG,3,0,12,-9,365,295,14,56
2020-08-25,LAMPUNG,4,0,0,4,369,295,14,60
2020-08-26,LAMPUNG,2,0,15,-13,371,310,14,47
2020-08-27,LAMPUNG,5,0,11,-6,376,321,14,41
2020-08-28,LAMPUNG,2,0,0,2,378,321,14,43
2020-08-29,LAMPUNG,4,0,0,4,382,321,14,47
2020-08-30,LAMPUNG,7,0,3,4,389,324,14,51
2020-08-31,LAMPUNG,6,0,5,1,395,329,14,52
2020-09-01,LAMPUNG,4,2,0,2,399,329,16,54
2020-09-02,LAMPUNG,11,0,5,6,410,334,16,60
2020-09-03,LAMPUNG,14,1,2,11,424,336,17,71
2020-09-04,LAMPUNG,4,0,2,2,428,338,17,73
2020-09-05,LAMPUNG,12,1,1,10,440,339,18,83
2020-09-06,LAMPUNG,12,1,6,5,452,345,19,88
2020-09-07,LAMPUNG,3,2,0,1,455,345,21,89
2020-09-08,LAMPUNG,11,0,6,5,466,351,21,94
2020-09-09,LAMPUNG,22,1,10,11,488,361,22,105
2020-09-10,LAMPUNG,21,0,2,19,509,363,22,124
2020-09-11,LAMPUNG,2,0,3,-1,511,366,22,123
2020-09-12,LAMPUNG,44,0,0,44,555,366,22,167
2020-09-13,LAMPUNG,0,0,5,-5,555,371,22,162
2020-09-14,LAMPUNG,60,1,8,51,615,379,23,213
2020-09-15,LAMPUNG,29,0,6,23,644,385,23,236
2020-09-16,LAMPUNG,22,2,22,-2,666,407,25,234
2020-09-17,LAMPUNG,21,1,21,-1,687,428,26,233
2020-09-18,LAMPUNG,7,1,2,4,694,430,27,237
2020-09-19,LAMPUNG,21,1,6,14,715,436,28,251
2020-09-20,LAMPUNG,13,1,0,12,728,436,29,263
2020-09-21,LAMPUNG,10,0,0,10,738,436,29,273
2020-09-22,LAMPUNG,24,1,24,-1,762,460,30,272
2020-09-23,LAMPUNG,16,0,34,-18,778,494,30,254
2020-09-24,LAMPUNG,21,0,0,21,799,494,30,275
2020-09-25,LAMPUNG,15,0,25,-10,814,519,30,265
2020-09-26,LAMPUNG,12,0,63,-51,826,582,30,214
2020-09-27,LAMPUNG,15,0,14,1,841,596,30,215
2020-09-28,LAMPUNG,10,0,19,-9,851,615,30,206
2020-09-29,LAMPUNG,24,0,14,10,875,629,30,216
2020-09-30,LAMPUNG,19,3,11,5,894,640,33,221
2020-10-01,LAMPUNG,13,0,16,-3,907,656,33,218
2020-10-02,LAMPUNG,25,3,17,5,932,673,36,223
2020-10-03,LAMPUNG,10,0,9,1,942,682,36,224
2020-10-04,LAMPUNG,9,0,13,-4,951,695,36,220
2020-10-05,LAMPUNG,37,0,16,21,988,711,36,241
2020-10-06,LAMPUNG,27,0,22,5,1015,733,36,246
2020-10-07,LAMPUNG,16,2,0,14,1031,733,38,260
2020-10-08,LAMPUNG,58,0,16,42,1089,749,38,302
2020-10-09,LAMPUNG,0,1,17,-18,1089,766,39,284
2020-10-10,LAMPUNG,31,2,3,26,1120,769,41,310
2020-10-11,LAMPUNG,11,0,1,10,1131,770,41,320
2020-10-12,LAMPUNG,16,0,0,16,1147,770,41,336
2020-10-13,LAMPUNG,15,0,0,15,1162,770,41,351
2020-10-14,LAMPUNG,42,5,17,20,1204,787,46,371
2020-10-15,LAMPUNG,17,1,0,16,1221,787,47,387
2020-10-16,LAMPUNG,29,0,63,-34,1250,850,47,353
2020-10-17,LAMPUNG,35,1,20,14,1285,870,48,367
2020-10-18,LAMPUNG,13,3,20,-10,1298,890,51,357
2020-10-19,LAMPUNG,42,2,24,16,1340,914,53,373
2020-10-20,LAMPUNG,36,1,0,35,1376,914,54,408
2020-10-21,LAMPUNG,44,1,0,43,1420,914,55,451
2020-10-22,LAMPUNG,40,2,23,15,1460,937,57,466
2020-10-23,LAMPUNG,62,2,4,56,1522,941,59,522
2020-10-24,LAMPUNG,29,3,0,26,1551,941,62,548
2020-10-25,LAMPUNG,50,0,2,48,1601,943,62,596
2020-10-26,LAMPUNG,45,3,6,36,1646,949,65,632
2020-10-27,LAMPUNG,40,4,0,36,1686,949,69,668
2020-10-28,LAMPUNG,43,2,39,2,1729,988,71,670
2020-10-29,LAMPUNG,28,3,46,-21,1757,1034,74,649
2020-10-30,LAMPUNG,37,1,25,11,1794,1059,75,660
2020-10-31,LAMPUNG,31,2,0,29,1825,1059,77,689
2020-11-01,LAMPUNG,26,2,74,-50,1851,1133,79,639
2020-11-02,LAMPUNG,33,0,1,32,1884,1134,79,671
2020-11-03,LAMPUNG,52,3,2,47,1936,1136,82,718
2020-11-04,LAMPUNG,48,4,43,1,1984,1179,86,719
2020-11-05,LAMPUNG,38,2,2,34,2022,1181,88,753
2020-11-06,LAMPUNG,44,3,0,41,2066,1181,91,794
2020-11-07,LAMPUNG,39,1,81,-43,2105,1262,92,751
2020-11-08,LAMPUNG,60,6,6,48,2165,1268,98,799
2020-11-09,LAMPUNG,86,6,19,61,2251,1287,104,860
2020-11-10,LAMPUNG,0,0,4,-4,2251,1291,104,856
2020-11-11,LAMPUNG,99,0,22,77,2350,1313,104,933
2020-11-12,LAMPUNG,95,1,30,64,2445,1343,105,997
2020-11-13,LAMPUNG,137,3,11,123,2582,1354,108,1120
2020-11-14,LAMPUNG,87,0,26,61,2669,1380,108,1181
2020-11-15,LAMPUNG,14,3,58,-47,2683,1438,111,1134
2020-11-16,LAMPUNG,61,2,12,47,2744,1450,113,1181
2020-11-17,LAMPUNG,22,3,117,-98,2766,1567,116,1083
2020-11-18,LAMPUNG,0,0,3,-3,2766,1570,116,1080
2020-11-19,LAMPUNG,125,4,49,72,2891,1619,120,1152
2020-11-20,LAMPUNG,44,1,3,40,2935,1622,121,1192
2020-11-21,LAMPUNG,46,0,50,-4,2981,1672,121,1188
2020-11-22,LAMPUNG,46,3,9,34,3027,1681,124,1222
2020-11-23,LAMPUNG,60,11,50,-1,3087,1731,135,1221
2020-11-24,LAMPUNG,67,0,9,58,3154,1740,135,1279
2020-11-25,LAMPUNG,84,9,50,25,3238,1790,144,1304
2020-11-26,LAMPUNG,102,9,30,63,3340,1820,153,1367
2020-11-27,LAMPUNG,157,10,84,63,3497,1904,163,1430
2020-11-28,LAMPUNG,125,6,71,48,3622,1975,169,1478
2020-11-29,LAMPUNG,56,3,29,24,3678,2004,172,1502
2020-11-30,LAMPUNG,145,1,37,107,3823,2041,173,1609
2020-12-01,LAMPUNG,116,0,50,66,3939,2091,173,1675
2020-12-02,LAMPUNG,54,0,58,-4,3993,2149,173,1671
2020-12-03,LAMPUNG,54,2,50,2,4047,2199,175,1673
2020-12-04,LAMPUNG,81,2,56,23,4128,2255,177,1696
2020-12-05,LAMPUNG,65,2,39,24,4193,2294,179,1720
2020-12-06,LAMPUNG,55,1,92,-38,4248,2386,180,1682
2020-12-07,LAMPUNG,34,1,176,-143,4282,2562,181,1539
2020-12-08,LAMPUNG,64,5,42,17,4346,2604,186,1556
2020-12-09,LAMPUNG,80,3,54,23,4426,2658,189,1579
2020-12-10,LAMPUNG,65,5,61,-1,4491,2719,194,1578
2020-12-11,LAMPUNG,62,4,72,-14,4553,2791,198,1564
2020-12-12,LAMPUNG,66,4,3,59,4619,2794,202,1623
2020-12-13,LAMPUNG,79,3,87,-11,4698,2881,205,1612
2020-12-14,LAMPUNG,78,12,13,53,4776,2894,217,1665
2020-12-15,LAMPUNG,73,4,158,-89,4849,3052,221,1576
2020-12-16,LAMPUNG,78,8,117,-47,4927,3169,229,1529
2020-12-17,LAMPUNG,103,3,147,-47,5030,3316,232,1482
2020-12-18,LAMPUNG,95,1,77,17,5125,3393,233,1499
2020-12-19,LAMPUNG,95,5,51,39,5220,3444,238,1538
2020-12-20,LAMPUNG,112,2,46,64,5332,3490,240,1602
2020-12-21,LAMPUNG,132,0,12,120,5464,3502,240,1722
2020-12-22,LAMPUNG,73,1,48,24,5537,3550,241,1746
2020-12-23,LAMPUNG,111,1,24,86,5648,3574,242,1832
2020-12-24,LAMPUNG,78,1,95,-18,5726,3669,243,1814
2020-12-25,LAMPUNG,65,4,51,10,5791,3720,247,1824
2020-12-26,LAMPUNG,65,3,108,-46,5856,3828,250,1778
2020-12-27,LAMPUNG,91,4,98,-11,5947,3926,254,1767
2020-12-28,LAMPUNG,78,5,73,0,6025,3999,259,1767
2020-12-29,LAMPUNG,102,3,92,7,6127,4091,262,1774
2020-12-30,LAMPUNG,64,7,87,-30,6191,4178,269,1744
2020-12-31,LAMPUNG,85,5,140,-60,6276,4318,274,1684
2021-01-01,LAMPUNG,80,3,197,-120,6356,4515,277,1564
2021-01-02,LAMPUNG,115,0,6,109,6471,4521,277,1673
2021-01-03,LAMPUNG,81,3,42,36,6552,4563,280,1709
2021-01-04,LAMPUNG,62,7,96,-41,6614,4659,287,1668
2021-01-05,LAMPUNG,82,5,66,11,6696,4725,292,1679
2021-01-06,LAMPUNG,87,33,96,-42,6783,4821,325,1637
2021-01-07,LAMPUNG,92,13,53,26,6875,4874,338,1663
2021-01-08,LAMPUNG,122,2,47,73,6997,4921,340,1736
2021-01-09,LAMPUNG,119,6,22,91,7116,4943,346,1827
2021-01-10,LAMPUNG,97,3,46,48,7213,4989,349,1875
2021-01-11,LAMPUNG,135,5,99,31,7348,5088,354,1906
2021-01-12,LAMPUNG,193,13,53,127,7541,5141,367,2033
2021-01-13,LAMPUNG,108,17,102,-11,7649,5243,384,2022
2021-01-14,LAMPUNG,96,13,99,-16,7745,5342,397,2006
2021-01-15,LAMPUNG,166,5,81,80,7911,5423,402,2086
2021-01-16,LAMPUNG,114,8,54,52,8025,5477,410,2138
2021-01-17,LAMPUNG,118,9,52,57,8143,5529,419,2195
2021-01-18,LAMPUNG,85,6,37,42,8228,5566,425,2237
2021-01-19,LAMPUNG,124,7,144,-27,8352,5710,432,2210
2021-01-20,LAMPUNG,174,2,87,85,8526,5797,434,2295
2021-01-21,LAMPUNG,128,5,217,-94,8654,6014,439,2201
2021-01-22,LAMPUNG,120,4,88,28,8774,6102,443,2229
2021-01-23,LAMPUNG,145,27,161,-43,8919,6263,470,2186
2021-01-24,LAMPUNG,165,6,46,113,9084,6309,476,2299
2021-01-25,LAMPUNG,108,3,170,-65,9192,6479,479,2234
2021-01-26,LAMPUNG,126,9,38,79,9318,6517,488,2313
2021-01-27,LAMPUNG,148,3,111,34,9466,6628,491,2347
2021-01-28,LAMPUNG,118,3,116,-1,9584,6744,494,2346
2021-01-29,LAMPUNG,146,4,78,64,9730,6822,498,2410
2021-01-30,LAMPUNG,145,7,77,61,9875,6899,505,2471
2021-01-31,LAMPUNG,134,5,131,-2,10009,7030,510,2469
2021-02-01,LAMPUNG,147,10,206,-69,10156,7236,520,2400
2021-02-02,LAMPUNG,165,8,130,27,10321,7366,528,2427
2021-02-03,LAMPUNG,124,7,167,-50,10445,7533,535,2377
2021-02-04,LAMPUNG,98,6,162,-70,10543,7695,541,2307
2021-02-05,LAMPUNG,114,11,123,-20,10657,7818,552,2287
2021-02-06,LAMPUNG,115,3,165,-53,10772,7983,555,2234
2021-02-07,LAMPUNG,114,2,134,-22,10886,8117,557,2212
2021-02-08,LAMPUNG,61,9,97,-45,10947,8214,566,2167
2021-02-09,LAMPUNG,98,4,174,-80,11045,8388,570,2087
2021-02-10,LAMPUNG,106,8,179,-81,11151,8567,578,2006
2021-02-11,LAMPUNG,66,6,130,-70,11217,8697,584,1936
2021-02-12,LAMPUNG,76,8,144,-76,11293,8841,592,1860
2021-02-13,LAMPUNG,75,6,215,-146,11368,9056,598,1714
2021-02-14,LAMPUNG,89,1,97,-9,11457,9153,599,1705
2021-02-15,LAMPUNG,68,1,94,-27,11525,9247,600,1678
2021-02-16,LAMPUNG,78,1,35,42,11603,9282,601,1720
2021-02-17,LAMPUNG,75,0,44,31,11678,9326,601,1751
2021-02-18,LAMPUNG,67,1,352,-286,11745,9678,602,1465
2021-02-19,LAMPUNG,79,9,267,-197,11824,9945,611,1268
2021-02-20,LAMPUNG,98,1,62,35,11922,10007,612,1303
2021-02-21,LAMPUNG,73,5,132,-64,11995,10139,617,1239
2021-02-22,LAMPUNG,92,7,179,-94,12087,10318,624,1145
2021-02-23,LAMPUNG,94,2,126,-34,12181,10444,626,1111
2021-02-24,LAMPUNG,68,3,93,-28,12249,10537,629,1083
2021-02-25,LAMPUNG,68,2,130,-64,12317,10667,631,1019
2021-02-26,LAMPUNG,68,4,115,-51,12385,10782,635,968
2021-02-27,LAMPUNG,82,1,35,46,12467,10817,636,1014
2021-02-28,LAMPUNG,68,7,95,-34,12535,10912,643,980
2021-03-01,LAMPUNG,73,6,70,-3,12608,10982,649,977
2021-03-02,LAMPUNG,50,8,74,-32,12658,11056,657,945
2021-03-03,LAMPUNG,59,6,69,-16,12717,11125,663,929
2021-03-04,LAMPUNG,56,2,59,-5,12773,11184,665,924
2021-03-05,LAMPUNG,45,4,79,-38,12818,11263,669,886
2021-03-06,LAMPUNG,41,0,69,-28,12859,11332,669,858
2021-03-07,LAMPUNG,48,0,51,-3,12907,11383,669,855
2021-03-08,LAMPUNG,53,2,79,-28,12960,11462,671,827
2021-03-09,LAMPUNG,60,0,65,-5,13020,11527,671,822
2021-03-10,LAMPUNG,58,3,160,-105,13078,11687,674,717
2021-03-11,LAMPUNG,46,5,22,19,13124,11709,679,736
2021-03-12,LAMPUNG,42,8,99,-65,13166,11808,687,671
2021-03-13,LAMPUNG,43,2,41,0,13209,11849,689,671
2021-03-14,LAMPUNG,48,2,30,16,13257,11879,691,687
2021-03-15,LAMPUNG,47,6,37,4,13304,11916,697,691
2021-03-16,LAMPUNG,43,4,47,-8,13347,11963,701,683
2021-03-17,LAMPUNG,41,2,65,-26,13388,12028,703,657
2021-03-18,LAMPUNG,37,8,61,-32,13425,12089,711,625
2021-03-19,LAMPUNG,40,2,59,-21,13465,12148,713,604
2021-03-20,LAMPUNG,54,6,30,18,13519,12178,719,622
2021-03-21,LAMPUNG,58,7,30,21,13577,12208,726,643
2021-03-22,LAMPUNG,36,6,41,-11,13613,12249,732,632
2021-03-23,LAMPUNG,37,2,61,-26,13650,12310,734,606
2021-03-24,LAMPUNG,51,3,34,14,13701,12344,737,620
2021-03-25,LAMPUNG,51,1,63,-13,13752,12407,738,607
2021-03-26,LAMPUNG,43,1,53,-11,13795,12460,739,596
2021-03-27,LAMPUNG,48,4,51,-7,13843,12511,743,589
2021-03-28,LAMPUNG,35,5,47,-17,13878,12558,748,572
2021-03-29,LAMPUNG,61,1,54,6,13939,12612,749,578
2021-03-30,LAMPUNG,51,5,71,-25,13990,12683,754,553
2021-03-31,LAMPUNG,29,2,49,-22,14019,12732,756,531
2021-04-01,LAMPUNG,43,2,38,3,14062,12770,758,534
2021-04-02,LAMPUNG,72,4,33,35,14134,12803,762,569
2021-04-03,LAMPUNG,44,5,70,-31,14178,12873,767,538
2021-04-04,LAMPUNG,28,2,27,-1,14206,12900,769,537
2021-04-05,LAMPUNG,28,2,41,-15,14234,12941,771,522
2021-04-06,LAMPUNG,38,0,25,13,14272,12966,771,535
2021-04-07,LAMPUNG,44,1,29,14,14316,12995,772,549
2021-04-08,LAMPUNG,39,2,32,5,14355,13027,774,554
2021-04-09,LAMPUNG,49,0,16,33,14404,13043,774,587
2021-04-10,LAMPUNG,54,2,22,30,14458,13065,776,617
2021-04-11,LAMPUNG,52,0,42,10,14510,13107,776,627
2021-04-12,LAMPUNG,68,0,16,52,14578,13123,776,679
2021-04-13,LAMPUNG,79,0,4,75,14657,13127,776,754
2021-04-14,LAMPUNG,58,3,57,-2,14715,13184,779,752
2021-04-15,LAMPUNG,48,2,21,25,14763,13205,781,777
2021-04-16,LAMPUNG,67,0,7,60,14830,13212,781,837
2021-04-17,LAMPUNG,70,0,4,66,14900,13216,781,903
2021-04-18,LAMPUNG,88,4,5,79,14988,13221,785,982
2021-04-19,LAMPUNG,91,6,35,50,15079,13256,791,1032
2021-04-20,LAMPUNG,107,3,33,71,15186,13289,794,1103
2021-04-21,LAMPUNG,88,2,40,46,15274,13329,796,1149
2021-04-22,LAMPUNG,63,1,30,32,15337,13359,797,1181
2021-04-23,LAMPUNG,80,2,61,17,15417,13420,799,1198
2021-04-24,LAMPUNG,68,1,26,41,15485,13446,800,1239
2021-04-25,LAMPUNG,81,0,25,56,15566,13471,800,1295
2021-04-26,LAMPUNG,67,7,75,-15,15633,13546,807,1280
2021-04-27,LAMPUNG,69,3,90,-24,15702,13636,810,1256
2021-04-28,LAMPUNG,115,2,155,-42,15817,13791,812,1214
2021-04-29,LAMPUNG,97,2,52,43,15914,13843,814,1257
2021-04-30,LAMPUNG,61,1,49,11,15975,13892,815,1268
2021-05-01,LAMPUNG,66,0,35,31,16041,13927,815,1299
2021-05-02,LAMPUNG,75,0,26,49,16116,13953,815,1348
2021-05-03,LAMPUNG,95,1,60,34,16211,14013,816,1382
2021-05-04,LAMPUNG,52,3,39,10,16263,14052,819,1392
2021-05-05,LAMPUNG,77,1,76,0,16340,14128,820,1392
2021-05-06,LAMPUNG,67,3,36,28,16407,14164,823,1420
2021-05-07,LAMPUNG,53,4,27,22,16460,14191,827,1442
2021-05-08,LAMPUNG,77,2,67,8,16537,14258,829,1450
2021-05-09,LAMPUNG,54,6,46,2,16591,14304,835,1452
2021-05-10,LAMPUNG,44,1,48,-5,16635,14352,836,1447
2021-05-11,LAMPUNG,85,18,217,-150,16720,14569,854,1297
2021-05-12,LAMPUNG,88,5,72,11,16808,14641,859,1308
2021-05-13,LAMPUNG,49,4,25,20,16857,14666,863,1328
2021-05-14,LAMPUNG,29,2,34,-7,16886,14700,865,1321
2021-05-15,LAMPUNG,65,0,15,50,16951,14715,865,1371
2021-05-16,LAMPUNG,58,2,24,32,17009,14739,867,1403
2021-05-17,LAMPUNG,60,5,92,-37,17069,14831,872,1366
2021-05-18,LAMPUNG,55,6,154,-105,17124,14985,878,1261
2021-05-19,LAMPUNG,64,2,18,44,17188,15003,880,1305
2021-05-20,LAMPUNG,69,23,143,-97,17257,15146,903,1208
2021-05-21,LAMPUNG,86,0,101,-15,17343,15247,903,1193
2021-05-22,LAMPUNG,70,6,56,8,17413,15303,909,1201
2021-05-23,LAMPUNG,104,0,29,75,17517,15332,909,1276
2021-05-24,LAMPUNG,94,1,41,52,17611,15373,910,1328
2021-05-25,LAMPUNG,84,3,41,40,17695,15414,913,1368
2021-05-26,LAMPUNG,75,2,57,16,17770,15471,915,1384
2021-05-27,LAMPUNG,56,5,95,-44,17826,15566,920,1340
2021-05-28,LAMPUNG,85,4,61,20,17911,15627,924,1360
2021-05-29,LAMPUNG,98,1,79,18,18009,15706,925,1378
2021-05-30,LAMPUNG,89,1,37,51,18098,15743,926,1429
2021-05-31,LAMPUNG,99,1,76,22,18197,15819,927,1451
2021-06-01,LAMPUNG,97,4,30,63,18294,15849,931,1514
2021-06-02,LAMPUNG,90,3,40,47,18384,15889,934,1561
2021-06-03,LAMPUNG,100,9,33,58,18484,15922,943,1619
2021-06-04,LAMPUNG,74,2,32,40,18558,15954,945,1659
2021-06-05,LAMPUNG,83,2,31,50,18641,15985,947,1709
2021-06-06,LAMPUNG,94,1,28,65,18735,16013,948,1774
2021-06-07,LAMPUNG,119,7,78,34,18854,16091,955,1808
2021-06-08,LAMPUNG,103,7,90,6,18957,16181,962,1814
2021-06-09,LAMPUNG,112,1,24,87,19069,16205,963,1901
2021-06-10,LAMPUNG,97,6,81,10,19166,16286,969,1911
2021-06-11,LAMPUNG,89,4,28,57,19255,16314,973,1968
2021-06-12,LAMPUNG,96,1,60,35,19351,16374,974,2003
2021-06-13,LAMPUNG,113,4,52,57,19464,16426,978,2060
2021-06-14,LAMPUNG,128,4,97,27,19592,16523,982,2087
2021-06-15,LAMPUNG,109,3,62,44,19701,16585,985,2131
2021-06-16,LAMPUNG,62,12,89,-39,19763,16674,997,2092
2021-06-17,LAMPUNG,92,57,720,-685,19855,17394,1054,1407
2021-06-18,LAMPUNG,88,10,215,-137,19943,17609,1064,1270
2021-06-19,LAMPUNG,117,10,204,-97,20060,17813,1074,1173
2021-06-20,LAMPUNG,141,5,107,29,20201,17920,1079,1202
2021-06-21,LAMPUNG,119,2,26,91,20320,17946,1081,1293
2021-06-22,LAMPUNG,72,4,121,-53,20392,18067,1085,1240
2021-06-23,LAMPUNG,142,3,36,103,20534,18103,1088,1343
2021-06-24,LAMPUNG,121,4,37,80,20655,18140,1092,1423
2021-06-25,LAMPUNG,153,1,53,99,20808,18193,1093,1522
2021-06-26,LAMPUNG,148,1,56,91,20956,18249,1094,1613
2021-06-27,LAMPUNG,235,2,120,113,21191,18369,1096,1726
2021-06-28,LAMPUNG,159,11,50,98,21350,18419,1107,1824
2021-06-29,LAMPUNG,125,1,39,85,21475,18458,1108,1909
2021-06-30,LAMPUNG,197,9,97,91,21672,18555,1117,2000
2021-07-01,LAMPUNG,206,2,88,116,21878,18643,1119,2116
2021-07-02,LAMPUNG,285,4,112,169,22163,18755,1123,2285
2021-07-03,LAMPUNG,286,0,70,216,22449,18825,1123,2501
2021-07-04,LAMPUNG,281,4,129,148,22730,18954,1127,2649
2021-07-05,LAMPUNG,306,4,52,250,23036,19006,1131,2899
2021-07-06,LAMPUNG,266,6,41,219,23302,19047,1137,3118
2021-07-07,LAMPUNG,320,1,16,303,23622,19063,1138,3421
2021-07-08,LAMPUNG,373,2,50,321,23995,19113,1140,3742
2021-07-09,LAMPUNG,383,7,76,300,24378,19189,1147,4042
2021-07-10,LAMPUNG,336,19,116,201,24714,19305,1166,4243
2021-07-11,LAMPUNG,326,4,44,278,25040,19349,1170,4521
2021-07-12,LAMPUNG,430,7,198,225,25470,19547,1177,4746
2021-07-13,LAMPUNG,325,41,520,-236,25795,20067,1218,4510
2021-07-14,LAMPUNG,320,0,20,300,26115,20087,1218,4810
2021-07-15,LAMPUNG,349,1,47,301,26464,20134,1219,5111
2021-07-16,LAMPUNG,420,20,403,-3,26884,20537,1239,5108
2021-07-17,LAMPUNG,448,2,77,369,27332,20614,1241,5477
2021-07-18,LAMPUNG,677,12,176,489,28009,20790,1253,5966
2021-07-19,LAMPUNG,650,11,128,511,28659,20918,1264,6477
2021-07-20,LAMPUNG,419,2,106,311,29078,21024,1266,6788
2021-07-21,LAMPUNG,441,15,148,278,29519,21172,1281,7066
2021-07-22,LAMPUNG,424,28,203,193,29943,21375,1309,7259
2021-07-23,LAMPUNG,445,11,105,329,30388,21480,1320,7588
2021-07-24,LAMPUNG,499,5,99,395,30887,21579,1325,7983
2021-07-25,LAMPUNG,399,6,74,319,31286,21653,1331,8302
2021-07-26,LAMPUNG,449,16,139,294,31735,21792,1347,8596
2021-07-27,LAMPUNG,581,255,491,-165,32316,22283,1602,8431
2021-07-28,LAMPUNG,517,180,1447,-1110,32833,23730,1782,7321
2021-07-29,LAMPUNG,687,94,631,-38,33520,24361,1876,7283
2021-07-30,LAMPUNG,569,89,300,180,34089,24661,1965,7463
2021-07-31,LAMPUNG,678,41,274,363,34767,24935,2006,7826
2021-08-01,LAMPUNG,581,75,632,-126,35348,25567,2081,7700
2021-08-02,LAMPUNG,472,74,689,-291,35820,26256,2155,7409
2021-08-03,LAMPUNG,599,54,666,-121,36419,26922,2209,7288
2021-08-04,LAMPUNG,717,88,338,291,37136,27260,2297,7579
2021-08-05,LAMPUNG,680,71,253,356,37816,27513,2368,7935
2021-08-06,LAMPUNG,696,45,619,32,38512,28132,2413,7967
2021-08-07,LAMPUNG,437,86,627,-276,38949,28759,2499,7691
2021-08-08,LAMPUNG,497,114,985,-602,39446,29744,2613,7089
2021-08-09,LAMPUNG,367,61,565,-259,39813,30309,2674,6830
2021-08-10,LAMPUNG,494,14,646,-166,40307,30955,2688,6664
2021-08-11,LAMPUNG,430,54,546,-170,40737,31501,2742,6494
2021-08-12,LAMPUNG,372,98,355,-81,41109,31856,2840,6413
2021-08-13,LAMPUNG,467,45,910,-488,41576,32766,2885,5925
2021-08-14,LAMPUNG,468,25,396,47,42044,33162,2910,5972
2021-08-15,LAMPUNG,382,52,423,-93,42426,33585,2962,5879
2021-08-16,LAMPUNG,375,28,201,146,42801,33786,2990,6025
2021-08-17,LAMPUNG,367,38,375,-46,43168,34161,3028,5979
2021-08-18,LAMPUNG,229,37,314,-122,43397,34475,3065,5857
2020-03-26,SULAWESI UTARA,1,0,1,0,1,1,0,0
2020-03-27,SULAWESI UTARA,0,0,0,0,1,1,0,0
2020-03-28,SULAWESI UTARA,0,0,0,0,1,1,0,0
2020-03-29,SULAWESI UTARA,0,0,0,0,1,1,0,0
2020-03-30,SULAWESI UTARA,0,0,0,0,1,1,0,0
2020-03-31,SULAWESI UTARA,0,0,0,0,1,1,0,0
2020-04-01,SULAWESI UTARA,2,0,0,2,3,1,0,2
2020-04-02,SULAWESI UTARA,0,0,0,0,3,1,0,2
2020-04-03,SULAWESI UTARA,0,0,0,0,3,1,0,2
2020-04-04,SULAWESI UTARA,0,1,0,-1,3,1,1,1
2020-04-05,SULAWESI UTARA,0,0,0,0,3,1,1,1
2020-04-06,SULAWESI UTARA,2,0,0,2,5,1,1,3
2020-04-07,SULAWESI UTARA,3,1,0,2,8,1,2,5
2020-04-08,SULAWESI UTARA,0,0,0,0,8,1,2,5
2020-04-09,SULAWESI UTARA,0,0,0,0,8,1,2,5
2020-04-10,SULAWESI UTARA,5,1,0,4,13,1,3,9
2020-04-11,SULAWESI UTARA,0,0,1,-1,13,2,3,8
2020-04-12,SULAWESI UTARA,4,0,0,4,17,2,3,12
2020-04-13,SULAWESI UTARA,0,0,0,0,17,2,3,12
2020-04-14,SULAWESI UTARA,0,0,2,-2,17,4,3,10
2020-04-15,SULAWESI UTARA,1,0,0,1,18,4,3,11
2020-04-16,SULAWESI UTARA,0,0,1,-1,18,5,3,10
2020-04-17,SULAWESI UTARA,0,0,0,0,18,5,3,10
2020-04-18,SULAWESI UTARA,2,0,0,2,20,5,3,12
2020-04-19,SULAWESI UTARA,0,0,0,0,20,5,3,12
2020-04-20,SULAWESI UTARA,0,0,0,0,20,5,3,12
2020-04-21,SULAWESI UTARA,0,0,0,0,20,5,3,12
2020-04-22,SULAWESI UTARA,0,0,0,0,20,5,3,12
2020-04-23,SULAWESI UTARA,11,0,2,9,31,7,3,21
2020-04-24,SULAWESI UTARA,5,0,0,5,36,7,3,26
2020-04-25,SULAWESI UTARA,0,0,0,0,36,7,3,26
2020-04-26,SULAWESI UTARA,4,0,6,-2,40,13,3,24
2020-04-27,SULAWESI UTARA,0,0,0,0,40,13,3,24
2020-04-28,SULAWESI UTARA,3,0,0,3,43,13,3,27
2020-04-29,SULAWESI UTARA,1,0,1,0,44,14,3,27
2020-04-30,SULAWESI UTARA,1,1,0,0,45,14,4,27
2020-05-01,SULAWESI UTARA,0,0,0,0,45,14,4,27
2020-05-02,SULAWESI UTARA,0,0,3,-3,45,17,4,24
2020-05-03,SULAWESI UTARA,0,0,0,0,45,17,4,24
2020-05-04,SULAWESI UTARA,0,0,0,0,45,17,4,24
2020-05-05,SULAWESI UTARA,0,0,0,0,45,17,4,24
2020-05-06,SULAWESI UTARA,0,0,0,0,45,17,4,24
2020-05-07,SULAWESI UTARA,0,0,0,0,45,17,4,24
2020-05-08,SULAWESI UTARA,2,0,0,2,47,17,4,26
2020-05-09,SULAWESI UTARA,6,1,0,5,53,17,5,31
2020-05-10,SULAWESI UTARA,18,1,0,17,71,17,6,48
2020-05-11,SULAWESI UTARA,0,0,0,0,71,17,6,48
2020-05-12,SULAWESI UTARA,3,0,9,-6,74,26,6,42
2020-05-13,SULAWESI UTARA,8,1,0,7,82,26,7,49
2020-05-14,SULAWESI UTARA,1,1,4,-4,83,30,8,45
2020-05-15,SULAWESI UTARA,22,1,0,21,105,30,9,66
2020-05-16,SULAWESI UTARA,9,0,1,8,114,31,9,74
2020-05-17,SULAWESI UTARA,0,4,0,-4,114,31,13,70
2020-05-18,SULAWESI UTARA,2,1,0,1,116,31,14,71
2020-05-19,SULAWESI UTARA,10,0,0,10,126,31,14,81
2020-05-20,SULAWESI UTARA,24,1,0,23,150,31,15,104
2020-05-21,SULAWESI UTARA,30,4,0,26,180,31,19,130
2020-05-22,SULAWESI UTARA,18,4,0,14,198,31,23,144
2020-05-23,SULAWESI UTARA,3,2,1,0,201,32,25,144
2020-05-24,SULAWESI UTARA,29,1,2,26,230,34,26,170
2020-05-25,SULAWESI UTARA,9,1,0,8,239,34,27,178
2020-05-26,SULAWESI UTARA,26,5,1,20,265,35,32,198
2020-05-27,SULAWESI UTARA,16,2,1,13,281,36,34,211
2020-05-28,SULAWESI UTARA,16,0,2,14,297,38,34,225
2020-05-29,SULAWESI UTARA,9,1,1,7,306,39,35,232
2020-05-30,SULAWESI UTARA,16,0,1,15,322,40,35,247
2020-05-31,SULAWESI UTARA,17,2,11,4,339,51,37,251
2020-06-01,SULAWESI UTARA,0,1,1,-2,339,52,38,249
2020-06-02,SULAWESI UTARA,15,1,0,14,354,52,39,263
2020-06-03,SULAWESI UTARA,23,4,4,15,377,56,43,278
2020-06-04,SULAWESI UTARA,4,1,6,-3,381,62,44,275
2020-06-05,SULAWESI UTARA,10,1,0,9,391,62,45,284
2020-06-06,SULAWESI UTARA,79,1,0,78,470,62,46,362
2020-06-07,SULAWESI UTARA,25,5,2,18,495,64,51,380
2020-06-08,SULAWESI UTARA,15,3,9,3,510,73,54,383
2020-06-09,SULAWESI UTARA,17,0,0,17,527,73,54,400
2020-06-10,SULAWESI UTARA,18,0,7,11,545,80,54,411
2020-06-11,SULAWESI UTARA,34,4,18,12,579,98,58,423
2020-06-12,SULAWESI UTARA,56,0,0,56,635,98,58,479
2020-06-13,SULAWESI UTARA,16,6,1,9,651,99,64,488
2020-06-14,SULAWESI UTARA,7,0,2,5,658,101,64,493
2020-06-15,SULAWESI UTARA,17,0,7,10,675,108,64,503
2020-06-16,SULAWESI UTARA,26,6,7,13,701,115,70,516
2020-06-17,SULAWESI UTARA,35,0,7,28,736,122,70,544
2020-06-18,SULAWESI UTARA,25,3,7,15,761,129,73,559
2020-06-19,SULAWESI UTARA,23,1,8,14,784,137,74,573
2020-06-20,SULAWESI UTARA,24,3,3,18,808,140,77,591
2020-06-21,SULAWESI UTARA,45,0,3,42,853,143,77,633
2020-06-22,SULAWESI UTARA,1,2,2,-3,854,145,79,630
2020-06-23,SULAWESI UTARA,7,1,2,4,861,147,80,634
2020-06-24,SULAWESI UTARA,31,3,2,26,892,149,83,660
2020-06-25,SULAWESI UTARA,36,4,3,29,928,152,87,689
2020-06-26,SULAWESI UTARA,42,5,19,18,970,171,92,707
2020-06-27,SULAWESI UTARA,54,2,1,51,1024,172,94,758
2020-06-28,SULAWESI UTARA,32,0,0,32,1056,172,94,790
2020-06-29,SULAWESI UTARA,26,0,5,21,1082,177,94,811
2020-06-30,SULAWESI UTARA,27,0,10,17,1109,187,94,828
2020-07-01,SULAWESI UTARA,20,2,14,4,1129,201,96,832
2020-07-02,SULAWESI UTARA,30,1,18,11,1159,219,97,843
2020-07-03,SULAWESI UTARA,19,4,14,1,1178,233,101,844
2020-07-04,SULAWESI UTARA,13,2,17,-6,1191,250,103,838
2020-07-05,SULAWESI UTARA,17,1,17,-1,1208,267,104,837
2020-07-06,SULAWESI UTARA,10,2,31,-23,1218,298,106,814
2020-07-07,SULAWESI UTARA,34,1,18,15,1252,316,107,829
2020-07-08,SULAWESI UTARA,89,1,12,76,1341,328,108,905
2020-07-09,SULAWESI UTARA,87,0,27,60,1428,355,108,965
2020-07-10,SULAWESI UTARA,130,1,5,124,1558,360,109,1089
2020-07-11,SULAWESI UTARA,75,0,5,70,1633,365,109,1159
2020-07-12,SULAWESI UTARA,27,0,1,26,1660,366,109,1185
2020-07-13,SULAWESI UTARA,20,1,8,11,1680,374,110,1196
2020-07-14,SULAWESI UTARA,16,1,16,-1,1696,390,111,1195
2020-07-15,SULAWESI UTARA,44,0,12,32,1740,402,111,1227
2020-07-16,SULAWESI UTARA,29,1,15,13,1769,417,112,1240
2020-07-17,SULAWESI UTARA,28,1,107,-80,1797,524,113,1160
2020-07-18,SULAWESI UTARA,54,1,76,-23,1851,600,114,1137
2020-07-19,SULAWESI UTARA,47,2,21,24,1898,621,116,1161
2020-07-20,SULAWESI UTARA,64,2,39,23,1962,660,118,1184
2020-07-21,SULAWESI UTARA,38,3,51,-16,2000,711,121,1168
2020-07-22,SULAWESI UTARA,74,1,125,-52,2074,836,122,1116
2020-07-23,SULAWESI UTARA,43,0,111,-68,2117,947,122,1048
2020-07-24,SULAWESI UTARA,44,0,54,-10,2161,1001,122,1038
2020-07-25,SULAWESI UTARA,54,1,23,30,2215,1024,123,1068
2020-07-26,SULAWESI UTARA,47,0,38,9,2262,1062,123,1077
2020-07-27,SULAWESI UTARA,50,0,23,27,2312,1085,123,1104
2020-07-28,SULAWESI UTARA,44,3,64,-23,2356,1149,126,1081
2020-07-29,SULAWESI UTARA,57,0,39,18,2413,1188,126,1099
2020-07-30,SULAWESI UTARA,86,3,22,61,2499,1210,129,1160
2020-07-31,SULAWESI UTARA,81,3,16,62,2580,1226,132,1222
2020-08-01,SULAWESI UTARA,68,0,19,49,2648,1245,132,1271
2020-08-02,SULAWESI UTARA,20,1,60,-41,2668,1305,133,1230
2020-08-03,SULAWESI UTARA,78,1,49,28,2746,1354,134,1258
2020-08-04,SULAWESI UTARA,29,0,37,-8,2775,1391,134,1250
2020-08-05,SULAWESI UTARA,19,0,35,-16,2794,1426,134,1234
2020-08-06,SULAWESI UTARA,28,1,31,-4,2822,1457,135,1230
2020-08-07,SULAWESI UTARA,18,3,30,-15,2840,1487,138,1215
2020-08-08,SULAWESI UTARA,20,0,88,-68,2860,1575,138,1147
2020-08-09,SULAWESI UTARA,44,2,43,-1,2904,1618,140,1146
2020-08-10,SULAWESI UTARA,72,0,20,52,2976,1638,140,1198
2020-08-11,SULAWESI UTARA,36,3,51,-18,3012,1689,143,1180
2020-08-12,SULAWESI UTARA,12,0,30,-18,3024,1719,143,1162
2020-08-13,SULAWESI UTARA,126,0,20,106,3150,1739,143,1268
2020-08-14,SULAWESI UTARA,61,0,82,-21,3211,1821,143,1247
2020-08-15,SULAWESI UTARA,50,1,55,-6,3261,1876,144,1241
2020-08-16,SULAWESI UTARA,21,2,91,-72,3282,1967,146,1169
2020-08-17,SULAWESI UTARA,6,1,68,-63,3288,2035,147,1106
2020-08-18,SULAWESI UTARA,27,1,82,-56,3315,2117,148,1050
2020-08-19,SULAWESI UTARA,21,0,38,-17,3336,2155,148,1033
2020-08-20,SULAWESI UTARA,65,1,36,28,3401,2191,149,1061
2020-08-21,SULAWESI UTARA,50,0,134,-84,3451,2325,149,977
2020-08-22,SULAWESI UTARA,70,0,29,41,3521,2354,149,1018
2020-08-23,SULAWESI UTARA,30,0,67,-37,3551,2421,149,981
2020-08-24,SULAWESI UTARA,3,5,34,-36,3554,2455,154,945
2020-08-25,SULAWESI UTARA,44,0,30,14,3598,2485,154,959
2020-08-26,SULAWESI UTARA,15,1,34,-20,3613,2519,155,939
2020-08-27,SULAWESI UTARA,38,0,20,18,3651,2539,155,957
2020-08-28,SULAWESI UTARA,34,0,62,-28,3685,2601,155,929
2020-08-29,SULAWESI UTARA,66,0,49,17,3751,2650,155,946
2020-08-30,SULAWESI UTARA,82,1,52,29,3833,2702,156,975
2020-08-31,SULAWESI UTARA,15,0,36,-21,3848,2738,156,954
2020-09-01,SULAWESI UTARA,45,0,33,12,3893,2771,156,966
2020-09-02,SULAWESI UTARA,14,1,51,-38,3907,2822,157,928
2020-09-03,SULAWESI UTARA,34,1,35,-2,3941,2857,158,926
2020-09-04,SULAWESI UTARA,30,0,40,-10,3971,2897,158,916
2020-09-05,SULAWESI UTARA,18,0,43,-25,3989,2940,158,891
2020-09-06,SULAWESI UTARA,12,1,20,-9,4001,2960,159,882
2020-09-07,SULAWESI UTARA,1,1,52,-52,4002,3012,160,830
2020-09-08,SULAWESI UTARA,21,0,18,3,4023,3030,160,833
2020-09-09,SULAWESI UTARA,22,0,24,-2,4045,3054,160,831
2020-09-10,SULAWESI UTARA,18,0,36,-18,4063,3090,160,813
2020-09-11,SULAWESI UTARA,21,0,26,-5,4084,3116,160,808
2020-09-12,SULAWESI UTARA,21,0,40,-19,4105,3156,160,789
2020-09-13,SULAWESI UTARA,44,1,12,31,4149,3168,161,820
2020-09-14,SULAWESI UTARA,16,1,40,-25,4165,3208,162,795
2020-09-15,SULAWESI UTARA,6,0,26,-20,4171,3234,162,775
2020-09-16,SULAWESI UTARA,11,2,15,-6,4182,3249,164,769
2020-09-17,SULAWESI UTARA,30,1,21,8,4212,3270,165,777
2020-09-18,SULAWESI UTARA,20,0,25,-5,4232,3295,165,772
2020-09-19,SULAWESI UTARA,22,2,30,-10,4254,3325,167,762
2020-09-20,SULAWESI UTARA,40,1,26,13,4294,3351,168,775
2020-09-21,SULAWESI UTARA,23,2,20,1,4317,3371,170,776
2020-09-22,SULAWESI UTARA,12,1,28,-17,4329,3399,171,759
2020-09-23,SULAWESI UTARA,6,0,16,-10,4335,3415,171,749
2020-09-24,SULAWESI UTARA,22,1,36,-15,4357,3451,172,734
2020-09-25,SULAWESI UTARA,33,0,12,21,4390,3463,172,755
2020-09-26,SULAWESI UTARA,21,1,34,-14,4411,3497,173,741
2020-09-27,SULAWESI UTARA,26,0,22,4,4437,3519,173,745
2020-09-28,SULAWESI UTARA,7,0,36,-29,4444,3555,173,716
2020-09-29,SULAWESI UTARA,12,2,20,-10,4456,3575,175,706
2020-09-30,SULAWESI UTARA,31,1,22,8,4487,3597,176,714
2020-10-01,SULAWESI UTARA,17,0,24,-7,4504,3621,176,707
2020-10-02,SULAWESI UTARA,25,1,38,-14,4529,3659,177,693
2020-10-03,SULAWESI UTARA,22,0,25,-3,4551,3684,177,690
2020-10-04,SULAWESI UTARA,25,0,27,-2,4576,3711,177,688
2020-10-05,SULAWESI UTARA,19,1,41,-23,4595,3752,178,665
2020-10-06,SULAWESI UTARA,35,0,15,20,4630,3767,178,685
2020-10-07,SULAWESI UTARA,22,1,51,-30,4652,3818,179,655
2020-10-08,SULAWESI UTARA,32,0,23,9,4684,3841,179,664
2020-10-09,SULAWESI UTARA,18,1,35,-18,4702,3876,180,646
2020-10-10,SULAWESI UTARA,41,0,28,13,4743,3904,180,659
2020-10-11,SULAWESI UTARA,54,0,50,4,4797,3954,180,663
2020-10-12,SULAWESI UTARA,6,1,48,-43,4803,4002,181,620
2020-10-13,SULAWESI UTARA,8,0,20,-12,4811,4022,181,608
2020-10-14,SULAWESI UTARA,44,1,22,21,4855,4044,182,629
2020-10-15,SULAWESI UTARA,12,1,30,-19,4867,4074,183,610
2020-10-16,SULAWESI UTARA,62,2,38,22,4929,4112,185,632
2020-10-17,SULAWESI UTARA,30,0,32,-2,4959,4144,185,630
2020-10-18,SULAWESI UTARA,26,1,41,-16,4985,4185,186,614
2020-10-19,SULAWESI UTARA,41,2,24,15,5026,4209,188,629
2020-10-20,SULAWESI UTARA,22,2,27,-7,5048,4236,190,622
2020-10-21,SULAWESI UTARA,27,2,24,1,5075,4260,192,623
2020-10-22,SULAWESI UTARA,13,2,26,-15,5088,4286,194,608
2020-10-23,SULAWESI UTARA,45,0,28,17,5133,4314,194,625
2020-10-24,SULAWESI UTARA,44,1,29,14,5177,4343,195,639
2020-10-25,SULAWESI UTARA,33,0,33,0,5210,4376,195,639
2020-10-26,SULAWESI UTARA,22,0,31,-9,5232,4407,195,630
2020-10-27,SULAWESI UTARA,11,2,25,-16,5243,4432,197,614
2020-10-28,SULAWESI UTARA,43,2,15,26,5286,4447,199,640
2020-10-29,SULAWESI UTARA,65,1,36,28,5351,4483,200,668
2020-10-30,SULAWESI UTARA,39,0,36,3,5390,4519,200,671
2020-10-31,SULAWESI UTARA,19,4,24,-9,5409,4543,204,662
2020-11-01,SULAWESI UTARA,21,0,24,-3,5430,4567,204,659
2020-11-02,SULAWESI UTARA,24,1,19,4,5454,4586,205,663
2020-11-03,SULAWESI UTARA,22,1,51,-30,5476,4637,206,633
2020-11-04,SULAWESI UTARA,8,2,23,-17,5484,4660,208,616
2020-11-05,SULAWESI UTARA,44,0,19,25,5528,4679,208,641
2020-11-06,SULAWESI UTARA,1,2,37,-38,5529,4716,210,603
2020-11-07,SULAWESI UTARA,52,2,25,25,5581,4741,212,628
2020-11-08,SULAWESI UTARA,58,1,10,47,5639,4751,213,675
2020-11-09,SULAWESI UTARA,44,1,40,3,5683,4791,214,678
2020-11-10,SULAWESI UTARA,30,2,19,9,5713,4810,216,687
2020-11-11,SULAWESI UTARA,78,0,2,76,5791,4812,216,763
2020-11-12,SULAWESI UTARA,37,0,55,-18,5828,4867,216,745
2020-11-13,SULAWESI UTARA,19,6,16,-3,5847,4883,222,742
2020-11-14,SULAWESI UTARA,65,3,15,47,5912,4898,225,789
2020-11-15,SULAWESI UTARA,49,0,24,25,5961,4922,225,814
2020-11-16,SULAWESI UTARA,100,2,37,61,6061,4959,227,875
2020-11-17,SULAWESI UTARA,44,0,28,16,6105,4987,227,891
2020-11-18,SULAWESI UTARA,6,0,9,-3,6111,4996,227,888
2020-11-19,SULAWESI UTARA,119,3,10,106,6230,5006,230,994
2020-11-20,SULAWESI UTARA,145,0,54,91,6375,5060,230,1085
2020-11-21,SULAWESI UTARA,20,0,15,5,6395,5075,230,1090
2020-11-22,SULAWESI UTARA,23,2,19,2,6418,5094,232,1092
2020-11-23,SULAWESI UTARA,25,1,35,-11,6443,5129,233,1081
2020-11-24,SULAWESI UTARA,28,3,33,-8,6471,5162,236,1073
2020-11-25,SULAWESI UTARA,79,0,28,51,6550,5190,236,1124
2020-11-26,SULAWESI UTARA,44,2,20,22,6594,5210,238,1146
2020-11-27,SULAWESI UTARA,152,0,38,114,6746,5248,238,1260
2020-11-28,SULAWESI UTARA,47,0,21,26,6793,5269,238,1286
2020-11-29,SULAWESI UTARA,18,3,23,-8,6811,5292,241,1278
2020-11-30,SULAWESI UTARA,115,3,69,43,6926,5361,244,1321
2020-12-01,SULAWESI UTARA,36,0,52,-16,6962,5413,244,1305
2020-12-02,SULAWESI UTARA,104,0,44,60,7066,5457,244,1365
2020-12-03,SULAWESI UTARA,88,2,27,59,7154,5484,246,1424
2020-12-04,SULAWESI UTARA,61,5,56,0,7215,5540,251,1424
2020-12-05,SULAWESI UTARA,29,1,40,-12,7244,5580,252,1412
2020-12-06,SULAWESI UTARA,105,0,55,50,7349,5635,252,1462
2020-12-07,SULAWESI UTARA,78,2,18,58,7427,5653,254,1520
2020-12-08,SULAWESI UTARA,47,2,73,-28,7474,5726,256,1492
2020-12-09,SULAWESI UTARA,57,2,72,-17,7531,5798,258,1475
2020-12-10,SULAWESI UTARA,135,1,32,102,7666,5830,259,1577
2020-12-11,SULAWESI UTARA,134,5,20,109,7800,5850,264,1686
2020-12-12,SULAWESI UTARA,78,1,26,51,7878,5876,265,1737
2020-12-13,SULAWESI UTARA,93,3,25,65,7971,5901,268,1802
2020-12-14,SULAWESI UTARA,87,1,35,51,8058,5936,269,1853
2020-12-15,SULAWESI UTARA,58,1,27,30,8116,5963,270,1883
2020-12-16,SULAWESI UTARA,173,1,75,97,8289,6038,271,1980
2020-12-17,SULAWESI UTARA,121,1,21,99,8410,6059,272,2079
2020-12-18,SULAWESI UTARA,206,4,78,124,8616,6137,276,2203
2020-12-19,SULAWESI UTARA,164,2,69,93,8780,6206,278,2296
2020-12-20,SULAWESI UTARA,157,6,47,104,8937,6253,284,2400
2020-12-21,SULAWESI UTARA,99,5,96,-2,9036,6349,289,2398
2020-12-22,SULAWESI UTARA,31,0,71,-40,9067,6420,289,2358
2020-12-23,SULAWESI UTARA,67,2,102,-37,9134,6522,291,2321
2020-12-24,SULAWESI UTARA,103,2,33,68,9237,6555,293,2389
2020-12-25,SULAWESI UTARA,65,1,32,32,9302,6587,294,2421
2020-12-26,SULAWESI UTARA,43,1,0,42,9345,6587,295,2463
2020-12-27,SULAWESI UTARA,69,3,99,-33,9414,6686,298,2430
2020-12-28,SULAWESI UTARA,79,3,118,-42,9493,6804,301,2388
2020-12-29,SULAWESI UTARA,56,4,73,-21,9549,6877,305,2367
2020-12-30,SULAWESI UTARA,34,4,126,-96,9583,7003,309,2271
2020-12-31,SULAWESI UTARA,87,1,72,14,9670,7075,310,2285
2021-01-01,SULAWESI UTARA,53,0,71,-18,9723,7146,310,2267
2021-01-02,SULAWESI UTARA,60,12,71,-23,9783,7217,322,2244
2021-01-03,SULAWESI UTARA,81,0,19,62,9864,7236,322,2306
2021-01-04,SULAWESI UTARA,58,0,33,25,9922,7269,322,2331
2021-01-05,SULAWESI UTARA,35,0,10,25,9957,7279,322,2356
2021-01-06,SULAWESI UTARA,42,1,74,-33,9999,7353,323,2323
2021-01-07,SULAWESI UTARA,81,4,41,36,10080,7394,327,2359
2021-01-08,SULAWESI UTARA,77,4,95,-22,10157,7489,331,2337
2021-01-09,SULAWESI UTARA,143,1,9,133,10300,7498,332,2470
2021-01-10,SULAWESI UTARA,170,2,13,155,10470,7511,334,2625
2021-01-11,SULAWESI UTARA,150,7,162,-19,10620,7673,341,2606
2021-01-12,SULAWESI UTARA,79,2,99,-22,10699,7772,343,2584
2021-01-13,SULAWESI UTARA,94,1,37,56,10793,7809,344,2640
2021-01-14,SULAWESI UTARA,100,3,98,-1,10893,7907,347,2639
2021-01-15,SULAWESI UTARA,128,0,47,81,11021,7954,347,2720
2021-01-16,SULAWESI UTARA,179,3,138,38,11200,8092,350,2758
2021-01-17,SULAWESI UTARA,140,3,24,113,11340,8116,353,2871
2021-01-18,SULAWESI UTARA,145,0,183,-38,11485,8299,353,2833
2021-01-19,SULAWESI UTARA,119,1,62,56,11604,8361,354,2889
2021-01-20,SULAWESI UTARA,235,2,45,188,11839,8406,356,3077
2021-01-21,SULAWESI UTARA,92,2,82,8,11931,8488,358,3085
2021-01-22,SULAWESI UTARA,159,11,46,102,12090,8534,369,3187
2021-01-23,SULAWESI UTARA,150,1,48,101,12240,8582,370,3288
2021-01-24,SULAWESI UTARA,241,2,25,214,12481,8607,372,3502
2021-01-25,SULAWESI UTARA,139,5,178,-44,12620,8785,377,3458
2021-01-26,SULAWESI UTARA,200,8,198,-6,12820,8983,385,3452
2021-01-27,SULAWESI UTARA,146,3,75,68,12966,9058,388,3520
2021-01-28,SULAWESI UTARA,146,28,30,88,13112,9088,416,3608
2021-01-29,SULAWESI UTARA,116,4,69,43,13228,9157,420,3651
2021-01-30,SULAWESI UTARA,130,3,167,-40,13358,9324,423,3611
2021-01-31,SULAWESI UTARA,95,6,101,-12,13453,9425,429,3599
2021-02-01,SULAWESI UTARA,74,2,52,20,13527,9477,431,3619
2021-02-02,SULAWESI UTARA,103,9,44,50,13630,9521,440,3669
2021-02-03,SULAWESI UTARA,72,2,254,-184,13702,9775,442,3485
2021-02-04,SULAWESI UTARA,63,6,69,-12,13765,9844,448,3473
2021-02-05,SULAWESI UTARA,17,2,48,-33,13782,9892,450,3440
2021-02-06,SULAWESI UTARA,106,1,162,-57,13888,10054,451,3383
2021-02-07,SULAWESI UTARA,92,8,94,-10,13980,10148,459,3373
2021-02-08,SULAWESI UTARA,31,16,203,-188,14011,10351,475,3185
2021-02-09,SULAWESI UTARA,96,2,148,-54,14107,10499,477,3131
2021-02-10,SULAWESI UTARA,34,4,110,-80,14141,10609,481,3051
2021-02-11,SULAWESI UTARA,161,2,46,113,14302,10655,483,3164
2021-02-12,SULAWESI UTARA,73,1,45,27,14375,10700,484,3191
2021-02-13,SULAWESI UTARA,84,1,58,25,14459,10758,485,3216
2021-02-14,SULAWESI UTARA,56,2,79,-25,14515,10837,487,3191
2021-02-15,SULAWESI UTARA,97,0,166,-69,14612,11003,487,3122
2021-02-16,SULAWESI UTARA,17,0,43,-26,14629,11046,487,3096
2021-02-17,SULAWESI UTARA,4,0,16,-12,14633,11062,487,3084
2021-02-18,SULAWESI UTARA,27,0,128,-101,14660,11190,487,2983
2021-02-19,SULAWESI UTARA,56,0,73,-17,14716,11263,487,2966
2021-02-20,SULAWESI UTARA,56,0,153,-97,14772,11416,487,2869
2021-02-21,SULAWESI UTARA,42,0,15,27,14814,11431,487,2896
2021-02-22,SULAWESI UTARA,23,2,94,-73,14837,11525,489,2823
2021-02-23,SULAWESI UTARA,11,0,35,-24,14848,11560,489,2799
2021-02-24,SULAWESI UTARA,15,0,127,-112,14863,11687,489,2687
2021-02-25,SULAWESI UTARA,18,1,26,-9,14881,11713,490,2678
2021-02-26,SULAWESI UTARA,66,2,121,-57,14947,11834,492,2621
2021-02-27,SULAWESI UTARA,42,0,26,16,14989,11860,492,2637
2021-02-28,SULAWESI UTARA,13,0,18,-5,15002,11878,492,2632
2021-03-01,SULAWESI UTARA,19,3,65,-49,15021,11943,495,2583
2021-03-02,SULAWESI UTARA,5,0,18,-13,15026,11961,495,2570
2021-03-03,SULAWESI UTARA,21,0,19,2,15047,11980,495,2572
2021-03-04,SULAWESI UTARA,18,0,11,7,15065,11991,495,2579
2021-03-05,SULAWESI UTARA,11,1,16,-6,15076,12007,496,2573
2021-03-06,SULAWESI UTARA,27,2,8,17,15103,12015,498,2590
2021-03-07,SULAWESI UTARA,32,0,1,31,15135,12016,498,2621
2021-03-08,SULAWESI UTARA,1,0,47,-46,15136,12063,498,2575
2021-03-09,SULAWESI UTARA,10,0,43,-33,15146,12106,498,2542
2021-03-10,SULAWESI UTARA,23,0,5,18,15169,12111,498,2560
2021-03-11,SULAWESI UTARA,3,0,17,-14,15172,12128,498,2546
2021-03-12,SULAWESI UTARA,2,0,19,-17,15174,12147,498,2529
2021-03-13,SULAWESI UTARA,24,0,14,10,15198,12161,498,2539
2021-03-14,SULAWESI UTARA,14,0,14,0,15212,12175,498,2539
2021-03-15,SULAWESI UTARA,4,0,45,-41,15216,12220,498,2498
2021-03-16,SULAWESI UTARA,0,0,9,-9,15216,12229,498,2489
2021-03-17,SULAWESI UTARA,9,1,12,-4,15225,12241,499,2485
2021-03-18,SULAWESI UTARA,10,0,35,-25,15235,12276,499,2460
2021-03-19,SULAWESI UTARA,14,0,6,8,15249,12282,499,2468
2021-03-20,SULAWESI UTARA,12,0,8,4,15261,12290,499,2472
2021-03-21,SULAWESI UTARA,4,0,6,-2,15265,12296,499,2470
2021-03-22,SULAWESI UTARA,16,0,61,-45,15281,12357,499,2425
2021-03-23,SULAWESI UTARA,0,0,3,-3,15281,12360,499,2422
2021-03-24,SULAWESI UTARA,0,0,13,-13,15281,12373,499,2409
2021-03-25,SULAWESI UTARA,29,0,10,19,15310,12383,499,2428
2021-03-26,SULAWESI UTARA,17,0,6,11,15327,12389,499,2439
2021-03-27,SULAWESI UTARA,19,0,6,13,15346,12395,499,2452
2021-03-28,SULAWESI UTARA,5,0,4,1,15351,12399,499,2453
2021-03-29,SULAWESI UTARA,2,0,10,-8,15353,12409,499,2445
2021-03-30,SULAWESI UTARA,8,0,33,-25,15361,12442,499,2420
2021-03-31,SULAWESI UTARA,4,0,12,-8,15365,12454,499,2412
2021-04-01,SULAWESI UTARA,5,0,11,-6,15370,12465,499,2406
2021-04-02,SULAWESI UTARA,5,1,4,0,15375,12469,500,2406
2021-04-03,SULAWESI UTARA,11,1,4,6,15386,12473,501,2412
2021-04-04,SULAWESI UTARA,0,0,5,-5,15386,12478,501,2407
2021-04-05,SULAWESI UTARA,1,0,5,-4,15387,12483,501,2403
2021-04-06,SULAWESI UTARA,11,0,1,10,15398,12484,501,2413
2021-04-07,SULAWESI UTARA,6,0,29,-23,15404,12513,501,2390
2021-04-08,SULAWESI UTARA,11,1,2,8,15415,12515,502,2398
2021-04-09,SULAWESI UTARA,0,0,0,0,15415,12515,502,2398
2021-04-10,SULAWESI UTARA,1,0,6,-5,15416,12521,502,2393
2021-04-11,SULAWESI UTARA,14,0,143,-129,15430,12664,502,2264
2021-04-12,SULAWESI UTARA,0,0,3,-3,15430,12667,502,2261
2021-04-13,SULAWESI UTARA,15,0,5,10,15445,12672,502,2271
2021-04-14,SULAWESI UTARA,3,0,3,0,15448,12675,502,2271
2021-04-15,SULAWESI UTARA,25,0,18,7,15473,12693,502,2278
2021-04-16,SULAWESI UTARA,6,0,1,5,15479,12694,502,2283
2021-04-17,SULAWESI UTARA,3,0,1,2,15482,12695,502,2285
2021-04-18,SULAWESI UTARA,2,0,11,-9,15484,12706,502,2276
2021-04-19,SULAWESI UTARA,6,0,56,-50,15490,12762,502,2226
2021-04-20,SULAWESI UTARA,2,0,0,2,15492,12762,502,2228
2021-04-21,SULAWESI UTARA,1,0,11,-10,15493,12773,502,2218
2021-04-22,SULAWESI UTARA,22,0,1,21,15515,12774,502,2239
2021-04-23,SULAWESI UTARA,65,1,7,57,15580,12781,503,2296
2021-04-24,SULAWESI UTARA,6,0,1,5,15586,12782,503,2301
2021-04-25,SULAWESI UTARA,45,0,11,34,15631,12793,503,2335
2021-04-26,SULAWESI UTARA,3,1,149,-147,15634,12942,504,2188
2021-04-27,SULAWESI UTARA,4,0,1,3,15638,12943,504,2191
2021-04-28,SULAWESI UTARA,4,0,0,4,15642,12943,504,2195
2021-04-29,SULAWESI UTARA,5,0,10,-5,15647,12953,504,2190
2021-04-30,SULAWESI UTARA,3,0,113,-110,15650,13066,504,2080
2021-05-01,SULAWESI UTARA,6,0,16,-10,15656,13082,504,2070
2021-05-02,SULAWESI UTARA,1,3,143,-145,15657,13225,507,1925
2021-05-03,SULAWESI UTARA,0,1,9,-10,15657,13234,508,1915
2021-05-04,SULAWESI UTARA,6,0,66,-60,15663,13300,508,1855
2021-05-05,SULAWESI UTARA,2,0,7,-5,15665,13307,508,1850
2021-05-06,SULAWESI UTARA,0,0,120,-120,15665,13427,508,1730
2021-05-07,SULAWESI UTARA,7,0,31,-24,15672,13458,508,1706
2021-05-08,SULAWESI UTARA,9,1,34,-26,15681,13492,509,1680
2021-05-09,SULAWESI UTARA,0,1,54,-55,15681,13546,510,1625
2021-05-10,SULAWESI UTARA,1,0,6,-5,15682,13552,510,1620
2021-05-11,SULAWESI UTARA,6,0,1,5,15688,13553,510,1625
2021-05-12,SULAWESI UTARA,9,11,50,-52,15697,13603,521,1573
2021-05-13,SULAWESI UTARA,26,1,1,24,15723,13604,522,1597
2021-05-14,SULAWESI UTARA,0,1,328,-329,15723,13932,523,1268
2021-05-15,SULAWESI UTARA,0,10,390,-400,15723,14322,533,868
2021-05-16,SULAWESI UTARA,0,4,173,-177,15723,14495,537,691
2021-05-17,SULAWESI UTARA,1,0,258,-257,15724,14753,537,434
2021-05-18,SULAWESI UTARA,0,0,1,-1,15724,14754,537,433
2021-05-19,SULAWESI UTARA,3,0,13,-10,15727,14767,537,423
2021-05-20,SULAWESI UTARA,7,2,10,-5,15734,14777,539,418
2021-05-21,SULAWESI UTARA,2,0,27,-25,15736,14804,539,393
2021-05-22,SULAWESI UTARA,11,1,0,10,15747,14804,540,403
2021-05-23,SULAWESI UTARA,8,0,28,-20,15755,14832,540,383
2021-05-24,SULAWESI UTARA,0,0,29,-29,15755,14861,540,354
2021-05-25,SULAWESI UTARA,1,0,17,-16,15756,14878,540,338
2021-05-26,SULAWESI UTARA,4,0,6,-2,15760,14884,540,336
2021-05-27,SULAWESI UTARA,4,7,19,-22,15764,14903,547,314
2021-05-28,SULAWESI UTARA,0,0,3,-3,15764,14906,547,311
2021-05-29,SULAWESI UTARA,1,0,1,0,15765,14907,547,311
2021-05-30,SULAWESI UTARA,4,0,13,-9,15769,14920,547,302
2021-05-31,SULAWESI UTARA,3,0,10,-7,15772,14930,547,295
2021-06-01,SULAWESI UTARA,4,0,4,0,15776,14934,547,295
2021-06-02,SULAWESI UTARA,7,0,3,4,15783,14937,547,299
2021-06-03,SULAWESI UTARA,5,0,29,-24,15788,14966,547,275
2021-06-04,SULAWESI UTARA,8,0,2,6,15796,14968,547,281
2021-06-05,SULAWESI UTARA,7,0,0,7,15803,14968,547,288
2021-06-06,SULAWESI UTARA,13,0,12,1,15816,14980,547,289
2021-06-07,SULAWESI UTARA,1,1,0,0,15817,14980,548,289
2021-06-08,SULAWESI UTARA,7,0,7,0,15824,14987,548,289
2021-06-09,SULAWESI UTARA,10,0,11,-1,15834,14998,548,288
2021-06-10,SULAWESI UTARA,10,0,9,1,15844,15007,548,289
2021-06-11,SULAWESI UTARA,14,0,26,-12,15858,15033,548,277
2021-06-12,SULAWESI UTARA,0,0,2,-2,15858,15035,548,275
2021-06-13,SULAWESI UTARA,2,0,3,-1,15860,15038,548,274
2021-06-14,SULAWESI UTARA,22,0,2,20,15882,15040,548,294
2021-06-15,SULAWESI UTARA,19,0,6,13,15901,15046,548,307
2021-06-16,SULAWESI UTARA,0,0,6,-6,15901,15052,548,301
2021-06-17,SULAWESI UTARA,17,0,0,17,15918,15052,548,318
2021-06-18,SULAWESI UTARA,16,1,51,-36,15934,15103,549,282
2021-06-19,SULAWESI UTARA,19,0,45,-26,15953,15148,549,256
2021-06-20,SULAWESI UTARA,0,1,8,-9,15953,15156,550,247
2021-06-21,SULAWESI UTARA,16,0,24,-8,15969,15180,550,239
2021-06-22,SULAWESI UTARA,39,1,20,18,16008,15200,551,257
2021-06-23,SULAWESI UTARA,47,0,7,40,16055,15207,551,297
2021-06-24,SULAWESI UTARA,20,0,29,-9,16075,15236,551,288
2021-06-25,SULAWESI UTARA,36,1,9,26,16111,15245,552,314
2021-06-26,SULAWESI UTARA,23,1,34,-12,16134,15279,553,302
2021-06-27,SULAWESI UTARA,9,0,5,4,16143,15284,553,306
2021-06-28,SULAWESI UTARA,34,1,11,22,16177,15295,554,328
2021-06-29,SULAWESI UTARA,38,2,5,31,16215,15300,556,359
2021-06-30,SULAWESI UTARA,47,1,26,20,16262,15326,557,379
2021-07-01,SULAWESI UTARA,42,0,7,35,16304,15333,557,414
2021-07-02,SULAWESI UTARA,88,0,24,64,16392,15357,557,478
2021-07-03,SULAWESI UTARA,143,1,13,129,16535,15370,558,607
2021-07-04,SULAWESI UTARA,94,0,47,47,16629,15417,558,654
2021-07-05,SULAWESI UTARA,2,0,22,-20,16631,15439,558,634
2021-07-06,SULAWESI UTARA,164,2,8,154,16795,15447,560,788
2021-07-07,SULAWESI UTARA,129,2,13,114,16924,15460,562,902
2021-07-08,SULAWESI UTARA,225,1,56,168,17149,15516,563,1070
2021-07-09,SULAWESI UTARA,278,9,9,260,17427,15525,572,1330
2021-07-10,SULAWESI UTARA,223,4,37,182,17650,15562,576,1512
2021-07-11,SULAWESI UTARA,136,2,23,111,17786,15585,578,1623
2021-07-12,SULAWESI UTARA,119,3,36,80,17905,15621,581,1703
2021-07-13,SULAWESI UTARA,274,2,17,255,18179,15638,583,1958
2021-07-14,SULAWESI UTARA,255,2,124,129,18434,15762,585,2087
2021-07-15,SULAWESI UTARA,378,3,19,356,18812,15781,588,2443
2021-07-16,SULAWESI UTARA,345,8,67,270,19157,15848,596,2713
2021-07-17,SULAWESI UTARA,261,5,20,236,19418,15868,601,2949
2021-07-18,SULAWESI UTARA,306,6,88,212,19724,15956,607,3161
2021-07-19,SULAWESI UTARA,70,2,193,-125,19794,16149,609,3036
2021-07-20,SULAWESI UTARA,307,5,106,196,20101,16255,614,3232
2021-07-21,SULAWESI UTARA,261,3,97,161,20362,16352,617,3393
2021-07-22,SULAWESI UTARA,369,3,83,283,20731,16435,620,3676
2021-07-23,SULAWESI UTARA,333,2,86,245,21064,16521,622,3921
2021-07-24,SULAWESI UTARA,246,6,211,29,21310,16732,628,3950
2021-07-25,SULAWESI UTARA,507,7,227,273,21817,16959,635,4223
2021-07-26,SULAWESI UTARA,190,10,217,-37,22007,17176,645,4186
2021-07-27,SULAWESI UTARA,479,10,242,227,22486,17418,655,4413
2021-07-28,SULAWESI UTARA,339,11,255,73,22825,17673,666,4486
2021-07-29,SULAWESI UTARA,562,5,189,368,23387,17862,671,4854
2021-07-30,SULAWESI UTARA,452,13,281,158,23839,18143,684,5012
2021-07-31,SULAWESI UTARA,708,20,192,496,24547,18335,704,5508
2021-08-01,SULAWESI UTARA,293,20,332,-59,24840,18667,724,5449
2021-08-02,SULAWESI UTARA,126,8,311,-193,24966,18978,732,5256
2021-08-03,SULAWESI UTARA,364,13,242,109,25330,19220,745,5365
2021-08-04,SULAWESI UTARA,196,4,162,30,25526,19382,749,5395
2021-08-05,SULAWESI UTARA,473,6,354,113,25999,19736,755,5508
2021-08-06,SULAWESI UTARA,621,9,193,419,26620,19929,764,5927
2021-08-07,SULAWESI UTARA,524,5,411,108,27144,20340,769,6035
2021-08-08,SULAWESI UTARA,510,17,392,101,27654,20732,786,6136
2021-08-09,SULAWESI UTARA,130,8,465,-343,27784,21197,794,5793
2021-08-10,SULAWESI UTARA,173,5,266,-98,27957,21463,799,5695
2021-08-11,SULAWESI UTARA,281,9,271,1,28238,21734,808,5696
2021-08-12,SULAWESI UTARA,507,15,239,253,28745,21973,823,5949
2021-08-13,SULAWESI UTARA,295,5,289,1,29040,22262,828,5950
2021-08-14,SULAWESI UTARA,346,16,107,223,29386,22369,844,6173
2021-08-15,SULAWESI UTARA,233,7,395,-169,29619,22764,851,6004
2021-08-16,SULAWESI UTARA,185,14,350,-179,29804,23114,865,5825
2021-08-17,SULAWESI UTARA,172,0,241,-69,29976,23355,865,5756
2021-08-18,SULAWESI UTARA,250,7,383,-140,30226,23738,872,5616
2020-03-26,SULAWESI TENGAH,1,0,0,1,1,0,0,1
2020-03-27,SULAWESI TENGAH,0,0,0,0,1,0,0,1
2020-03-28,SULAWESI TENGAH,1,0,0,1,2,0,0,2
2020-03-29,SULAWESI TENGAH,0,0,0,0,2,0,0,2
2020-03-30,SULAWESI TENGAH,0,0,0,0,2,0,0,2
2020-03-31,SULAWESI TENGAH,0,0,0,0,2,0,0,2
2020-04-01,SULAWESI TENGAH,0,0,0,0,2,0,0,2
2020-04-02,SULAWESI TENGAH,0,1,0,-1,2,0,1,1
2020-04-03,SULAWESI TENGAH,2,1,0,1,4,0,2,2
2020-04-04,SULAWESI TENGAH,0,0,0,0,4,0,2,2
2020-04-05,SULAWESI TENGAH,1,0,0,1,5,0,2,3
2020-04-06,SULAWESI TENGAH,0,0,0,0,5,0,2,3
2020-04-07,SULAWESI TENGAH,0,0,2,-2,5,2,2,1
2020-04-08,SULAWESI TENGAH,0,0,0,0,5,2,2,1
2020-04-09,SULAWESI TENGAH,0,0,0,0,5,2,2,1
2020-04-10,SULAWESI TENGAH,9,0,0,9,14,2,2,10
2020-04-11,SULAWESI TENGAH,5,0,0,5,19,2,2,15
2020-04-12,SULAWESI TENGAH,0,0,0,0,19,2,2,15
2020-04-13,SULAWESI TENGAH,0,1,0,-1,19,2,3,14
2020-04-14,SULAWESI TENGAH,0,0,0,0,19,2,3,14
2020-04-15,SULAWESI TENGAH,3,0,0,3,22,2,3,17
2020-04-16,SULAWESI TENGAH,0,0,0,0,22,2,3,17
2020-04-17,SULAWESI TENGAH,2,0,0,2,24,2,3,19
2020-04-18,SULAWESI TENGAH,0,0,0,0,24,2,3,19
2020-04-19,SULAWESI TENGAH,3,0,0,3,27,2,3,22
2020-04-20,SULAWESI TENGAH,0,0,0,0,27,2,3,22
2020-04-21,SULAWESI TENGAH,0,0,1,-1,27,3,3,21
2020-04-22,SULAWESI TENGAH,2,0,0,2,29,3,3,23
2020-04-23,SULAWESI TENGAH,0,0,0,0,29,3,3,23
2020-04-24,SULAWESI TENGAH,3,0,0,3,32,3,3,26
2020-04-25,SULAWESI TENGAH,4,0,0,4,36,3,3,30
2020-04-26,SULAWESI TENGAH,0,0,1,-1,36,4,3,29
2020-04-27,SULAWESI TENGAH,0,0,0,0,36,4,3,29
2020-04-28,SULAWESI TENGAH,6,0,4,2,42,8,3,31
2020-04-29,SULAWESI TENGAH,5,0,0,5,47,8,3,36
2020-04-30,SULAWESI TENGAH,0,0,0,0,47,8,3,36
2020-05-01,SULAWESI TENGAH,0,0,3,-3,47,11,3,33
2020-05-02,SULAWESI TENGAH,12,0,0,12,59,11,3,45
2020-05-03,SULAWESI TENGAH,0,0,0,0,59,11,3,45
2020-05-04,SULAWESI TENGAH,0,0,0,0,59,11,3,45
2020-05-05,SULAWESI TENGAH,11,0,1,10,70,12,3,55
2020-05-06,SULAWESI TENGAH,0,0,0,0,70,12,3,55
2020-05-07,SULAWESI TENGAH,5,0,0,5,75,12,3,60
2020-05-08,SULAWESI TENGAH,0,0,0,0,75,12,3,60
2020-05-09,SULAWESI TENGAH,0,0,0,0,75,12,3,60
2020-05-10,SULAWESI TENGAH,8,0,0,8,83,12,3,68
2020-05-11,SULAWESI TENGAH,0,0,1,-1,83,13,3,67
2020-05-12,SULAWESI TENGAH,12,0,0,12,95,13,3,79
2020-05-13,SULAWESI TENGAH,7,1,7,-1,102,20,4,78
2020-05-14,SULAWESI TENGAH,9,0,1,8,111,21,4,86
2020-05-15,SULAWESI TENGAH,1,0,0,1,112,21,4,87
2020-05-16,SULAWESI TENGAH,1,0,1,0,113,22,4,87
2020-05-17,SULAWESI TENGAH,2,0,2,0,115,24,4,87
2020-05-18,SULAWESI TENGAH,0,0,2,-2,115,26,4,85
2020-05-19,SULAWESI TENGAH,0,0,0,0,115,26,4,85
2020-05-20,SULAWESI TENGAH,0,0,0,0,115,26,4,85
2020-05-21,SULAWESI TENGAH,2,0,11,-9,117,37,4,76
2020-05-22,SULAWESI TENGAH,1,0,0,1,118,37,4,77
2020-05-23,SULAWESI TENGAH,2,0,0,2,120,37,4,79
2020-05-24,SULAWESI TENGAH,0,0,9,-9,120,46,4,70
2020-05-25,SULAWESI TENGAH,0,0,0,0,120,46,4,70
2020-05-26,SULAWESI TENGAH,0,0,2,-2,120,48,4,68
2020-05-27,SULAWESI TENGAH,0,0,2,-2,120,50,4,66
2020-05-28,SULAWESI TENGAH,6,0,2,4,126,52,4,70
2020-05-29,SULAWESI TENGAH,0,0,0,0,126,52,4,70
2020-05-30,SULAWESI TENGAH,0,0,0,0,126,52,4,70
2020-05-31,SULAWESI TENGAH,2,0,9,-7,128,61,4,63
2020-06-01,SULAWESI TENGAH,0,0,0,0,128,61,4,63
2020-06-02,SULAWESI TENGAH,0,0,0,0,128,61,4,63
2020-06-03,SULAWESI TENGAH,1,0,3,-2,129,64,4,61
2020-06-04,SULAWESI TENGAH,0,0,6,-6,129,70,4,55
2020-06-05,SULAWESI TENGAH,7,0,8,-1,136,78,4,54
2020-06-06,SULAWESI TENGAH,3,0,9,-6,139,87,4,48
2020-06-07,SULAWESI TENGAH,20,0,7,13,159,94,4,61
2020-06-08,SULAWESI TENGAH,0,0,0,0,159,94,4,61
2020-06-09,SULAWESI TENGAH,0,0,0,0,159,94,4,61
2020-06-10,SULAWESI TENGAH,0,0,1,-1,159,95,4,60
2020-06-11,SULAWESI TENGAH,0,0,1,-1,159,96,4,59
2020-06-12,SULAWESI TENGAH,0,0,0,0,159,96,4,59
2020-06-13,SULAWESI TENGAH,9,0,1,8,168,97,4,67
2020-06-14,SULAWESI TENGAH,2,0,18,-16,170,115,4,51
2020-06-15,SULAWESI TENGAH,1,0,6,-5,171,121,4,46
2020-06-16,SULAWESI TENGAH,1,0,4,-3,172,125,4,43
2020-06-17,SULAWESI TENGAH,0,0,4,-4,172,129,4,39
2020-06-18,SULAWESI TENGAH,0,0,1,-1,172,130,4,38
2020-06-19,SULAWESI TENGAH,1,0,0,1,173,130,4,39
2020-06-20,SULAWESI TENGAH,0,0,1,-1,173,131,4,38
2020-06-21,SULAWESI TENGAH,0,0,1,-1,173,132,4,37
2020-06-22,SULAWESI TENGAH,3,0,0,3,176,132,4,40
2020-06-23,SULAWESI TENGAH,3,0,8,-5,179,140,4,35
2020-06-24,SULAWESI TENGAH,1,1,1,-1,180,141,5,34
2020-06-25,SULAWESI TENGAH,1,0,4,-3,181,145,5,31
2020-06-26,SULAWESI TENGAH,2,0,2,0,183,147,5,31
2020-06-27,SULAWESI TENGAH,1,0,5,-4,184,152,5,27
2020-06-28,SULAWESI TENGAH,2,0,1,1,186,153,5,28
2020-06-29,SULAWESI TENGAH,0,0,0,0,186,153,5,28
2020-06-30,SULAWESI TENGAH,0,0,0,0,186,153,5,28
2020-07-01,SULAWESI TENGAH,0,0,4,-4,186,157,5,24
2020-07-02,SULAWESI TENGAH,0,1,1,-2,186,158,6,22
2020-07-03,SULAWESI TENGAH,0,0,1,-1,186,159,6,21
2020-07-04,SULAWESI TENGAH,5,0,2,3,191,161,6,24
2020-07-05,SULAWESI TENGAH,0,0,2,-2,191,163,6,22
2020-07-06,SULAWESI TENGAH,0,0,0,0,191,163,6,22
2020-07-07,SULAWESI TENGAH,0,0,1,-1,191,164,6,21
2020-07-08,SULAWESI TENGAH,2,0,0,2,193,164,6,23
2020-07-09,SULAWESI TENGAH,0,0,0,0,193,164,6,23
2020-07-10,SULAWESI TENGAH,0,0,0,0,193,164,6,23
2020-07-11,SULAWESI TENGAH,0,0,1,-1,193,165,6,22
2020-07-12,SULAWESI TENGAH,0,0,1,-1,193,166,6,21
2020-07-13,SULAWESI TENGAH,0,0,0,0,193,166,6,21
2020-07-14,SULAWESI TENGAH,1,0,2,-1,194,168,6,20
2020-07-15,SULAWESI TENGAH,1,0,7,-6,195,175,6,14
2020-07-16,SULAWESI TENGAH,0,0,0,0,195,175,6,14
2020-07-17,SULAWESI TENGAH,0,0,0,0,195,175,6,14
2020-07-18,SULAWESI TENGAH,0,0,0,0,195,175,6,14
2020-07-19,SULAWESI TENGAH,1,0,1,0,196,176,6,14
2020-07-20,SULAWESI TENGAH,0,0,0,0,196,176,6,14
2020-07-21,SULAWESI TENGAH,0,0,2,-2,196,178,6,12
2020-07-22,SULAWESI TENGAH,0,0,3,-3,196,181,6,9
2020-07-23,SULAWESI TENGAH,4,1,3,0,200,184,7,9
2020-07-24,SULAWESI TENGAH,1,0,0,1,201,184,7,10
2020-07-25,SULAWESI TENGAH,0,0,1,-1,201,185,7,9
2020-07-26,SULAWESI TENGAH,1,0,0,1,202,185,7,10
2020-07-27,SULAWESI TENGAH,0,0,0,0,202,185,7,10
2020-07-28,SULAWESI TENGAH,4,0,3,1,206,188,7,11
2020-07-29,SULAWESI TENGAH,1,0,0,1,207,188,7,12
2020-07-30,SULAWESI TENGAH,0,0,0,0,207,188,7,12
2020-07-31,SULAWESI TENGAH,0,0,0,0,207,188,7,12
2020-08-01,SULAWESI TENGAH,0,0,1,-1,207,189,7,11
2020-08-02,SULAWESI TENGAH,6,0,0,6,213,189,7,17
2020-08-03,SULAWESI TENGAH,0,0,0,0,213,189,7,17
2020-08-04,SULAWESI TENGAH,0,0,2,-2,213,191,7,15
2020-08-05,SULAWESI TENGAH,2,0,1,1,215,192,7,16
2020-08-06,SULAWESI TENGAH,0,0,2,-2,215,194,7,14
2020-08-07,SULAWESI TENGAH,1,0,1,0,216,195,7,14
2020-08-08,SULAWESI TENGAH,0,0,0,0,216,195,7,14
2020-08-09,SULAWESI TENGAH,0,0,0,0,216,195,7,14
2020-08-10,SULAWESI TENGAH,0,0,0,0,216,195,7,14
2020-08-11,SULAWESI TENGAH,0,0,0,0,216,195,7,14
2020-08-12,SULAWESI TENGAH,4,0,1,3,220,196,7,17
2020-08-13,SULAWESI TENGAH,0,0,1,-1,220,197,7,16
2020-08-14,SULAWESI TENGAH,3,0,0,3,223,197,7,19
2020-08-15,SULAWESI TENGAH,0,0,0,0,223,197,7,19
2020-08-16,SULAWESI TENGAH,0,0,0,0,223,197,7,19
2020-08-17,SULAWESI TENGAH,4,0,0,4,227,197,7,23
2020-08-18,SULAWESI TENGAH,1,0,0,1,228,197,7,24
2020-08-19,SULAWESI TENGAH,5,0,0,5,233,197,7,29
2020-08-20,SULAWESI TENGAH,0,0,0,0,233,197,7,29
2020-08-21,SULAWESI TENGAH,2,0,2,0,235,199,7,29
2020-08-22,SULAWESI TENGAH,1,0,7,-6,236,206,7,23
2020-08-23,SULAWESI TENGAH,2,1,0,1,238,206,8,24
2020-08-24,SULAWESI TENGAH,1,0,1,0,239,207,8,24
2020-08-25,SULAWESI TENGAH,0,0,3,-3,239,210,8,21
2020-08-26,SULAWESI TENGAH,0,0,2,-2,239,212,8,19
2020-08-27,SULAWESI TENGAH,0,0,1,-1,239,213,8,18
2020-08-28,SULAWESI TENGAH,1,0,5,-4,240,218,8,14
2020-08-29,SULAWESI TENGAH,1,0,0,1,241,218,8,15
2020-08-30,SULAWESI TENGAH,0,0,1,-1,241,219,8,14
2020-08-31,SULAWESI TENGAH,2,0,1,1,243,220,8,15
2020-09-01,SULAWESI TENGAH,1,0,0,1,244,220,8,16
2020-09-02,SULAWESI TENGAH,1,1,0,0,245,220,9,16
2020-09-03,SULAWESI TENGAH,4,2,1,1,249,221,11,17
2020-09-04,SULAWESI TENGAH,0,0,1,-1,249,222,11,16
2020-09-05,SULAWESI TENGAH,3,0,2,1,252,224,11,17
2020-09-06,SULAWESI TENGAH,0,0,0,0,252,224,11,17
2020-09-07,SULAWESI TENGAH,0,0,2,-2,252,226,11,15
2020-09-08,SULAWESI TENGAH,5,0,0,5,257,226,11,20
2020-09-09,SULAWESI TENGAH,4,0,2,2,261,228,11,22
2020-09-10,SULAWESI TENGAH,0,0,1,-1,261,229,11,21
2020-09-11,SULAWESI TENGAH,7,0,0,7,268,229,11,28
2020-09-12,SULAWESI TENGAH,1,0,0,1,269,229,11,29
2020-09-13,SULAWESI TENGAH,2,0,2,0,271,231,11,29
2020-09-14,SULAWESI TENGAH,0,0,0,0,271,231,11,29
2020-09-15,SULAWESI TENGAH,1,0,1,0,272,232,11,29
2020-09-16,SULAWESI TENGAH,4,0,0,4,276,232,11,33
2020-09-17,SULAWESI TENGAH,2,0,0,2,278,232,11,35
2020-09-18,SULAWESI TENGAH,11,0,1,10,289,233,11,45
2020-09-19,SULAWESI TENGAH,8,1,0,7,297,233,12,52
2020-09-20,SULAWESI TENGAH,23,0,0,23,320,233,12,75
2020-09-21,SULAWESI TENGAH,1,0,1,0,321,234,12,75
2020-09-22,SULAWESI TENGAH,9,1,4,4,330,238,13,79
2020-09-23,SULAWESI TENGAH,14,1,2,11,344,240,14,90
2020-09-24,SULAWESI TENGAH,4,1,3,0,348,243,15,90
2020-09-25,SULAWESI TENGAH,6,0,0,6,354,243,15,96
2020-09-26,SULAWESI TENGAH,21,0,4,17,375,247,15,113
2020-09-27,SULAWESI TENGAH,0,0,0,0,375,247,15,113
2020-09-28,SULAWESI TENGAH,18,0,3,15,393,250,15,128
2020-09-29,SULAWESI TENGAH,9,0,6,3,402,256,15,131
2020-09-30,SULAWESI TENGAH,8,0,11,-3,410,267,15,128
2020-10-01,SULAWESI TENGAH,30,1,20,9,440,287,16,137
2020-10-02,SULAWESI TENGAH,10,1,4,5,450,291,17,142
2020-10-03,SULAWESI TENGAH,11,0,16,-5,461,307,17,137
2020-10-04,SULAWESI TENGAH,5,0,3,2,466,310,17,139
2020-10-05,SULAWESI TENGAH,1,1,2,-2,467,312,18,137
2020-10-06,SULAWESI TENGAH,24,1,12,11,491,324,19,148
2020-10-07,SULAWESI TENGAH,23,1,4,18,514,328,20,166
2020-10-08,SULAWESI TENGAH,14,1,7,6,528,335,21,172
2020-10-09,SULAWESI TENGAH,11,0,20,-9,539,355,21,163
2020-10-10,SULAWESI TENGAH,13,0,14,-1,552,369,21,162
2020-10-11,SULAWESI TENGAH,16,0,6,10,568,375,21,172
2020-10-12,SULAWESI TENGAH,1,3,4,-6,569,379,24,166
2020-10-13,SULAWESI TENGAH,17,1,27,-11,586,406,25,155
2020-10-14,SULAWESI TENGAH,10,0,4,6,596,410,25,161
2020-10-15,SULAWESI TENGAH,21,0,3,18,617,413,25,179
2020-10-16,SULAWESI TENGAH,0,0,0,0,617,413,25,179
2020-10-17,SULAWESI TENGAH,51,0,23,28,668,436,25,207
2020-10-18,SULAWESI TENGAH,17,1,3,13,685,439,26,220
2020-10-19,SULAWESI TENGAH,2,1,10,-9,687,449,27,211
2020-10-20,SULAWESI TENGAH,39,1,13,25,726,462,28,236
2020-10-21,SULAWESI TENGAH,36,2,17,17,762,479,30,253
2020-10-22,SULAWESI TENGAH,13,0,15,-2,775,494,30,251
2020-10-23,SULAWESI TENGAH,12,1,18,-7,787,512,31,244
2020-10-24,SULAWESI TENGAH,12,2,7,3,799,519,33,247
2020-10-25,SULAWESI TENGAH,18,0,39,-21,817,558,33,226
2020-10-26,SULAWESI TENGAH,4,0,32,-28,821,590,33,198
2020-10-27,SULAWESI TENGAH,17,0,13,4,838,603,33,202
2020-10-28,SULAWESI TENGAH,10,1,10,-1,848,613,34,201
2020-10-29,SULAWESI TENGAH,7,0,11,-4,855,624,34,197
2020-10-30,SULAWESI TENGAH,0,0,4,-4,855,628,34,193
2020-10-31,SULAWESI TENGAH,2,0,18,-16,857,646,34,177
2020-11-01,SULAWESI TENGAH,19,0,5,14,876,651,34,191
2020-11-02,SULAWESI TENGAH,2,2,20,-20,878,671,36,171
2020-11-03,SULAWESI TENGAH,11,2,7,2,889,678,38,173
2020-11-04,SULAWESI TENGAH,17,0,7,10,906,685,38,183
2020-11-05,SULAWESI TENGAH,32,1,13,18,938,698,39,201
2020-11-06,SULAWESI TENGAH,25,2,11,12,963,709,41,213
2020-11-07,SULAWESI TENGAH,25,0,25,0,988,734,41,213
2020-11-08,SULAWESI TENGAH,59,0,11,48,1047,745,41,261
2020-11-09,SULAWESI TENGAH,0,1,23,-24,1047,768,42,237
2020-11-10,SULAWESI TENGAH,30,1,33,-4,1077,801,43,233
2020-11-11,SULAWESI TENGAH,37,1,10,26,1114,811,44,259
2020-11-12,SULAWESI TENGAH,12,0,23,-11,1126,834,44,248
2020-11-13,SULAWESI TENGAH,22,3,3,16,1148,837,47,264
2020-11-14,SULAWESI TENGAH,8,1,21,-14,1156,858,48,250
2020-11-15,SULAWESI TENGAH,2,0,1,1,1158,859,48,251
2020-11-16,SULAWESI TENGAH,74,2,13,59,1232,872,50,310
2020-11-17,SULAWESI TENGAH,33,1,15,17,1265,887,51,327
2020-11-18,SULAWESI TENGAH,73,1,6,66,1338,893,52,393
2020-11-19,SULAWESI TENGAH,52,2,15,35,1390,908,54,428
2020-11-20,SULAWESI TENGAH,4,0,23,-19,1394,931,54,409
2020-11-21,SULAWESI TENGAH,59,4,4,51,1453,935,58,460
2020-11-22,SULAWESI TENGAH,61,1,20,40,1514,955,59,500
2020-11-23,SULAWESI TENGAH,37,3,3,31,1551,958,62,531
2020-11-24,SULAWESI TENGAH,81,0,11,70,1632,969,62,601
2020-11-25,SULAWESI TENGAH,55,4,12,39,1687,981,66,640
2020-11-26,SULAWESI TENGAH,13,2,35,-24,1700,1016,68,616
2020-11-27,SULAWESI TENGAH,39,2,35,2,1739,1051,70,618
2020-11-28,SULAWESI TENGAH,30,1,11,18,1769,1062,71,636
2020-11-29,SULAWESI TENGAH,31,1,9,21,1800,1071,72,657
2020-11-30,SULAWESI TENGAH,60,0,17,43,1860,1088,72,700
2020-12-01,SULAWESI TENGAH,12,0,38,-26,1872,1126,72,674
2020-12-02,SULAWESI TENGAH,31,1,55,-25,1903,1181,73,649
2020-12-03,SULAWESI TENGAH,72,4,24,44,1975,1205,77,693
2020-12-04,SULAWESI TENGAH,55,0,46,9,2030,1251,77,702
2020-12-05,SULAWESI TENGAH,57,0,20,37,2087,1271,77,739
2020-12-06,SULAWESI TENGAH,54,1,62,-9,2141,1333,78,730
2020-12-07,SULAWESI TENGAH,56,0,15,41,2197,1348,78,771
2020-12-08,SULAWESI TENGAH,41,1,34,6,2238,1382,79,777
2020-12-09,SULAWESI TENGAH,61,1,15,45,2299,1397,80,822
2020-12-10,SULAWESI TENGAH,9,2,11,-4,2308,1408,82,818
2020-12-11,SULAWESI TENGAH,65,3,45,17,2373,1453,85,835
2020-12-12,SULAWESI TENGAH,44,1,23,20,2417,1476,86,855
2020-12-13,SULAWESI TENGAH,11,0,20,-9,2428,1496,86,846
2020-12-14,SULAWESI TENGAH,46,0,35,11,2474,1531,86,857
2020-12-15,SULAWESI TENGAH,39,2,24,13,2513,1555,88,870
2020-12-16,SULAWESI TENGAH,57,1,19,37,2570,1574,89,907
2020-12-17,SULAWESI TENGAH,39,2,11,26,2609,1585,91,933
2020-12-18,SULAWESI TENGAH,53,2,23,28,2662,1608,93,961
2020-12-19,SULAWESI TENGAH,38,0,3,35,2700,1611,93,996
2020-12-20,SULAWESI TENGAH,73,2,30,41,2773,1641,95,1037
2020-12-21,SULAWESI TENGAH,26,1,2,23,2799,1643,96,1060
2020-12-22,SULAWESI TENGAH,33,1,5,27,2832,1648,97,1087
2020-12-23,SULAWESI TENGAH,54,1,38,15,2886,1686,98,1102
2020-12-24,SULAWESI TENGAH,45,3,17,25,2931,1703,101,1127
2020-12-25,SULAWESI TENGAH,39,1,19,19,2970,1722,102,1146
2020-12-26,SULAWESI TENGAH,42,1,14,27,3012,1736,103,1173
2020-12-27,SULAWESI TENGAH,54,1,10,43,3066,1746,104,1216
2020-12-28,SULAWESI TENGAH,41,2,16,23,3107,1762,106,1239
2020-12-29,SULAWESI TENGAH,81,0,45,36,3188,1807,106,1275
2020-12-30,SULAWESI TENGAH,169,0,13,156,3357,1820,106,1431
2020-12-31,SULAWESI TENGAH,195,0,45,150,3552,1865,106,1581
2021-01-01,SULAWESI TENGAH,65,2,104,-41,3617,1969,108,1540
2021-01-02,SULAWESI TENGAH,66,1,31,34,3683,2000,109,1574
2021-01-03,SULAWESI TENGAH,67,3,33,31,3750,2033,112,1605
2021-01-04,SULAWESI TENGAH,52,3,77,-28,3802,2110,115,1577
2021-01-05,SULAWESI TENGAH,94,3,52,39,3896,2162,118,1616
2021-01-06,SULAWESI TENGAH,162,0,150,12,4058,2312,118,1628
2021-01-07,SULAWESI TENGAH,157,1,20,136,4215,2332,119,1764
2021-01-08,SULAWESI TENGAH,158,1,70,87,4373,2402,120,1851
2021-01-09,SULAWESI TENGAH,131,4,73,54,4504,2475,124,1905
2021-01-10,SULAWESI TENGAH,145,0,40,105,4649,2515,124,2010
2021-01-11,SULAWESI TENGAH,116,6,95,15,4765,2610,130,2025
2021-01-12,SULAWESI TENGAH,252,9,101,142,5017,2711,139,2167
2021-01-13,SULAWESI TENGAH,113,0,90,23,5130,2801,139,2190
2021-01-14,SULAWESI TENGAH,107,4,107,-4,5237,2908,143,2186
2021-01-15,SULAWESI TENGAH,248,1,121,126,5485,3029,144,2312
2021-01-16,SULAWESI TENGAH,87,0,107,-20,5572,3136,144,2292
2021-01-17,SULAWESI TENGAH,63,4,112,-53,5635,3248,148,2239
2021-01-18,SULAWESI TENGAH,30,3,144,-117,5665,3392,151,2122
2021-01-19,SULAWESI TENGAH,134,1,183,-50,5799,3575,152,2072
2021-01-20,SULAWESI TENGAH,132,2,128,2,5931,3703,154,2074
2021-01-21,SULAWESI TENGAH,80,2,50,28,6011,3753,156,2102
2021-01-22,SULAWESI TENGAH,200,8,204,-12,6211,3957,164,2090
2021-01-23,SULAWESI TENGAH,200,2,112,86,6411,4069,166,2176
2021-01-24,SULAWESI TENGAH,203,2,104,97,6614,4173,168,2273
2021-01-25,SULAWESI TENGAH,108,0,155,-47,6722,4328,168,2226
2021-01-26,SULAWESI TENGAH,156,3,106,47,6878,4434,171,2273
2021-01-27,SULAWESI TENGAH,165,2,49,114,7043,4483,173,2387
2021-01-28,SULAWESI TENGAH,233,3,144,86,7276,4627,176,2473
2021-01-29,SULAWESI TENGAH,116,1,175,-60,7392,4802,177,2413
2021-01-30,SULAWESI TENGAH,271,6,132,133,7663,4934,183,2546
2021-01-31,SULAWESI TENGAH,130,1,121,8,7793,5055,184,2554
2021-02-01,SULAWESI TENGAH,64,10,136,-82,7857,5191,194,2472
2021-02-02,SULAWESI TENGAH,275,5,110,160,8132,5301,199,2632
2021-02-03,SULAWESI TENGAH,155,2,163,-10,8287,5464,201,2622
2021-02-04,SULAWESI TENGAH,207,5,202,0,8494,5666,206,2622
2021-02-05,SULAWESI TENGAH,173,1,52,120,8667,5718,207,2742
2021-02-06,SULAWESI TENGAH,184,2,24,158,8851,5742,209,2900
2021-02-07,SULAWESI TENGAH,37,1,118,-82,8888,5860,210,2818
2021-02-08,SULAWESI TENGAH,32,1,172,-141,8920,6032,211,2677
2021-02-09,SULAWESI TENGAH,76,0,57,19,8996,6089,211,2696
2021-02-10,SULAWESI TENGAH,63,4,232,-173,9059,6321,215,2523
2021-02-11,SULAWESI TENGAH,38,6,83,-51,9097,6404,221,2472
2021-02-12,SULAWESI TENGAH,35,1,37,-3,9132,6441,222,2469
2021-02-13,SULAWESI TENGAH,77,5,142,-70,9209,6583,227,2399
2021-02-14,SULAWESI TENGAH,57,3,107,-53,9266,6690,230,2346
2021-02-15,SULAWESI TENGAH,49,2,47,0,9315,6737,232,2346
2021-02-16,SULAWESI TENGAH,31,0,16,15,9346,6753,232,2361
2021-02-17,SULAWESI TENGAH,44,0,38,6,9390,6791,232,2367
2021-02-18,SULAWESI TENGAH,93,5,132,-44,9483,6923,237,2323
2021-02-19,SULAWESI TENGAH,46,5,159,-118,9529,7082,242,2205
2021-02-20,SULAWESI TENGAH,45,0,432,-387,9574,7514,242,1818
2021-02-21,SULAWESI TENGAH,23,3,71,-51,9597,7585,245,1767
2021-02-22,SULAWESI TENGAH,62,1,145,-84,9659,7730,246,1683
2021-02-23,SULAWESI TENGAH,90,2,171,-83,9749,7901,248,1600
2021-02-24,SULAWESI TENGAH,65,1,42,22,9814,7943,249,1622
2021-02-25,SULAWESI TENGAH,67,1,181,-115,9881,8124,250,1507
2021-02-26,SULAWESI TENGAH,85,4,31,50,9966,8155,254,1557
2021-02-27,SULAWESI TENGAH,47,3,63,-19,10013,8218,257,1538
2021-02-28,SULAWESI TENGAH,12,2,5,5,10025,8223,259,1543
2021-03-01,SULAWESI TENGAH,74,0,34,40,10099,8257,259,1583
2021-03-02,SULAWESI TENGAH,34,1,75,-42,10133,8332,260,1541
2021-03-03,SULAWESI TENGAH,66,1,88,-23,10199,8420,261,1518
2021-03-04,SULAWESI TENGAH,77,1,53,23,10276,8473,262,1541
2021-03-05,SULAWESI TENGAH,13,1,10,2,10289,8483,263,1543
2021-03-06,SULAWESI TENGAH,34,0,4,30,10323,8487,263,1573
2021-03-07,SULAWESI TENGAH,38,1,16,21,10361,8503,264,1594
2021-03-08,SULAWESI TENGAH,26,0,136,-110,10387,8639,264,1484
2021-03-09,SULAWESI TENGAH,55,0,122,-67,10442,8761,264,1417
2021-03-10,SULAWESI TENGAH,39,2,65,-28,10481,8826,266,1389
2021-03-11,SULAWESI TENGAH,33,0,62,-29,10514,8888,266,1360
2021-03-12,SULAWESI TENGAH,47,1,31,15,10561,8919,267,1375
2021-03-13,SULAWESI TENGAH,12,0,26,-14,10573,8945,267,1361
2021-03-14,SULAWESI TENGAH,40,0,29,11,10613,8974,267,1372
2021-03-15,SULAWESI TENGAH,30,2,54,-26,10643,9028,269,1346
2021-03-16,SULAWESI TENGAH,24,2,43,-21,10667,9071,271,1325
2021-03-17,SULAWESI TENGAH,25,1,25,-1,10692,9096,272,1324
2021-03-18,SULAWESI TENGAH,24,1,52,-29,10716,9148,273,1295
2021-03-19,SULAWESI TENGAH,55,1,58,-4,10771,9206,274,1291
2021-03-20,SULAWESI TENGAH,42,2,86,-46,10813,9292,276,1245
2021-03-21,SULAWESI TENGAH,21,3,88,-70,10834,9380,279,1175
2021-03-22,SULAWESI TENGAH,84,2,138,-56,10918,9518,281,1119
2021-03-23,SULAWESI TENGAH,70,4,74,-8,10988,9592,285,1111
2021-03-24,SULAWESI TENGAH,33,6,216,-189,11021,9808,291,922
2021-03-25,SULAWESI TENGAH,24,1,39,-16,11045,9847,292,906
2021-03-26,SULAWESI TENGAH,34,2,35,-3,11079,9882,294,903
2021-03-27,SULAWESI TENGAH,13,0,20,-7,11092,9902,294,896
2021-03-28,SULAWESI TENGAH,18,0,58,-40,11110,9960,294,856
2021-03-29,SULAWESI TENGAH,26,0,64,-38,11136,10024,294,818
2021-03-30,SULAWESI TENGAH,45,0,10,35,11181,10034,294,853
2021-03-31,SULAWESI TENGAH,40,0,78,-38,11221,10112,294,815
2021-04-01,SULAWESI TENGAH,32,3,63,-34,11253,10175,297,781
2021-04-02,SULAWESI TENGAH,18,0,32,-14,11271,10207,297,767
2021-04-03,SULAWESI TENGAH,14,2,21,-9,11285,10228,299,758
2021-04-04,SULAWESI TENGAH,18,0,13,5,11303,10241,299,763
2021-04-05,SULAWESI TENGAH,48,1,29,18,11351,10270,300,781
2021-04-06,SULAWESI TENGAH,16,1,47,-32,11367,10317,301,749
2021-04-07,SULAWESI TENGAH,57,2,27,28,11424,10344,303,777
2021-04-08,SULAWESI TENGAH,23,2,59,-38,11447,10403,305,739
2021-04-09,SULAWESI TENGAH,55,1,32,22,11502,10435,306,761
2021-04-10,SULAWESI TENGAH,20,1,23,-4,11522,10458,307,757
2021-04-11,SULAWESI TENGAH,8,1,39,-32,11530,10497,308,725
2021-04-12,SULAWESI TENGAH,49,0,93,-44,11579,10590,308,681
2021-04-13,SULAWESI TENGAH,55,1,63,-9,11634,10653,309,672
2021-04-14,SULAWESI TENGAH,61,0,76,-15,11695,10729,309,657
2021-04-15,SULAWESI TENGAH,27,1,75,-49,11722,10804,310,608
2021-04-16,SULAWESI TENGAH,26,4,27,-5,11748,10831,314,603
2021-04-17,SULAWESI TENGAH,70,1,0,69,11818,10831,315,672
2021-04-18,SULAWESI TENGAH,7,2,8,-3,11825,10839,317,669
2021-04-19,SULAWESI TENGAH,81,0,56,25,11906,10895,317,694
2021-04-20,SULAWESI TENGAH,15,1,69,-55,11921,10964,318,639
2021-04-21,SULAWESI TENGAH,26,3,63,-40,11947,11027,321,599
2021-04-22,SULAWESI TENGAH,7,2,28,-23,11954,11055,323,576
2021-04-23,SULAWESI TENGAH,38,0,8,30,11992,11063,323,606
2021-04-24,SULAWESI TENGAH,46,0,5,41,12038,11068,323,647
2021-04-25,SULAWESI TENGAH,9,1,7,1,12047,11075,324,648
2021-04-26,SULAWESI TENGAH,39,1,11,27,12086,11086,325,675
2021-04-27,SULAWESI TENGAH,39,0,23,16,12125,11109,325,691
2021-04-28,SULAWESI TENGAH,48,2,29,17,12173,11138,327,708
2021-04-29,SULAWESI TENGAH,51,1,18,32,12224,11156,328,740
2021-04-30,SULAWESI TENGAH,58,4,33,21,12282,11189,332,761
2021-05-01,SULAWESI TENGAH,20,2,25,-7,12302,11214,334,754
2021-05-02,SULAWESI TENGAH,14,1,11,2,12316,11225,335,756
2021-05-03,SULAWESI TENGAH,56,2,94,-40,12372,11319,337,716
2021-05-04,SULAWESI TENGAH,22,1,97,-76,12394,11416,338,640
2021-05-05,SULAWESI TENGAH,29,3,129,-103,12423,11545,341,537
2021-05-06,SULAWESI TENGAH,47,0,50,-3,12470,11595,341,534
2021-05-07,SULAWESI TENGAH,36,0,33,3,12506,11628,341,537
2021-05-08,SULAWESI TENGAH,11,1,16,-6,12517,11644,342,531
2021-05-09,SULAWESI TENGAH,5,0,10,-5,12522,11654,342,526
2021-05-10,SULAWESI TENGAH,18,3,65,-50,12540,11719,345,476
2021-05-11,SULAWESI TENGAH,57,1,22,34,12597,11741,346,510
2021-05-12,SULAWESI TENGAH,66,1,11,54,12663,11752,347,564
2021-05-13,SULAWESI TENGAH,2,0,6,-4,12665,11758,347,560
2021-05-14,SULAWESI TENGAH,16,0,20,-4,12681,11778,347,556
2021-05-15,SULAWESI TENGAH,4,1,20,-17,12685,11798,348,539
2021-05-16,SULAWESI TENGAH,0,1,9,-10,12685,11807,349,529
2021-05-17,SULAWESI TENGAH,14,2,79,-67,12699,11886,351,462
2021-05-18,SULAWESI TENGAH,17,2,48,-33,12716,11934,353,429
2021-05-19,SULAWESI TENGAH,8,0,16,-8,12724,11950,353,421
2021-05-20,SULAWESI TENGAH,8,3,71,-66,12732,12021,356,355
2021-05-21,SULAWESI TENGAH,7,0,23,-16,12739,12044,356,339
2021-05-22,SULAWESI TENGAH,15,1,0,14,12754,12044,357,353
2021-05-23,SULAWESI TENGAH,12,0,14,-2,12766,12058,357,351
2021-05-24,SULAWESI TENGAH,21,1,15,5,12787,12073,358,356
2021-05-25,SULAWESI TENGAH,15,0,126,-111,12802,12199,358,245
2021-05-26,SULAWESI TENGAH,17,2,10,5,12819,12209,360,250
2021-05-27,SULAWESI TENGAH,7,0,33,-26,12826,12242,360,224
2021-05-28,SULAWESI TENGAH,18,1,9,8,12844,12251,361,232
2021-05-29,SULAWESI TENGAH,35,4,4,27,12879,12255,365,259
2021-05-30,SULAWESI TENGAH,14,0,2,12,12893,12257,365,271
2021-05-31,SULAWESI TENGAH,3,0,12,-9,12896,12269,365,262
2021-06-01,SULAWESI TENGAH,6,0,10,-4,12902,12279,365,258
2021-06-02,SULAWESI TENGAH,30,4,46,-20,12932,12325,369,238
2021-06-03,SULAWESI TENGAH,6,2,15,-11,12938,12340,371,227
2021-06-04,SULAWESI TENGAH,21,0,2,19,12959,12342,371,246
2021-06-05,SULAWESI TENGAH,6,0,8,-2,12965,12350,371,244
2021-06-06,SULAWESI TENGAH,6,2,15,-11,12971,12365,373,233
2021-06-07,SULAWESI TENGAH,8,1,4,3,12979,12369,374,236
2021-06-08,SULAWESI TENGAH,53,2,63,-12,13032,12432,376,224
2021-06-09,SULAWESI TENGAH,7,2,13,-8,13039,12445,378,216
2021-06-10,SULAWESI TENGAH,14,0,8,6,13053,12453,378,222
2021-06-11,SULAWESI TENGAH,10,0,21,-11,13063,12474,378,211
2021-06-12,SULAWESI TENGAH,8,2,4,2,13071,12478,380,213
2021-06-13,SULAWESI TENGAH,9,1,3,5,13080,12481,381,218
2021-06-14,SULAWESI TENGAH,7,0,17,-10,13087,12498,381,208
2021-06-15,SULAWESI TENGAH,11,1,2,8,13098,12500,382,216
2021-06-16,SULAWESI TENGAH,16,0,9,7,13114,12509,382,223
2021-06-17,SULAWESI TENGAH,23,0,1,22,13137,12510,382,245
2021-06-18,SULAWESI TENGAH,22,1,7,14,13159,12517,383,259
2021-06-19,SULAWESI TENGAH,39,1,43,-5,13198,12560,384,254
2021-06-20,SULAWESI TENGAH,20,0,0,20,13218,12560,384,274
2021-06-21,SULAWESI TENGAH,19,3,43,-27,13237,12603,387,247
2021-06-22,SULAWESI TENGAH,23,0,16,7,13260,12619,387,254
2021-06-23,SULAWESI TENGAH,33,1,11,21,13293,12630,388,275
2021-06-24,SULAWESI TENGAH,39,1,4,34,13332,12634,389,309
2021-06-25,SULAWESI TENGAH,56,4,17,35,13388,12651,393,344
2021-06-26,SULAWESI TENGAH,29,1,0,28,13417,12651,394,372
2021-06-27,SULAWESI TENGAH,35,1,2,32,13452,12653,395,404
2021-06-28,SULAWESI TENGAH,50,3,55,-8,13502,12708,398,396
2021-06-29,SULAWESI TENGAH,75,1,26,48,13577,12734,399,444
2021-06-30,SULAWESI TENGAH,68,4,15,49,13645,12749,403,493
2021-07-01,SULAWESI TENGAH,78,1,14,63,13723,12763,404,556
2021-07-02,SULAWESI TENGAH,98,3,20,75,13821,12783,407,631
2021-07-03,SULAWESI TENGAH,100,0,15,85,13921,12798,407,716
2021-07-04,SULAWESI TENGAH,56,2,18,36,13977,12816,409,752
2021-07-05,SULAWESI TENGAH,77,0,28,49,14054,12844,409,801
2021-07-06,SULAWESI TENGAH,107,3,12,92,14161,12856,412,893
2021-07-07,SULAWESI TENGAH,118,2,15,101,14279,12871,414,994
2021-07-08,SULAWESI TENGAH,157,3,35,119,14436,12906,417,1113
2021-07-09,SULAWESI TENGAH,233,6,82,145,14669,12988,423,1258
2021-07-10,SULAWESI TENGAH,135,2,30,103,14804,13018,425,1361
2021-07-11,SULAWESI TENGAH,184,4,63,117,14988,13081,429,1478
2021-07-12,SULAWESI TENGAH,83,9,138,-64,15071,13219,438,1414
2021-07-13,SULAWESI TENGAH,329,4,73,252,15400,13292,442,1666
2021-07-14,SULAWESI TENGAH,264,6,66,192,15664,13358,448,1858
2021-07-15,SULAWESI TENGAH,308,7,93,208,15972,13451,455,2066
2021-07-16,SULAWESI TENGAH,233,4,93,136,16205,13544,459,2202
2021-07-17,SULAWESI TENGAH,337,7,61,269,16542,13605,466,2471
2021-07-18,SULAWESI TENGAH,251,7,72,172,16793,13677,473,2643
2021-07-19,SULAWESI TENGAH,273,5,49,219,17066,13726,478,2862
2021-07-20,SULAWESI TENGAH,215,9,13,193,17281,13739,487,3055
2021-07-21,SULAWESI TENGAH,280,4,119,157,17561,13858,491,3212
2021-07-22,SULAWESI TENGAH,378,14,227,137,17939,14085,505,3349
2021-07-23,SULAWESI TENGAH,497,5,135,357,18436,14220,510,3706
2021-07-24,SULAWESI TENGAH,388,10,170,208,18824,14390,520,3914
2021-07-25,SULAWESI TENGAH,278,10,99,169,19102,14489,530,4083
2021-07-26,SULAWESI TENGAH,415,11,50,354,19517,14539,541,4437
2021-07-27,SULAWESI TENGAH,620,23,227,370,20137,14766,564,4807
2021-07-28,SULAWESI TENGAH,819,15,348,456,20956,15114,579,5263
2021-07-29,SULAWESI TENGAH,804,16,250,538,21760,15364,595,5801
2021-07-30,SULAWESI TENGAH,643,25,425,193,22403,15789,620,5994
2021-07-31,SULAWESI TENGAH,418,22,322,74,22821,16111,642,6068
2021-08-01,SULAWESI TENGAH,633,26,191,416,23454,16302,668,6484
2021-08-02,SULAWESI TENGAH,543,17,307,219,23997,16609,685,6703
2021-08-03,SULAWESI TENGAH,827,16,308,503,24824,16917,701,7206
2021-08-04,SULAWESI TENGAH,665,20,290,355,25489,17207,721,7561
2021-08-05,SULAWESI TENGAH,838,27,579,232,26327,17786,748,7793
2021-08-06,SULAWESI TENGAH,1566,37,383,1146,27893,18169,785,8939
2021-08-07,SULAWESI TENGAH,803,23,474,306,28696,18643,808,9245
2021-08-08,SULAWESI TENGAH,843,32,284,527,29539,18927,840,9772
2021-08-09,SULAWESI TENGAH,428,25,852,-449,29967,19779,865,9323
2021-08-10,SULAWESI TENGAH,966,30,691,245,30933,20470,895,9568
2021-08-11,SULAWESI TENGAH,915,32,453,430,31848,20923,927,9998
2021-08-12,SULAWESI TENGAH,649,26,807,-184,32497,21730,953,9814
2021-08-13,SULAWESI TENGAH,998,30,913,55,33495,22643,983,9869
2021-08-14,SULAWESI TENGAH,882,34,732,116,34377,23375,1017,9985
2021-08-15,SULAWESI TENGAH,673,31,575,67,35050,23950,1048,10052
2021-08-16,SULAWESI TENGAH,526,34,952,-460,35576,24902,1082,9592
2021-08-17,SULAWESI TENGAH,891,21,454,416,36467,25356,1103,10008
2021-08-18,SULAWESI TENGAH,450,27,625,-202,36917,25981,1130,9806
2020-03-02,RIAU,1,0,0,1,1,0,0,1
2020-03-03,RIAU,0,0,0,0,1,0,0,1
2020-03-04,RIAU,0,0,0,0,1,0,0,1
2020-03-05,RIAU,0,0,0,0,1,0,0,1
2020-03-06,RIAU,0,0,0,0,1,0,0,1
2020-03-07,RIAU,0,0,0,0,1,0,0,1
2020-03-08,RIAU,0,0,0,0,1,0,0,1
2020-03-09,RIAU,0,0,0,0,1,0,0,1
2020-03-10,RIAU,0,0,0,0,1,0,0,1
2020-03-11,RIAU,0,0,0,0,1,0,0,1
2020-03-12,RIAU,0,0,0,0,1,0,0,1
2020-03-13,RIAU,0,0,0,0,1,0,0,1
2020-03-14,RIAU,0,0,0,0,1,0,0,1
2020-03-15,RIAU,0,0,0,0,1,0,0,1
2020-03-16,RIAU,0,0,0,0,1,0,0,1
2020-03-17,RIAU,0,0,0,0,1,0,0,1
2020-03-18,RIAU,0,0,0,0,1,0,0,1
2020-03-19,RIAU,0,0,0,0,1,0,0,1
2020-03-20,RIAU,0,0,0,0,1,0,0,1
2020-03-21,RIAU,0,0,0,0,1,0,0,1
2020-03-22,RIAU,0,0,0,0,1,0,0,1
2020-03-23,RIAU,0,0,0,0,1,0,0,1
2020-03-24,RIAU,0,0,0,0,1,0,0,1
2020-03-25,RIAU,0,0,0,0,1,0,0,1
2020-03-26,RIAU,0,0,0,0,1,0,0,1
2020-03-27,RIAU,0,0,0,0,1,0,0,1
2020-03-28,RIAU,0,0,0,0,1,0,0,1
2020-03-29,RIAU,1,0,0,1,2,0,0,2
2020-03-30,RIAU,1,0,0,1,3,0,0,3
2020-03-31,RIAU,0,0,0,0,3,0,0,3
2020-04-01,RIAU,0,1,0,-1,3,0,1,2
2020-04-02,RIAU,4,0,0,4,7,0,1,6
2020-04-03,RIAU,3,0,0,3,10,0,1,9
2020-04-04,RIAU,0,0,1,-1,10,1,1,8
2020-04-05,RIAU,1,1,0,0,11,1,2,8
2020-04-06,RIAU,1,0,0,1,12,1,2,9
2020-04-07,RIAU,0,0,0,0,12,1,2,9
2020-04-08,RIAU,0,0,0,0,12,1,2,9
2020-04-09,RIAU,1,1,0,0,13,1,3,9
2020-04-10,RIAU,1,0,1,0,14,2,3,9
2020-04-11,RIAU,3,0,1,2,17,3,3,11
2020-04-12,RIAU,0,0,0,0,17,3,3,11
2020-04-13,RIAU,3,0,0,3,20,3,3,14
2020-04-14,RIAU,0,0,0,0,20,3,3,14
2020-04-15,RIAU,0,2,4,-6,20,7,5,8
2020-04-16,RIAU,5,0,3,2,25,10,5,10
2020-04-17,RIAU,1,0,0,1,26,10,5,11
2020-04-18,RIAU,4,0,0,4,30,10,5,15
2020-04-19,RIAU,0,0,0,0,30,10,5,15
2020-04-20,RIAU,4,1,0,3,34,10,6,18
2020-04-21,RIAU,1,0,0,1,35,10,6,19
2020-04-22,RIAU,0,0,0,0,35,10,6,19
2020-04-23,RIAU,1,0,3,-2,36,13,6,17
2020-04-24,RIAU,0,0,1,-1,36,14,6,16
2020-04-25,RIAU,2,0,1,1,38,15,6,17
2020-04-26,RIAU,1,0,0,1,39,15,6,18
2020-04-27,RIAU,0,0,1,-1,39,16,6,17
2020-04-28,RIAU,1,0,0,1,40,16,6,18
2020-04-29,RIAU,1,0,1,0,41,17,6,18
2020-04-30,RIAU,1,0,7,-6,42,24,6,12
2020-05-01,RIAU,1,0,1,0,43,25,6,12
2020-05-02,RIAU,3,0,2,1,46,27,6,13
2020-05-03,RIAU,8,0,0,8,54,27,6,21
2020-05-04,RIAU,5,0,0,5,59,27,6,26
2020-05-05,RIAU,3,0,1,2,62,28,6,28
2020-05-06,RIAU,0,0,0,0,62,28,6,28
2020-05-07,RIAU,5,0,0,5,67,28,6,33
2020-05-08,RIAU,3,0,11,-8,70,39,6,25
2020-05-09,RIAU,3,0,1,2,73,40,6,27
2020-05-10,RIAU,2,0,7,-5,75,47,6,22
2020-05-11,RIAU,1,0,3,-2,76,50,6,20
2020-05-12,RIAU,7,0,0,7,83,50,6,27
2020-05-13,RIAU,8,0,0,8,91,50,6,35
2020-05-14,RIAU,5,0,0,5,96,50,6,40
2020-05-15,RIAU,1,0,5,-4,97,55,6,36
2020-05-16,RIAU,0,0,7,-7,97,62,6,29
2020-05-17,RIAU,4,0,0,4,101,62,6,33
2020-05-18,RIAU,2,0,2,0,103,64,6,33
2020-05-19,RIAU,5,0,0,5,108,64,6,38
2020-05-20,RIAU,1,0,1,0,109,65,6,38
2020-05-21,RIAU,1,0,3,-2,110,68,6,36
2020-05-22,RIAU,1,0,0,1,111,68,6,37
2020-05-23,RIAU,1,0,0,1,112,68,6,38
2020-05-24,RIAU,1,0,1,0,113,69,6,38
2020-05-25,RIAU,0,0,1,-1,113,70,6,37
2020-05-26,RIAU,0,0,9,-9,113,79,6,28
2020-05-27,RIAU,0,0,0,0,113,79,6,28
2020-05-28,RIAU,0,0,3,-3,113,82,6,25
2020-05-29,RIAU,6,0,4,2,119,86,6,27
2020-05-30,RIAU,0,0,1,-1,119,87,6,26
2020-05-31,RIAU,0,0,3,-3,119,90,6,23
2020-06-01,RIAU,0,0,1,-1,119,91,6,22
2020-06-02,RIAU,0,0,3,-3,119,94,6,19
2020-06-03,RIAU,0,0,4,-4,119,98,6,15
2020-06-04,RIAU,0,0,2,-2,119,100,6,13
2020-06-05,RIAU,0,0,2,-2,119,102,6,11
2020-06-06,RIAU,1,0,0,1,120,102,6,12
2020-06-07,RIAU,0,0,0,0,120,102,6,12
2020-06-08,RIAU,0,0,6,-6,120,108,6,6
2020-06-09,RIAU,2,0,0,2,122,108,6,8
2020-06-10,RIAU,0,0,0,0,122,108,6,8
2020-06-11,RIAU,0,0,1,-1,122,109,6,7
2020-06-12,RIAU,0,0,1,-1,122,110,6,6
2020-06-13,RIAU,5,0,0,5,127,110,6,11
2020-06-14,RIAU,0,0,0,0,127,110,6,11
2020-06-15,RIAU,1,1,2,-2,128,112,7,9
2020-06-16,RIAU,0,0,1,-1,128,113,7,8
2020-06-17,RIAU,2,1,1,0,130,114,8,8
2020-06-18,RIAU,6,0,1,5,136,115,8,13
2020-06-19,RIAU,8,0,0,8,144,115,8,21
2020-06-20,RIAU,0,0,2,-2,144,117,8,19
2020-06-21,RIAU,0,0,0,0,144,117,8,19
2020-06-22,RIAU,24,0,1,23,168,118,8,42
2020-06-23,RIAU,27,1,0,26,195,118,9,68
2020-06-24,RIAU,24,0,3,21,219,121,9,89
2020-06-25,RIAU,3,1,1,1,222,122,10,90
2020-06-26,RIAU,3,0,0,3,225,122,10,93
2020-06-27,RIAU,0,0,0,0,225,122,10,93
2020-06-28,RIAU,1,0,17,-16,226,139,10,77
2020-06-29,RIAU,2,0,27,-25,228,166,10,52
2020-06-30,RIAU,0,0,10,-10,228,176,10,42
2020-07-01,RIAU,1,0,2,-1,229,178,10,41
2020-07-02,RIAU,1,0,10,-9,230,188,10,32
2020-07-03,RIAU,4,0,12,-8,234,200,10,24
2020-07-04,RIAU,1,0,5,-4,235,205,10,20
2020-07-05,RIAU,1,0,3,-2,236,208,10,18
2020-07-06,RIAU,1,1,4,-4,237,212,11,14
2020-07-07,RIAU,1,0,2,-1,238,214,11,13
2020-07-08,RIAU,0,0,1,-1,238,215,11,12
2020-07-09,RIAU,2,0,1,1,240,216,11,13
2020-07-10,RIAU,0,0,1,-1,240,217,11,12
2020-07-11,RIAU,1,0,0,1,241,217,11,13
2020-07-12,RIAU,1,0,1,0,242,218,11,13
2020-07-13,RIAU,3,0,3,0,245,221,11,13
2020-07-14,RIAU,3,0,0,3,248,221,11,16
2020-07-15,RIAU,0,0,1,-1,248,222,11,15
2020-07-16,RIAU,5,0,2,3,253,224,11,18
2020-07-17,RIAU,5,0,0,5,258,224,11,23
2020-07-18,RIAU,5,0,0,5,263,224,11,28
2020-07-19,RIAU,11,0,1,10,274,225,11,38
2020-07-20,RIAU,15,0,5,10,289,230,11,48
2020-07-21,RIAU,23,0,2,21,312,232,11,69
2020-07-22,RIAU,38,0,0,38,350,232,11,107
2020-07-23,RIAU,4,0,2,2,354,234,11,109
2020-07-24,RIAU,13,0,1,12,367,235,11,121
2020-07-25,RIAU,5,0,9,-4,372,244,11,117
2020-07-26,RIAU,11,0,13,-2,383,257,11,115
2020-07-27,RIAU,4,0,9,-5,387,266,11,110
2020-07-28,RIAU,25,1,5,19,412,271,12,129
2020-07-29,RIAU,6,0,16,-10,418,287,12,119
2020-07-30,RIAU,10,0,19,-9,428,306,12,110
2020-07-31,RIAU,18,0,4,14,446,310,12,124
2020-08-01,RIAU,3,0,16,-13,449,326,12,111
2020-08-02,RIAU,10,0,1,9,459,327,12,120
2020-08-03,RIAU,50,1,6,43,509,333,13,163
2020-08-04,RIAU,69,0,12,57,578,345,13,220
2020-08-05,RIAU,28,0,4,24,606,349,13,244
2020-08-06,RIAU,15,0,11,4,621,360,13,248
2020-08-07,RIAU,37,0,9,28,658,369,13,276
2020-08-08,RIAU,50,0,4,46,708,373,13,322
2020-08-09,RIAU,26,1,9,16,734,382,14,338
2020-08-10,RIAU,41,0,24,17,775,406,14,355
2020-08-11,RIAU,17,0,21,-4,792,427,14,351
2020-08-12,RIAU,33,0,10,23,825,437,14,374
2020-08-13,RIAU,68,0,46,22,893,483,14,396
2020-08-14,RIAU,27,0,52,-25,920,535,14,371
2020-08-15,RIAU,41,0,45,-4,961,580,14,367
2020-08-16,RIAU,23,1,20,2,984,600,15,369
2020-08-17,RIAU,34,1,17,16,1018,617,16,385
2020-08-18,RIAU,23,0,23,0,1041,640,16,385
2020-08-19,RIAU,11,0,19,-8,1052,659,16,377
2020-08-20,RIAU,47,1,36,10,1099,695,17,387
2020-08-21,RIAU,34,0,26,8,1133,721,17,395
2020-08-22,RIAU,63,1,29,33,1196,750,18,428
2020-08-23,RIAU,42,1,15,26,1238,765,19,454
2020-08-24,RIAU,42,2,52,-12,1280,817,21,442
2020-08-25,RIAU,39,1,12,26,1319,829,22,468
2020-08-26,RIAU,42,0,23,19,1361,852,22,487
2020-08-27,RIAU,99,3,16,80,1460,868,25,567
2020-08-28,RIAU,66,5,43,18,1526,911,30,585
2020-08-29,RIAU,79,0,24,55,1605,935,30,640
2020-08-30,RIAU,134,0,31,103,1739,966,30,743
2020-08-31,RIAU,108,4,44,60,1847,1010,34,803
2020-09-01,RIAU,81,1,19,61,1928,1029,35,864
2020-09-02,RIAU,107,1,10,96,2035,1039,36,960
2020-09-03,RIAU,107,1,27,79,2142,1066,37,1039
2020-09-04,RIAU,130,5,53,72,2272,1119,42,1111
2020-09-05,RIAU,177,0,106,71,2449,1225,42,1182
2020-09-06,RIAU,141,5,29,107,2590,1254,47,1289
2020-09-07,RIAU,136,2,49,85,2726,1303,49,1374
2020-09-08,RIAU,113,3,42,68,2839,1345,52,1442
2020-09-09,RIAU,141,3,82,56,2980,1427,55,1498
2020-09-10,RIAU,198,3,61,134,3178,1488,58,1632
2020-09-11,RIAU,183,0,70,113,3361,1558,58,1745
2020-09-12,RIAU,232,5,32,195,3593,1590,63,1940
2020-09-13,RIAU,207,8,29,170,3800,1619,71,2110
2020-09-14,RIAU,136,4,91,41,3936,1710,75,2151
2020-09-15,RIAU,166,5,76,85,4102,1786,80,2236
2020-09-16,RIAU,188,4,25,159,4290,1811,84,2395
2020-09-17,RIAU,236,8,37,191,4526,1848,92,2586
2020-09-18,RIAU,228,3,204,21,4754,2052,95,2607
2020-09-19,RIAU,297,2,75,220,5051,2127,97,2827
2020-09-20,RIAU,282,3,80,199,5333,2207,100,3026
2020-09-21,RIAU,160,6,35,119,5493,2242,106,3145
2020-09-22,RIAU,249,0,139,110,5742,2381,106,3255
2020-09-23,RIAU,189,11,329,-151,5931,2710,117,3104
2020-09-24,RIAU,235,9,116,110,6166,2826,126,3214
2020-09-25,RIAU,200,5,181,14,6366,3007,131,3228
2020-09-26,RIAU,260,6,192,62,6626,3199,137,3290
2020-09-27,RIAU,190,6,209,-25,6816,3408,143,3265
2020-09-28,RIAU,236,5,111,120,7052,3519,148,3385
2020-09-29,RIAU,222,4,164,54,7274,3683,152,3439
2020-09-30,RIAU,356,7,250,99,7630,3933,159,3538
2020-10-01,RIAU,259,7,271,-19,7889,4204,166,3519
2020-10-02,RIAU,178,6,155,17,8067,4359,172,3536
2020-10-03,RIAU,175,5,457,-287,8242,4816,177,3249
2020-10-04,RIAU,166,6,218,-58,8408,5034,183,3191
2020-10-05,RIAU,297,8,279,10,8705,5313,191,3201
2020-10-06,RIAU,132,7,182,-57,8837,5495,198,3144
2020-10-07,RIAU,150,2,262,-114,8987,5757,200,3030
2020-10-08,RIAU,246,4,98,144,9233,5855,204,3174
2020-10-09,RIAU,203,6,73,124,9436,5928,210,3298
2020-10-10,RIAU,233,9,153,71,9669,6081,219,3369
2020-10-11,RIAU,307,5,108,194,9976,6189,224,3563
2020-10-12,RIAU,206,2,116,88,10182,6305,226,3651
2020-10-13,RIAU,162,4,113,45,10344,6418,230,3696
2020-10-14,RIAU,295,12,117,166,10639,6535,242,3862
2020-10-15,RIAU,183,6,119,58,10822,6654,248,3920
2020-10-16,RIAU,278,2,109,167,11100,6763,250,4087
2020-10-17,RIAU,256,8,123,125,11356,6886,258,4212
2020-10-18,RIAU,285,4,111,170,11641,6997,262,4382
2020-10-19,RIAU,198,5,505,-312,11839,7502,267,4070
2020-10-20,RIAU,169,2,629,-462,12008,8131,269,3608
2020-10-21,RIAU,315,9,307,-1,12323,8438,278,3607
2020-10-22,RIAU,282,6,172,104,12605,8610,284,3711
2020-10-23,RIAU,275,6,254,15,12880,8864,290,3726
2020-10-24,RIAU,379,9,277,93,13259,9141,299,3819
2020-10-25,RIAU,288,3,541,-256,13547,9682,302,3563
2020-10-26,RIAU,206,4,262,-60,13753,9944,306,3503
2020-10-27,RIAU,247,6,296,-55,14000,10240,312,3448
2020-10-28,RIAU,249,6,265,-22,14249,10505,318,3426
2020-10-29,RIAU,261,6,224,31,14510,10729,324,3457
2020-10-30,RIAU,161,6,247,-92,14671,10976,330,3365
2020-10-31,RIAU,127,5,231,-109,14798,11207,335,3256
2020-11-01,RIAU,25,2,164,-141,14823,11371,337,3115
2020-11-02,RIAU,9,2,156,-149,14832,11527,339,2966
2020-11-03,RIAU,99,2,343,-246,14931,11870,341,2720
2020-11-04,RIAU,168,4,249,-85,15099,12119,345,2635
2020-11-05,RIAU,176,2,318,-144,15275,12437,347,2491
2020-11-06,RIAU,143,7,210,-74,15418,12647,354,2417
2020-11-07,RIAU,165,5,355,-195,15583,13002,359,2222
2020-11-08,RIAU,158,4,161,-7,15741,13163,363,2215
2020-11-09,RIAU,14,2,128,-116,15755,13291,365,2099
2020-11-10,RIAU,152,0,11,141,15907,13302,365,2240
2020-11-11,RIAU,146,10,489,-353,16053,13791,375,1887
2020-11-12,RIAU,116,3,86,27,16169,13877,378,1914
2020-11-13,RIAU,146,3,90,53,16315,13967,381,1967
2020-11-14,RIAU,130,1,51,78,16445,14018,382,2045
2020-11-15,RIAU,163,3,205,-45,16608,14223,385,2000
2020-11-16,RIAU,148,8,124,16,16756,14347,393,2016
2020-11-17,RIAU,268,2,41,225,17024,14388,395,2241
2020-11-18,RIAU,274,2,248,24,17298,14636,397,2265
2020-11-19,RIAU,688,3,995,-310,17986,15631,400,1955
2020-11-20,RIAU,176,5,198,-27,18162,15829,405,1928
2020-11-21,RIAU,308,4,122,182,18470,15951,409,2110
2020-11-22,RIAU,171,5,179,-13,18641,16130,414,2097
2020-11-23,RIAU,113,2,133,-22,18754,16263,416,2075
2020-11-24,RIAU,138,3,116,19,18892,16379,419,2094
2020-11-25,RIAU,236,5,180,51,19128,16559,424,2145
2020-11-26,RIAU,206,4,200,2,19334,16759,428,2147
2020-11-27,RIAU,261,8,198,55,19595,16957,436,2202
2020-11-28,RIAU,170,8,256,-94,19765,17213,444,2108
2020-11-29,RIAU,173,6,194,-27,19938,17407,450,2081
2020-11-30,RIAU,136,6,170,-40,20074,17577,456,2041
2020-12-01,RIAU,163,2,283,-122,20237,17860,458,1919
2020-12-02,RIAU,227,5,175,47,20464,18035,463,1966
2020-12-03,RIAU,179,5,160,14,20643,18195,468,1980
2020-12-04,RIAU,155,2,156,-3,20798,18351,470,1977
2020-12-05,RIAU,114,3,206,-95,20912,18557,473,1882
2020-12-06,RIAU,225,3,191,31,21137,18748,476,1913
2020-12-07,RIAU,164,5,186,-27,21301,18934,481,1886
2020-12-08,RIAU,171,6,143,22,21472,19077,487,1908
2020-12-09,RIAU,235,6,186,43,21707,19263,493,1951
2020-12-10,RIAU,139,5,114,20,21846,19377,498,1971
2020-12-11,RIAU,149,3,180,-34,21995,19557,501,1937
2020-12-12,RIAU,178,4,227,-53,22173,19784,505,1884
2020-12-13,RIAU,181,3,153,25,22354,19937,508,1909
2020-12-14,RIAU,78,3,167,-92,22432,20104,511,1817
2020-12-15,RIAU,177,3,124,50,22609,20228,514,1867
2020-12-16,RIAU,153,4,223,-74,22762,20451,518,1793
2020-12-17,RIAU,288,5,197,86,23050,20648,523,1879
2020-12-18,RIAU,184,9,200,-25,23234,20848,532,1854
2020-12-19,RIAU,372,5,183,184,23606,21031,537,2038
2020-12-20,RIAU,121,2,128,-9,23727,21159,539,2029
2020-12-21,RIAU,76,4,99,-27,23803,21258,543,2002
2020-12-22,RIAU,116,1,165,-50,23919,21423,544,1952
2020-12-23,RIAU,96,3,205,-112,24015,21628,547,1840
2020-12-24,RIAU,214,4,112,98,24229,21740,551,1938
2020-12-25,RIAU,79,7,281,-209,24308,22021,558,1729
2020-12-26,RIAU,93,8,191,-106,24401,22212,566,1623
2020-12-27,RIAU,117,2,185,-70,24518,22397,568,1553
2020-12-28,RIAU,81,4,172,-95,24599,22569,572,1458
2020-12-29,RIAU,116,3,318,-205,24715,22887,575,1253
2020-12-30,RIAU,141,4,112,25,24856,22999,579,1278
2020-12-31,RIAU,110,3,77,30,24966,23076,582,1308
2021-01-01,RIAU,147,3,144,0,25113,23220,585,1308
2021-01-02,RIAU,68,6,128,-66,25181,23348,591,1242
2021-01-03,RIAU,81,5,156,-80,25262,23504,596,1162
2021-01-04,RIAU,110,2,96,12,25372,23600,598,1174
2021-01-05,RIAU,160,2,92,66,25532,23692,600,1240
2021-01-06,RIAU,169,1,115,53,25701,23807,601,1293
2021-01-07,RIAU,139,1,93,45,25840,23900,602,1338
2021-01-08,RIAU,192,5,114,73,26032,24014,607,1411
2021-01-09,RIAU,134,7,153,-26,26166,24167,614,1385
2021-01-10,RIAU,166,3,108,55,26332,24275,617,1440
2021-01-11,RIAU,88,2,98,-12,26420,24373,619,1428
2021-01-12,RIAU,266,2,78,186,26686,24451,621,1614
2021-01-13,RIAU,138,5,89,44,26824,24540,626,1658
2021-01-14,RIAU,93,1,119,-27,26917,24659,627,1631
2021-01-15,RIAU,170,2,186,-18,27087,24845,629,1613
2021-01-16,RIAU,96,5,166,-75,27183,25011,634,1538
2021-01-17,RIAU,188,1,138,49,27371,25149,635,1587
2021-01-18,RIAU,88,6,140,-58,27459,25289,641,1529
2021-01-19,RIAU,167,4,141,22,27626,25430,645,1551
2021-01-20,RIAU,122,5,150,-33,27748,25580,650,1518
2021-01-21,RIAU,137,5,96,36,27885,25676,655,1554
2021-01-22,RIAU,122,1,204,-83,28007,25880,656,1471
2021-01-23,RIAU,112,7,140,-35,28119,26020,663,1436
2021-01-24,RIAU,153,5,99,49,28272,26119,668,1485
2021-01-25,RIAU,44,2,169,-127,28316,26288,670,1358
2021-01-26,RIAU,132,9,99,24,28448,26387,679,1382
2021-01-27,RIAU,129,2,159,-32,28577,26546,681,1350
2021-01-28,RIAU,116,1,116,-1,28693,26662,682,1349
2021-01-29,RIAU,96,2,148,-54,28789,26810,684,1295
2021-01-30,RIAU,89,2,130,-43,28878,26940,686,1252
2021-01-31,RIAU,130,1,140,-11,29008,27080,687,1241
2021-02-01,RIAU,21,3,120,-102,29029,27200,690,1139
2021-02-02,RIAU,78,1,110,-33,29107,27310,691,1106
2021-02-03,RIAU,104,1,135,-32,29211,27445,692,1074
2021-02-04,RIAU,92,5,58,29,29303,27503,697,1103
2021-02-05,RIAU,68,3,107,-42,29371,27610,700,1061
2021-02-06,RIAU,70,3,130,-63,29441,27740,703,998
2021-02-07,RIAU,93,3,77,13,29534,27817,706,1011
2021-02-08,RIAU,62,1,74,-13,29596,27891,707,998
2021-02-09,RIAU,73,3,83,-13,29669,27974,710,985
2021-02-10,RIAU,173,4,129,40,29842,28103,714,1025
2021-02-11,RIAU,89,3,44,42,29931,28147,717,1067
2021-02-12,RIAU,96,3,92,1,30027,28239,720,1068
2021-02-13,RIAU,47,2,104,-59,30074,28343,722,1009
2021-02-14,RIAU,67,1,88,-22,30141,28431,723,987
2021-02-15,RIAU,56,2,51,3,30197,28482,725,990
2021-02-16,RIAU,80,4,72,4,30277,28554,729,994
2021-02-17,RIAU,22,1,57,-36,30299,28611,730,958
2021-02-18,RIAU,109,2,111,-4,30408,28722,732,954
2021-02-19,RIAU,69,3,74,-8,30477,28796,735,946
2021-02-20,RIAU,133,8,171,-46,30610,28967,743,900
2021-02-21,RIAU,197,1,91,105,30807,29058,744,1005
2021-02-22,RIAU,51,2,94,-45,30858,29152,746,960
2021-02-23,RIAU,116,3,59,54,30974,29211,749,1014
2021-02-24,RIAU,110,2,55,53,31084,29266,751,1067
2021-02-25,RIAU,133,2,63,68,31217,29329,753,1135
2021-02-26,RIAU,69,4,85,-20,31286,29414,757,1115
2021-02-27,RIAU,49,4,56,-11,31335,29470,761,1104
2021-02-28,RIAU,63,2,91,-30,31398,29561,763,1074
2021-03-01,RIAU,55,2,75,-22,31453,29636,765,1052
2021-03-02,RIAU,89,1,106,-18,31542,29742,766,1034
2021-03-03,RIAU,79,3,165,-89,31621,29907,769,945
2021-03-04,RIAU,87,4,70,13,31708,29977,773,958
2021-03-05,RIAU,129,1,99,29,31837,30076,774,987
2021-03-06,RIAU,68,4,87,-23,31905,30163,778,964
2021-03-07,RIAU,134,3,99,32,32039,30262,781,996
2021-03-08,RIAU,64,2,71,-9,32103,30333,783,987
2021-03-09,RIAU,109,3,75,31,32212,30408,786,1018
2021-03-10,RIAU,107,2,67,38,32319,30475,788,1056
2021-03-11,RIAU,111,1,50,60,32430,30525,789,1116
2021-03-12,RIAU,58,4,50,4,32488,30575,793,1120
2021-03-13,RIAU,66,3,107,-44,32554,30682,796,1076
2021-03-14,RIAU,169,4,111,54,32723,30793,800,1130
2021-03-15,RIAU,69,1,98,-30,32792,30891,801,1100
2021-03-16,RIAU,117,3,52,62,32909,30943,804,1162
2021-03-17,RIAU,82,1,121,-40,32991,31064,805,1122
2021-03-18,RIAU,108,1,56,51,33099,31120,806,1173
2021-03-19,RIAU,132,7,211,-86,33231,31331,813,1087
2021-03-20,RIAU,219,3,114,102,33450,31445,816,1189
2021-03-21,RIAU,49,0,112,-63,33499,31557,816,1126
2021-03-22,RIAU,74,4,76,-6,33573,31633,820,1120
2021-03-23,RIAU,167,3,71,93,33740,31704,823,1213
2021-03-24,RIAU,125,5,141,-21,33865,31845,828,1192
2021-03-25,RIAU,120,7,85,28,33985,31930,835,1220
2021-03-26,RIAU,169,0,107,62,34154,32037,835,1282
2021-03-27,RIAU,112,3,75,34,34266,32112,838,1316
2021-03-28,RIAU,125,1,95,29,34391,32207,839,1345
2021-03-29,RIAU,69,5,105,-41,34460,32312,844,1304
2021-03-30,RIAU,132,2,140,-10,34592,32452,846,1294
2021-03-31,RIAU,160,5,144,11,34752,32596,851,1305
2021-04-01,RIAU,199,6,75,118,34951,32671,857,1423
2021-04-02,RIAU,203,4,132,67,35154,32803,861,1490
2021-04-03,RIAU,116,4,121,-9,35270,32924,865,1481
2021-04-04,RIAU,217,6,123,88,35487,33047,871,1569
2021-04-05,RIAU,85,8,108,-31,35572,33155,879,1538
2021-04-06,RIAU,214,5,170,39,35786,33325,884,1577
2021-04-07,RIAU,222,4,116,102,36008,33441,888,1679
2021-04-08,RIAU,300,6,146,148,36308,33587,894,1827
2021-04-09,RIAU,231,4,126,101,36539,33713,898,1928
2021-04-10,RIAU,265,1,142,122,36804,33855,899,2050
2021-04-11,RIAU,191,5,135,51,36995,33990,904,2101
2021-04-12,RIAU,146,6,94,46,37141,34084,910,2147
2021-04-13,RIAU,253,7,196,50,37394,34280,917,2197
2021-04-14,RIAU,335,11,162,162,37729,34442,928,2359
2021-04-15,RIAU,269,10,106,153,37998,34548,938,2512
2021-04-16,RIAU,235,6,194,35,38233,34742,944,2547
2021-04-17,RIAU,320,6,215,99,38553,34957,950,2646
2021-04-18,RIAU,330,8,278,44,38883,35235,958,2690
2021-04-19,RIAU,227,9,203,15,39110,35438,967,2705
2021-04-20,RIAU,410,14,212,184,39520,35650,981,2889
2021-04-21,RIAU,460,4,233,223,39980,35883,985,3112
2021-04-22,RIAU,419,12,157,250,40399,36040,997,3362
2021-04-23,RIAU,477,11,241,225,40876,36281,1008,3587
2021-04-24,RIAU,421,9,328,84,41297,36609,1017,3671
2021-04-25,RIAU,404,8,224,172,41701,36833,1025,3843
2021-04-26,RIAU,614,14,208,392,42315,37041,1039,4235
2021-04-27,RIAU,383,11,329,43,42698,37370,1050,4278
2021-04-28,RIAU,479,11,271,197,43177,37641,1061,4475
2021-04-29,RIAU,579,10,280,289,43756,37921,1071,4764
2021-04-30,RIAU,521,14,403,104,44277,38324,1085,4868
2021-05-01,RIAU,377,15,333,29,44654,38657,1100,4897
2021-05-02,RIAU,583,16,344,223,45237,39001,1116,5120
2021-05-03,RIAU,341,18,398,-75,45578,39399,1134,5045
2021-05-04,RIAU,483,7,331,145,46061,39730,1141,5190
2021-05-05,RIAU,570,15,572,-17,46631,40302,1156,5173
2021-05-06,RIAU,520,20,479,21,47151,40781,1176,5194
2021-05-07,RIAU,628,17,505,106,47779,41286,1193,5300
2021-05-08,RIAU,653,7,256,390,48432,41542,1200,5690
2021-05-09,RIAU,454,26,222,206,48886,41764,1226,5896
2021-05-10,RIAU,551,14,630,-93,49437,42394,1240,5803
2021-05-11,RIAU,587,24,527,36,50024,42921,1264,5839
2021-05-12,RIAU,523,12,779,-268,50547,43700,1276,5571
2021-05-13,RIAU,513,14,263,236,51060,43963,1290,5807
2021-05-14,RIAU,112,16,501,-405,51172,44464,1306,5402
2021-05-15,RIAU,146,12,564,-430,51318,45028,1318,4972
2021-05-16,RIAU,355,6,567,-218,51673,45595,1324,4754
2021-05-17,RIAU,317,21,600,-304,51990,46195,1345,4450
2021-05-18,RIAU,321,18,579,-276,52311,46774,1363,4174
2021-05-19,RIAU,385,17,469,-101,52696,47243,1380,4073
2021-05-20,RIAU,421,11,596,-186,53117,47839,1391,3887
2021-05-21,RIAU,512,17,648,-153,53629,48487,1408,3734
2021-05-22,RIAU,639,6,431,202,54268,48918,1414,3936
2021-05-23,RIAU,592,12,513,67,54860,49431,1426,4003
2021-05-24,RIAU,665,24,202,439,55525,49633,1450,4442
2021-05-25,RIAU,642,19,179,444,56167,49812,1469,4886
2021-05-26,RIAU,739,27,347,365,56906,50159,1496,5251
2021-05-27,RIAU,810,14,248,548,57716,50407,1510,5799
2021-05-28,RIAU,503,19,458,26,58219,50865,1529,5825
2021-05-29,RIAU,652,11,413,228,58871,51278,1540,6053
2021-05-30,RIAU,726,21,451,254,59597,51729,1561,6307
2021-05-31,RIAU,473,26,501,-54,60070,52230,1587,6253
2021-06-01,RIAU,452,13,589,-150,60522,52819,1600,6103
2021-06-02,RIAU,615,16,577,22,61137,53396,1616,6125
2021-06-03,RIAU,380,13,478,-111,61517,53874,1629,6014
2021-06-04,RIAU,593,16,701,-124,62110,54575,1645,5890
2021-06-05,RIAU,507,19,682,-194,62617,55257,1664,5696
2021-06-06,RIAU,528,9,738,-219,63145,55995,1673,5477
2021-06-07,RIAU,313,22,561,-270,63458,56556,1695,5207
2021-06-08,RIAU,345,13,638,-306,63803,57194,1708,4901
2021-06-09,RIAU,402,14,646,-258,64205,57840,1722,4643
2021-06-10,RIAU,438,11,470,-43,64643,58310,1733,4600
2021-06-11,RIAU,387,12,447,-72,65030,58757,1745,4528
2021-06-12,RIAU,388,7,561,-180,65418,59318,1752,4348
2021-06-13,RIAU,322,13,400,-91,65740,59718,1765,4257
2021-06-14,RIAU,163,9,546,-392,65903,60264,1774,3865
2021-06-15,RIAU,310,5,521,-216,66213,60785,1779,3649
2021-06-16,RIAU,326,14,453,-141,66539,61238,1793,3508
2021-06-17,RIAU,331,15,339,-23,66870,61577,1808,3485
2021-06-18,RIAU,353,8,365,-20,67223,61942,1816,3465
2021-06-19,RIAU,284,9,385,-110,67507,62327,1825,3355
2021-06-20,RIAU,274,12,379,-117,67781,62706,1837,3238
2021-06-21,RIAU,148,7,403,-262,67929,63109,1844,2976
2021-06-22,RIAU,224,7,360,-143,68153,63469,1851,2833
2021-06-23,RIAU,329,10,317,2,68482,63786,1861,2835
2021-06-24,RIAU,295,11,177,107,68777,63963,1872,2942
2021-06-25,RIAU,274,11,300,-37,69051,64263,1883,2905
2021-06-26,RIAU,365,10,309,46,69416,64572,1893,2951
2021-06-27,RIAU,223,6,305,-88,69639,64877,1899,2863
2021-06-28,RIAU,209,10,312,-113,69848,65189,1909,2750
2021-06-29,RIAU,288,14,273,1,70136,65462,1923,2751
2021-06-30,RIAU,381,8,251,122,70517,65713,1931,2873
2021-07-01,RIAU,416,11,147,258,70933,65860,1942,3131
2021-07-02,RIAU,506,10,222,274,71439,66082,1952,3405
2021-07-03,RIAU,447,8,352,87,71886,66434,1960,3492
2021-07-04,RIAU,463,6,245,212,72349,66679,1966,3704
2021-07-05,RIAU,424,11,273,140,72773,66952,1977,3844
2021-07-06,RIAU,418,3,326,89,73191,67278,1980,3933
2021-07-07,RIAU,532,15,193,324,73723,67471,1995,4257
2021-07-08,RIAU,672,8,209,455,74395,67680,2003,4712
2021-07-09,RIAU,504,16,299,189,74899,67979,2019,4901
2021-07-10,RIAU,738,20,394,324,75637,68373,2039,5225
2021-07-11,RIAU,653,15,373,265,76290,68746,2054,5490
2021-07-12,RIAU,560,17,495,48,76850,69241,2071,5538
2021-07-13,RIAU,610,11,450,149,77460,69691,2082,5687
2021-07-14,RIAU,978,16,474,488,78438,70165,2098,6175
2021-07-15,RIAU,964,23,361,580,79402,70526,2121,6755
2021-07-16,RIAU,858,19,391,448,80260,70917,2140,7203
2021-07-17,RIAU,999,21,517,461,81259,71434,2161,7664
2021-07-18,RIAU,847,28,639,180,82106,72073,2189,7844
2021-07-19,RIAU,680,27,509,144,82786,72582,2216,7988
2021-07-20,RIAU,843,24,739,80,83629,73321,2240,8068
2021-07-21,RIAU,452,23,317,112,84081,73638,2263,8180
2021-07-22,RIAU,769,27,786,-44,84850,74424,2290,8136
2021-07-23,RIAU,1008,21,600,387,85858,75024,2311,8523
2021-07-24,RIAU,1215,34,971,210,87073,75995,2345,8733
2021-07-25,RIAU,1032,37,927,68,88105,76922,2382,8801
2021-07-26,RIAU,1137,32,806,299,89242,77728,2414,9100
2021-07-27,RIAU,1428,35,664,729,90670,78392,2449,9829
2021-07-28,RIAU,1276,23,921,332,91946,79313,2472,10161
2021-07-29,RIAU,2096,25,605,1466,94042,79918,2497,11627
2021-07-30,RIAU,1667,43,908,716,95709,80826,2540,12343
2021-07-31,RIAU,1626,50,372,1204,97335,81198,2590,13547
2021-08-01,RIAU,1202,33,849,320,98537,82047,2623,13867
2021-08-02,RIAU,1077,50,993,34,99614,83040,2673,13901
2021-08-03,RIAU,1254,36,1180,38,100868,84220,2709,13939
2021-08-04,RIAU,1464,46,553,865,102332,84773,2755,14804
2021-08-05,RIAU,860,34,1666,-840,103192,86439,2789,13964
2021-08-06,RIAU,2205,55,1115,1035,105397,87554,2844,14999
2021-08-07,RIAU,1251,50,1081,120,106648,88635,2894,15119
2021-08-08,RIAU,1154,26,2018,-890,107802,90653,2920,14229
2021-08-09,RIAU,784,53,1503,-772,108586,92156,2973,13457
2021-08-10,RIAU,1235,56,1687,-508,109821,93843,3029,12949
2021-08-11,RIAU,1174,55,1060,59,110995,94903,3084,13008
2021-08-12,RIAU,704,35,966,-297,111699,95869,3119,12711
2021-08-13,RIAU,1070,29,858,183,112769,96727,3148,12894
2021-08-14,RIAU,1070,31,1495,-456,113839,98222,3179,12438
2021-08-15,RIAU,936,52,834,50,114775,99056,3231,12488
2021-08-16,RIAU,609,42,1684,-1117,115384,100740,3273,11371
2021-08-17,RIAU,819,33,1540,-754,116203,102280,3306,10617
2021-08-18,RIAU,589,30,1098,-539,116792,103378,3336,10078
2020-03-27,PAPUA BARAT,2,0,0,2,2,0,0,2
2020-03-28,PAPUA BARAT,0,0,0,0,2,0,0,2
2020-03-29,PAPUA BARAT,0,0,0,0,2,0,0,2
2020-03-30,PAPUA BARAT,0,0,0,0,2,0,0,2
2020-03-31,PAPUA BARAT,0,0,0,0,2,0,0,2
2020-04-01,PAPUA BARAT,0,0,0,0,2,0,0,2
2020-04-02,PAPUA BARAT,0,0,0,0,2,0,0,2
2020-04-03,PAPUA BARAT,0,0,0,0,2,0,0,2
2020-04-04,PAPUA BARAT,0,0,0,0,2,0,0,2
2020-04-05,PAPUA BARAT,0,0,0,0,2,0,0,2
2020-04-06,PAPUA BARAT,0,0,0,0,2,0,0,2
2020-04-07,PAPUA BARAT,0,0,0,0,2,0,0,2
2020-04-08,PAPUA BARAT,0,0,0,0,2,0,0,2
2020-04-09,PAPUA BARAT,0,0,0,0,2,0,0,2
2020-04-10,PAPUA BARAT,0,0,0,0,2,0,0,2
2020-04-11,PAPUA BARAT,0,0,0,0,2,0,0,2
2020-04-12,PAPUA BARAT,0,0,0,0,2,0,0,2
2020-04-13,PAPUA BARAT,0,0,0,0,2,0,0,2
2020-04-14,PAPUA BARAT,0,0,0,0,2,0,0,2
2020-04-15,PAPUA BARAT,0,0,0,0,2,0,0,2
2020-04-16,PAPUA BARAT,3,0,0,3,5,0,0,5
2020-04-17,PAPUA BARAT,0,0,0,0,5,0,0,5
2020-04-18,PAPUA BARAT,0,0,0,0,5,0,0,5
2020-04-19,PAPUA BARAT,2,0,0,2,7,0,0,7
2020-04-20,PAPUA BARAT,0,0,0,0,7,0,0,7
2020-04-21,PAPUA BARAT,0,0,0,0,7,0,0,7
2020-04-22,PAPUA BARAT,1,0,0,1,8,0,0,8
2020-04-23,PAPUA BARAT,5,0,0,5,13,0,0,13
2020-04-24,PAPUA BARAT,2,0,0,2,15,0,0,15
2020-04-25,PAPUA BARAT,1,0,0,1,16,0,0,16
2020-04-26,PAPUA BARAT,0,0,0,0,16,0,0,16
2020-04-27,PAPUA BARAT,0,0,0,0,16,0,0,16
2020-04-28,PAPUA BARAT,21,0,0,21,37,0,0,37
2020-04-29,PAPUA BARAT,0,0,0,0,37,0,0,37
2020-04-30,PAPUA BARAT,0,0,0,0,37,0,0,37
2020-05-01,PAPUA BARAT,5,0,0,5,42,0,0,42
2020-05-02,PAPUA BARAT,1,0,0,1,43,0,0,43
2020-05-03,PAPUA BARAT,0,0,0,0,43,0,0,43
2020-05-04,PAPUA BARAT,0,0,0,0,43,0,0,43
2020-05-05,PAPUA BARAT,6,0,0,6,49,0,0,49
2020-05-06,PAPUA BARAT,4,0,0,4,53,0,0,53
2020-05-07,PAPUA BARAT,0,0,0,0,53,0,0,53
2020-05-08,PAPUA BARAT,0,0,0,0,53,0,0,53
2020-05-09,PAPUA BARAT,0,0,0,0,53,0,0,53
2020-05-10,PAPUA BARAT,17,0,2,15,70,2,0,68
2020-05-11,PAPUA BARAT,0,0,0,0,70,2,0,68
2020-05-12,PAPUA BARAT,0,0,0,0,70,2,0,68
2020-05-13,PAPUA BARAT,0,0,0,0,70,2,0,68
2020-05-14,PAPUA BARAT,18,0,0,18,88,2,0,86
2020-05-15,PAPUA BARAT,0,0,0,0,88,2,0,86
2020-05-16,PAPUA BARAT,14,0,3,11,102,5,0,97
2020-05-17,PAPUA BARAT,3,0,0,3,105,5,0,100
2020-05-18,PAPUA BARAT,0,0,0,0,105,5,0,100
2020-05-19,PAPUA BARAT,0,0,0,0,105,5,0,100
2020-05-20,PAPUA BARAT,1,0,1,0,106,6,0,100
2020-05-21,PAPUA BARAT,3,0,1,2,109,7,0,102
2020-05-22,PAPUA BARAT,10,0,4,6,119,11,0,108
2020-05-23,PAPUA BARAT,10,1,8,1,129,19,1,109
2020-05-24,PAPUA BARAT,1,0,0,1,130,19,1,110
2020-05-25,PAPUA BARAT,0,0,3,-3,130,22,1,107
2020-05-26,PAPUA BARAT,2,0,13,-11,132,35,1,96
2020-05-27,PAPUA BARAT,0,0,1,-1,132,36,1,95
2020-05-28,PAPUA BARAT,20,0,2,18,152,38,1,113
2020-05-29,PAPUA BARAT,6,0,4,2,158,42,1,115
2020-05-30,PAPUA BARAT,4,0,7,-3,162,49,1,112
2020-05-31,PAPUA BARAT,6,0,6,0,168,55,1,112
2020-06-01,PAPUA BARAT,0,0,0,0,168,55,1,112
2020-06-02,PAPUA BARAT,4,0,0,4,172,55,1,116
2020-06-03,PAPUA BARAT,0,0,0,0,172,55,1,116
2020-06-04,PAPUA BARAT,1,0,2,-1,173,57,1,115
2020-06-05,PAPUA BARAT,2,0,17,-15,175,74,1,100
2020-06-06,PAPUA BARAT,3,0,0,3,178,74,1,103
2020-06-07,PAPUA BARAT,1,0,0,1,179,74,1,104
2020-06-08,PAPUA BARAT,0,0,0,0,179,74,1,104
2020-06-09,PAPUA BARAT,4,0,1,3,183,75,1,107
2020-06-10,PAPUA BARAT,8,0,9,-1,191,84,1,106
2020-06-11,PAPUA BARAT,4,0,1,3,195,85,1,109
2020-06-12,PAPUA BARAT,5,0,1,4,200,86,1,113
2020-06-13,PAPUA BARAT,5,1,0,4,205,86,2,117
2020-06-14,PAPUA BARAT,3,0,1,2,208,87,2,119
2020-06-15,PAPUA BARAT,1,0,0,1,209,87,2,120
2020-06-16,PAPUA BARAT,3,0,7,-4,212,94,2,116
2020-06-17,PAPUA BARAT,2,0,2,0,214,96,2,116
2020-06-18,PAPUA BARAT,5,0,22,-17,219,118,2,99
2020-06-19,PAPUA BARAT,3,0,8,-5,222,126,2,94
2020-06-20,PAPUA BARAT,0,0,2,-2,222,128,2,92
2020-06-21,PAPUA BARAT,2,0,0,2,224,128,2,94
2020-06-22,PAPUA BARAT,0,0,0,0,224,128,2,94
2020-06-23,PAPUA BARAT,0,0,1,-1,224,129,2,93
2020-06-24,PAPUA BARAT,1,0,16,-15,225,145,2,78
2020-06-25,PAPUA BARAT,8,0,4,4,233,149,2,82
2020-06-26,PAPUA BARAT,0,0,1,-1,233,150,2,81
2020-06-27,PAPUA BARAT,1,0,2,-1,234,152,2,80
2020-06-28,PAPUA BARAT,2,0,0,2,236,152,2,82
2020-06-29,PAPUA BARAT,1,1,1,-1,237,153,3,81
2020-06-30,PAPUA BARAT,2,0,0,2,239,153,3,83
2020-07-01,PAPUA BARAT,3,0,12,-9,242,165,3,74
2020-07-02,PAPUA BARAT,2,0,5,-3,244,170,3,71
2020-07-03,PAPUA BARAT,5,0,0,5,249,170,3,76
2020-07-04,PAPUA BARAT,4,0,1,3,253,171,3,79
2020-07-05,PAPUA BARAT,2,0,6,-4,255,177,3,75
2020-07-06,PAPUA BARAT,10,0,7,3,265,184,3,78
2020-07-07,PAPUA BARAT,1,0,1,0,266,185,3,78
2020-07-08,PAPUA BARAT,0,0,1,-1,266,186,3,77
2020-07-09,PAPUA BARAT,6,0,0,6,272,186,3,83
2020-07-10,PAPUA BARAT,4,0,1,3,276,187,3,86
2020-07-11,PAPUA BARAT,6,0,1,5,282,188,3,91
2020-07-12,PAPUA BARAT,4,0,5,-1,286,193,3,90
2020-07-13,PAPUA BARAT,0,0,3,-3,286,196,3,87
2020-07-14,PAPUA BARAT,6,0,2,4,292,198,3,91
2020-07-15,PAPUA BARAT,0,0,4,-4,292,202,3,87
2020-07-16,PAPUA BARAT,4,0,0,4,296,202,3,91
2020-07-17,PAPUA BARAT,5,0,1,4,301,203,3,95
2020-07-18,PAPUA BARAT,38,1,2,35,339,205,4,130
2020-07-19,PAPUA BARAT,2,0,4,-2,341,209,4,128
2020-07-20,PAPUA BARAT,27,0,3,24,368,212,4,152
2020-07-21,PAPUA BARAT,3,0,1,2,371,213,4,154
2020-07-22,PAPUA BARAT,5,0,3,2,376,216,4,156
2020-07-23,PAPUA BARAT,10,0,14,-4,386,230,4,152
2020-07-24,PAPUA BARAT,1,0,2,-1,387,232,4,151
2020-07-25,PAPUA BARAT,1,0,0,1,388,232,4,152
2020-07-26,PAPUA BARAT,4,0,0,4,392,232,4,156
2020-07-27,PAPUA BARAT,4,0,2,2,396,234,4,158
2020-07-28,PAPUA BARAT,1,0,29,-28,397,263,4,130
2020-07-29,PAPUA BARAT,16,0,2,14,413,265,4,144
2020-07-30,PAPUA BARAT,17,1,27,-11,430,292,5,133
2020-07-31,PAPUA BARAT,3,0,0,3,433,292,5,136
2020-08-01,PAPUA BARAT,18,0,0,18,451,292,5,154
2020-08-02,PAPUA BARAT,9,0,3,6,460,295,5,160
2020-08-03,PAPUA BARAT,0,0,0,0,460,295,5,160
2020-08-04,PAPUA BARAT,11,0,9,2,471,304,5,162
2020-08-05,PAPUA BARAT,10,0,2,8,481,306,5,170
2020-08-06,PAPUA BARAT,11,0,39,-28,492,345,5,142
2020-08-07,PAPUA BARAT,44,0,5,39,536,350,5,181
2020-08-08,PAPUA BARAT,15,0,12,3,551,362,5,184
2020-08-09,PAPUA BARAT,1,0,0,1,552,362,5,185
2020-08-10,PAPUA BARAT,5,0,23,-18,557,385,5,167
2020-08-11,PAPUA BARAT,1,0,6,-5,558,391,5,162
2020-08-12,PAPUA BARAT,13,1,8,4,571,399,6,166
2020-08-13,PAPUA BARAT,24,0,19,5,595,418,6,171
2020-08-14,PAPUA BARAT,0,0,19,-19,595,437,6,152
2020-08-15,PAPUA BARAT,6,0,2,4,601,439,6,156
2020-08-16,PAPUA BARAT,4,0,11,-7,605,450,6,149
2020-08-17,PAPUA BARAT,2,0,1,1,607,451,6,150
2020-08-18,PAPUA BARAT,13,0,34,-21,620,485,6,129
2020-08-19,PAPUA BARAT,14,0,25,-11,634,510,6,118
2020-08-20,PAPUA BARAT,6,0,1,5,640,511,6,123
2020-08-21,PAPUA BARAT,3,0,1,2,643,512,6,125
2020-08-22,PAPUA BARAT,4,0,6,-2,647,518,6,123
2020-08-23,PAPUA BARAT,2,1,0,1,649,518,7,124
2020-08-24,PAPUA BARAT,10,1,6,3,659,524,8,127
2020-08-25,PAPUA BARAT,0,0,0,0,659,524,8,127
2020-08-26,PAPUA BARAT,52,2,22,28,711,546,10,155
2020-08-27,PAPUA BARAT,9,1,9,-1,720,555,11,154
2020-08-28,PAPUA BARAT,6,0,7,-1,726,562,11,153
2020-08-29,PAPUA BARAT,20,1,0,19,746,562,12,172
2020-08-30,PAPUA BARAT,6,0,1,5,752,563,12,177
2020-08-31,PAPUA BARAT,55,0,6,49,807,569,12,226
2020-09-01,PAPUA BARAT,24,2,23,-1,831,592,14,225
2020-09-02,PAPUA BARAT,5,0,6,-1,836,598,14,224
2020-09-03,PAPUA BARAT,25,0,1,24,861,599,14,248
2020-09-04,PAPUA BARAT,27,0,5,22,888,604,14,270
2020-09-05,PAPUA BARAT,7,0,16,-9,895,620,14,261
2020-09-06,PAPUA BARAT,13,2,2,9,908,622,16,270
2020-09-07,PAPUA BARAT,32,0,8,24,940,630,16,294
2020-09-08,PAPUA BARAT,1,0,3,-2,941,633,16,292
2020-09-09,PAPUA BARAT,18,0,12,6,959,645,16,298
2020-09-10,PAPUA BARAT,11,0,4,7,970,649,16,305
2020-09-11,PAPUA BARAT,49,2,17,30,1019,666,18,335
2020-09-12,PAPUA BARAT,67,1,5,61,1086,671,19,396
2020-09-13,PAPUA BARAT,0,0,0,0,1086,671,19,396
2020-09-14,PAPUA BARAT,99,4,19,76,1185,690,23,472
2020-09-15,PAPUA BARAT,51,0,12,39,1236,702,23,511
2020-09-16,PAPUA BARAT,42,0,22,20,1278,724,23,531
2020-09-17,PAPUA BARAT,55,1,7,47,1333,731,24,578
2020-09-18,PAPUA BARAT,54,1,122,-69,1387,853,25,509
2020-09-19,PAPUA BARAT,48,0,0,48,1435,853,25,557
2020-09-20,PAPUA BARAT,60,0,50,10,1495,903,25,567
2020-09-21,PAPUA BARAT,21,0,13,8,1516,916,25,575
2020-09-22,PAPUA BARAT,70,0,3,67,1586,919,25,642
2020-09-23,PAPUA BARAT,87,0,19,68,1673,938,25,710
2020-09-24,PAPUA BARAT,0,0,0,0,1673,938,25,710
2020-09-25,PAPUA BARAT,146,3,101,42,1819,1039,28,752
2020-09-26,PAPUA BARAT,131,0,17,114,1950,1056,28,866
2020-09-27,PAPUA BARAT,39,0,17,22,1989,1073,28,888
2020-09-28,PAPUA BARAT,64,2,39,23,2053,1112,30,911
2020-09-29,PAPUA BARAT,34,3,15,16,2087,1127,33,927
2020-09-30,PAPUA BARAT,47,1,27,19,2134,1154,34,946
2020-10-01,PAPUA BARAT,31,0,11,20,2165,1165,34,966
2020-10-02,PAPUA BARAT,47,0,0,47,2212,1165,34,1013
2020-10-03,PAPUA BARAT,46,1,3,42,2258,1168,35,1055
2020-10-04,PAPUA BARAT,87,0,91,-4,2345,1259,35,1051
2020-10-05,PAPUA BARAT,16,0,20,-4,2361,1279,35,1047
2020-10-06,PAPUA BARAT,114,0,67,47,2475,1346,35,1094
2020-10-07,PAPUA BARAT,68,3,41,24,2543,1387,38,1118
2020-10-08,PAPUA BARAT,210,0,7,203,2753,1394,38,1321
2020-10-09,PAPUA BARAT,101,0,87,14,2854,1481,38,1335
2020-10-10,PAPUA BARAT,38,1,19,18,2892,1500,39,1353
2020-10-11,PAPUA BARAT,125,0,61,64,3017,1561,39,1417
2020-10-12,PAPUA BARAT,21,1,35,-15,3038,1596,40,1402
2020-10-13,PAPUA BARAT,43,1,733,-691,3081,2329,41,711
2020-10-14,PAPUA BARAT,0,0,0,0,3081,2329,41,711
2020-10-15,PAPUA BARAT,154,3,64,87,3235,2393,44,798
2020-10-16,PAPUA BARAT,118,0,51,67,3353,2444,44,865
2020-10-17,PAPUA BARAT,112,1,59,52,3465,2503,45,917
2020-10-18,PAPUA BARAT,161,1,32,128,3626,2535,46,1045
2020-10-19,PAPUA BARAT,10,2,7,1,3636,2542,48,1046
2020-10-20,PAPUA BARAT,17,2,103,-88,3653,2645,50,958
2020-10-21,PAPUA BARAT,35,6,46,-17,3688,2691,56,941
2020-10-22,PAPUA BARAT,73,0,16,57,3761,2707,56,998
2020-10-23,PAPUA BARAT,97,2,38,57,3858,2745,58,1055
2020-10-24,PAPUA BARAT,21,2,90,-71,3879,2835,60,984
2020-10-25,PAPUA BARAT,6,0,240,-234,3885,3075,60,750
2020-10-26,PAPUA BARAT,6,2,18,-14,3891,3093,62,736
2020-10-27,PAPUA BARAT,83,0,268,-185,3974,3361,62,551
2020-10-28,PAPUA BARAT,106,2,118,-14,4080,3479,64,537
2020-10-29,PAPUA BARAT,8,0,16,-8,4088,3495,64,529
2020-10-30,PAPUA BARAT,48,0,0,48,4136,3495,64,577
2020-10-31,PAPUA BARAT,13,0,108,-95,4149,3603,64,482
2020-11-01,PAPUA BARAT,40,1,55,-16,4189,3658,65,466
2020-11-02,PAPUA BARAT,0,0,0,0,4189,3658,65,466
2020-11-03,PAPUA BARAT,91,0,26,65,4280,3684,65,531
2020-11-04,PAPUA BARAT,18,2,11,5,4298,3695,67,536
2020-11-05,PAPUA BARAT,31,1,9,21,4329,3704,68,557
2020-11-06,PAPUA BARAT,66,0,9,57,4395,3713,68,614
2020-11-07,PAPUA BARAT,54,0,12,42,4449,3725,68,656
2020-11-08,PAPUA BARAT,52,0,150,-98,4501,3875,68,558
2020-11-09,PAPUA BARAT,8,2,7,-1,4509,3882,70,557
2020-11-10,PAPUA BARAT,23,0,2,21,4532,3884,70,578
2020-11-11,PAPUA BARAT,72,0,36,36,4604,3920,70,614
2020-11-12,PAPUA BARAT,11,0,19,-8,4615,3939,70,606
2020-11-13,PAPUA BARAT,25,0,13,12,4640,3952,70,618
2020-11-14,PAPUA BARAT,31,0,20,11,4671,3972,70,629
2020-11-15,PAPUA BARAT,0,0,114,-114,4671,4086,70,515
2020-11-16,PAPUA BARAT,0,1,15,-16,4671,4101,71,499
2020-11-17,PAPUA BARAT,1,0,15,-14,4672,4116,71,485
2020-11-18,PAPUA BARAT,75,0,91,-16,4747,4207,71,469
2020-11-19,PAPUA BARAT,36,4,53,-21,4783,4260,75,448
2020-11-20,PAPUA BARAT,69,0,3,66,4852,4263,75,514
2020-11-21,PAPUA BARAT,71,3,36,32,4923,4299,78,546
2020-11-22,PAPUA BARAT,46,1,53,-8,4969,4352,79,538
2020-11-23,PAPUA BARAT,31,1,59,-29,5000,4411,80,509
2020-11-24,PAPUA BARAT,76,1,27,48,5076,4438,81,557
2020-11-25,PAPUA BARAT,79,0,24,55,5155,4462,81,612
2020-11-26,PAPUA BARAT,49,0,38,11,5204,4500,81,623
2020-11-27,PAPUA BARAT,14,0,16,-2,5218,4516,81,621
2020-11-28,PAPUA BARAT,35,2,14,19,5253,4530,83,640
2020-11-29,PAPUA BARAT,4,2,1,1,5257,4531,85,641
2020-11-30,PAPUA BARAT,19,1,14,4,5276,4545,86,645
2020-12-01,PAPUA BARAT,76,1,41,34,5352,4586,87,679
2020-12-02,PAPUA BARAT,19,0,39,-20,5371,4625,87,659
2020-12-03,PAPUA BARAT,6,0,42,-36,5377,4667,87,623
2020-12-04,PAPUA BARAT,20,0,28,-8,5397,4695,87,615
2020-12-05,PAPUA BARAT,19,0,30,-11,5416,4725,87,604
2020-12-06,PAPUA BARAT,2,0,45,-43,5418,4770,87,561
2020-12-07,PAPUA BARAT,7,1,3,3,5425,4773,88,564
2020-12-08,PAPUA BARAT,9,3,38,-32,5434,4811,91,532
2020-12-09,PAPUA BARAT,56,1,50,5,5490,4861,92,537
2020-12-10,PAPUA BARAT,31,1,66,-36,5521,4927,93,501
2020-12-11,PAPUA BARAT,11,0,45,-34,5532,4972,93,467
2020-12-12,PAPUA BARAT,37,0,50,-13,5569,5022,93,454
2020-12-13,PAPUA BARAT,41,0,20,21,5610,5042,93,475
2020-12-14,PAPUA BARAT,6,1,35,-30,5616,5077,94,445
2020-12-15,PAPUA BARAT,11,3,10,-2,5627,5087,97,443
2020-12-16,PAPUA BARAT,14,0,29,-15,5641,5116,97,428
2020-12-17,PAPUA BARAT,15,0,14,1,5656,5130,97,429
2020-12-18,PAPUA BARAT,43,0,16,27,5699,5146,97,456
2020-12-19,PAPUA BARAT,38,0,40,-2,5737,5186,97,454
2020-12-20,PAPUA BARAT,11,0,28,-17,5748,5214,97,437
2020-12-21,PAPUA BARAT,43,0,22,21,5791,5236,97,458
2020-12-22,PAPUA BARAT,8,0,10,-2,5799,5246,97,456
2020-12-23,PAPUA BARAT,31,1,12,18,5830,5258,98,474
2020-12-24,PAPUA BARAT,32,0,15,17,5862,5273,98,491
2020-12-25,PAPUA BARAT,42,0,7,35,5904,5280,98,526
2020-12-26,PAPUA BARAT,15,0,62,-47,5919,5342,98,479
2020-12-27,PAPUA BARAT,14,0,10,4,5933,5352,98,483
2020-12-28,PAPUA BARAT,3,0,17,-14,5936,5369,98,469
2020-12-29,PAPUA BARAT,5,0,19,-14,5941,5388,98,455
2020-12-30,PAPUA BARAT,5,0,29,-24,5946,5417,98,431
2020-12-31,PAPUA BARAT,33,0,32,1,5979,5449,98,432
2021-01-01,PAPUA BARAT,16,1,4,11,5995,5453,99,443
2021-01-02,PAPUA BARAT,17,1,33,-17,6012,5486,100,426
2021-01-03,PAPUA BARAT,15,0,52,-37,6027,5538,100,389
2021-01-04,PAPUA BARAT,11,0,37,-26,6038,5575,100,363
2021-01-05,PAPUA BARAT,31,0,24,7,6069,5599,100,370
2021-01-06,PAPUA BARAT,12,0,17,-5,6081,5616,100,365
2021-01-07,PAPUA BARAT,32,0,6,26,6113,5622,100,391
2021-01-08,PAPUA BARAT,25,1,37,-13,6138,5659,101,378
2021-01-09,PAPUA BARAT,23,1,4,18,6161,5663,102,396
2021-01-10,PAPUA BARAT,27,0,0,27,6188,5663,102,423
2021-01-11,PAPUA BARAT,26,0,20,6,6214,5683,102,429
2021-01-12,PAPUA BARAT,32,1,13,18,6246,5696,103,447
2021-01-13,PAPUA BARAT,24,1,14,9,6270,5710,104,456
2021-01-14,PAPUA BARAT,14,0,5,9,6284,5715,104,465
2021-01-15,PAPUA BARAT,20,0,12,8,6304,5727,104,473
2021-01-16,PAPUA BARAT,57,0,7,50,6361,5734,104,523
2021-01-17,PAPUA BARAT,12,0,23,-11,6373,5757,104,512
2021-01-18,PAPUA BARAT,21,1,11,9,6394,5768,105,521
2021-01-19,PAPUA BARAT,12,0,10,2,6406,5778,105,523
2021-01-20,PAPUA BARAT,8,0,6,2,6414,5784,105,525
2021-01-21,PAPUA BARAT,48,1,32,15,6462,5816,106,540
2021-01-22,PAPUA BARAT,24,0,13,11,6486,5829,106,551
2021-01-23,PAPUA BARAT,22,0,26,-4,6508,5855,106,547
2021-01-24,PAPUA BARAT,25,0,10,15,6533,5865,106,562
2021-01-25,PAPUA BARAT,31,0,22,9,6564,5887,106,571
2021-01-26,PAPUA BARAT,20,0,29,-9,6584,5916,106,562
2021-01-27,PAPUA BARAT,32,1,19,12,6616,5935,107,574
2021-01-28,PAPUA BARAT,22,0,14,8,6638,5949,107,582
2021-01-29,PAPUA BARAT,32,1,27,4,6670,5976,108,586
2021-01-30,PAPUA BARAT,36,0,23,13,6706,5999,108,599
2021-01-31,PAPUA BARAT,21,2,31,-12,6727,6030,110,587
2021-02-01,PAPUA BARAT,4,0,32,-28,6731,6062,110,559
2021-02-02,PAPUA BARAT,25,0,29,-4,6756,6091,110,555
2021-02-03,PAPUA BARAT,36,0,37,-1,6792,6128,110,554
2021-02-04,PAPUA BARAT,5,0,39,-34,6797,6167,110,520
2021-02-05,PAPUA BARAT,13,0,22,-9,6810,6189,110,511
2021-02-06,PAPUA BARAT,14,0,20,-6,6824,6209,110,505
2021-02-07,PAPUA BARAT,13,0,11,2,6837,6220,110,507
2021-02-08,PAPUA BARAT,30,0,33,-3,6867,6253,110,504
2021-02-09,PAPUA BARAT,28,0,32,-4,6895,6285,110,500
2021-02-10,PAPUA BARAT,23,0,25,-2,6918,6310,110,498
2021-02-11,PAPUA BARAT,16,1,16,-1,6934,6326,111,497
2021-02-12,PAPUA BARAT,35,0,23,12,6969,6349,111,509
2021-02-13,PAPUA BARAT,8,0,36,-28,6977,6385,111,481
2021-02-14,PAPUA BARAT,24,7,15,2,7001,6400,118,483
2021-02-15,PAPUA BARAT,27,0,7,20,7028,6407,118,503
2021-02-16,PAPUA BARAT,8,0,0,8,7036,6407,118,511
2021-02-17,PAPUA BARAT,48,0,7,41,7084,6414,118,552
2021-02-18,PAPUA BARAT,25,1,29,-5,7109,6443,119,547
2021-02-19,PAPUA BARAT,14,0,8,6,7123,6451,119,553
2021-02-20,PAPUA BARAT,28,2,130,-104,7151,6581,121,449
2021-02-21,PAPUA BARAT,21,0,20,1,7172,6601,121,450
2021-02-22,PAPUA BARAT,31,0,25,6,7203,6626,121,456
2021-02-23,PAPUA BARAT,32,2,19,11,7235,6645,123,467
2021-02-24,PAPUA BARAT,52,0,34,18,7287,6679,123,485
2021-02-25,PAPUA BARAT,33,1,32,0,7320,6711,124,485
2021-02-26,PAPUA BARAT,37,0,43,-6,7357,6754,124,479
2021-02-27,PAPUA BARAT,33,0,29,4,7390,6783,124,483
2021-02-28,PAPUA BARAT,33,1,28,4,7423,6811,125,487
2021-03-01,PAPUA BARAT,18,0,11,7,7441,6822,125,494
2021-03-02,PAPUA BARAT,29,0,28,1,7470,6850,125,495
2021-03-03,PAPUA BARAT,47,0,29,18,7517,6879,125,513
2021-03-04,PAPUA BARAT,27,0,37,-10,7544,6916,125,503
2021-03-05,PAPUA BARAT,27,0,14,13,7571,6930,125,516
2021-03-06,PAPUA BARAT,44,0,29,15,7615,6959,125,531
2021-03-07,PAPUA BARAT,15,0,43,-28,7630,7002,125,503
2021-03-08,PAPUA BARAT,12,1,14,-3,7642,7016,126,500
2021-03-09,PAPUA BARAT,57,0,43,14,7699,7059,126,514
2021-03-10,PAPUA BARAT,30,0,17,13,7729,7076,126,527
2021-03-11,PAPUA BARAT,37,0,18,19,7766,7094,126,546
2021-03-12,PAPUA BARAT,28,0,41,-13,7794,7135,126,533
2021-03-13,PAPUA BARAT,45,0,20,25,7839,7155,126,558
2021-03-14,PAPUA BARAT,37,0,27,10,7876,7182,126,568
2021-03-15,PAPUA BARAT,8,0,29,-21,7884,7211,126,547
2021-03-16,PAPUA BARAT,27,1,23,3,7911,7234,127,550
2021-03-17,PAPUA BARAT,43,1,22,20,7954,7256,128,570
2021-03-18,PAPUA BARAT,37,1,40,-4,7991,7296,129,566
2021-03-19,PAPUA BARAT,25,0,29,-4,8016,7325,129,562
2021-03-20,PAPUA BARAT,42,1,41,0,8058,7366,130,562
2021-03-21,PAPUA BARAT,37,0,38,-1,8095,7404,130,561
2021-03-22,PAPUA BARAT,15,0,41,-26,8110,7445,130,535
2021-03-23,PAPUA BARAT,24,0,24,0,8134,7469,130,535
2021-03-24,PAPUA BARAT,15,1,30,-16,8149,7499,131,519
2021-03-25,PAPUA BARAT,22,0,49,-27,8171,7548,131,492
2021-03-26,PAPUA BARAT,18,0,55,-37,8189,7603,131,455
2021-03-27,PAPUA BARAT,44,0,36,8,8233,7639,131,463
2021-03-28,PAPUA BARAT,31,0,40,-9,8264,7679,131,454
2021-03-29,PAPUA BARAT,11,0,7,4,8275,7686,131,458
2021-03-30,PAPUA BARAT,15,0,19,-4,8290,7705,131,454
2021-03-31,PAPUA BARAT,19,1,24,-6,8309,7729,132,448
2021-04-01,PAPUA BARAT,23,0,28,-5,8332,7757,132,443
2021-04-02,PAPUA BARAT,30,0,26,4,8362,7783,132,447
2021-04-03,PAPUA BARAT,15,0,39,-24,8377,7822,132,423
2021-04-04,PAPUA BARAT,18,1,13,4,8395,7835,133,427
2021-04-05,PAPUA BARAT,11,0,33,-22,8406,7868,133,405
2021-04-06,PAPUA BARAT,20,2,15,3,8426,7883,135,408
2021-04-07,PAPUA BARAT,26,3,26,-3,8452,7909,138,405
2021-04-08,PAPUA BARAT,31,1,40,-10,8483,7949,139,395
2021-04-09,PAPUA BARAT,27,0,28,-1,8510,7977,139,394
2021-04-10,PAPUA BARAT,15,0,24,-9,8525,8001,139,385
2021-04-11,PAPUA BARAT,10,0,9,1,8535,8010,139,386
2021-04-12,PAPUA BARAT,8,0,10,-2,8543,8020,139,384
2021-04-13,PAPUA BARAT,61,1,22,38,8604,8042,140,422
2021-04-14,PAPUA BARAT,30,0,24,6,8634,8066,140,428
2021-04-15,PAPUA BARAT,14,0,11,3,8648,8077,140,431
2021-04-16,PAPUA BARAT,28,0,31,-3,8676,8108,140,428
2021-04-17,PAPUA BARAT,27,0,50,-23,8703,8158,140,405
2021-04-18,PAPUA BARAT,17,1,37,-21,8720,8195,141,384
2021-04-19,PAPUA BARAT,8,1,19,-12,8728,8214,142,372
2021-04-20,PAPUA BARAT,13,0,26,-13,8741,8240,142,359
2021-04-21,PAPUA BARAT,12,0,10,2,8753,8250,142,361
2021-04-22,PAPUA BARAT,30,0,36,-6,8783,8286,142,355
2021-04-23,PAPUA BARAT,24,0,18,6,8807,8304,142,361
2021-04-24,PAPUA BARAT,20,0,24,-4,8827,8328,142,357
2021-04-25,PAPUA BARAT,3,2,18,-17,8830,8346,144,340
2021-04-26,PAPUA BARAT,11,0,15,-4,8841,8361,144,336
2021-04-27,PAPUA BARAT,38,1,22,15,8879,8383,145,351
2021-04-28,PAPUA BARAT,33,3,21,9,8912,8404,148,360
2021-04-29,PAPUA BARAT,21,0,73,-52,8933,8477,148,308
2021-04-30,PAPUA BARAT,9,2,37,-30,8942,8514,150,278
2021-05-01,PAPUA BARAT,32,0,32,0,8974,8546,150,278
2021-05-02,PAPUA BARAT,12,0,9,3,8986,8555,150,281
2021-05-03,PAPUA BARAT,1,2,27,-28,8987,8582,152,253
2021-05-04,PAPUA BARAT,21,0,6,15,9008,8588,152,268
2021-05-05,PAPUA BARAT,23,0,38,-15,9031,8626,152,253
2021-05-06,PAPUA BARAT,10,0,13,-3,9041,8639,152,250
2021-05-07,PAPUA BARAT,30,0,34,-4,9071,8673,152,246
2021-05-08,PAPUA BARAT,10,0,18,-8,9081,8691,152,238
2021-05-09,PAPUA BARAT,8,0,21,-13,9089,8712,152,225
2021-05-10,PAPUA BARAT,6,0,14,-8,9095,8726,152,217
2021-05-11,PAPUA BARAT,21,0,21,0,9116,8747,152,217
2021-05-12,PAPUA BARAT,23,0,6,17,9139,8753,152,234
2021-05-13,PAPUA BARAT,2,0,28,-26,9141,8781,152,208
2021-05-14,PAPUA BARAT,3,0,12,-9,9144,8793,152,199
2021-05-15,PAPUA BARAT,5,0,14,-9,9149,8807,152,190
2021-05-16,PAPUA BARAT,6,1,14,-9,9155,8821,153,181
2021-05-17,PAPUA BARAT,1,1,18,-18,9156,8839,154,163
2021-05-18,PAPUA BARAT,20,3,44,-27,9176,8883,157,136
2021-05-19,PAPUA BARAT,6,1,13,-8,9182,8896,158,128
2021-05-20,PAPUA BARAT,6,0,0,6,9188,8896,158,134
2021-05-21,PAPUA BARAT,30,2,43,-15,9218,8939,160,119
2021-05-22,PAPUA BARAT,5,1,12,-8,9223,8951,161,111
2021-05-23,PAPUA BARAT,24,1,10,13,9247,8961,162,124
2021-05-24,PAPUA BARAT,2,2,17,-17,9249,8978,164,107
2021-05-25,PAPUA BARAT,2,0,12,-10,9251,8990,164,97
2021-05-26,PAPUA BARAT,14,2,4,8,9265,8994,166,105
2021-05-27,PAPUA BARAT,2,1,0,1,9267,8994,167,106
2021-05-28,PAPUA BARAT,19,2,5,12,9286,8999,169,118
2021-05-29,PAPUA BARAT,8,1,5,2,9294,9004,170,120
2021-05-30,PAPUA BARAT,2,0,9,-7,9296,9013,170,113
2021-05-31,PAPUA BARAT,20,0,3,17,9316,9016,170,130
2021-06-01,PAPUA BARAT,9,0,1,8,9325,9017,170,138
2021-06-02,PAPUA BARAT,5,2,16,-13,9330,9033,172,125
2021-06-03,PAPUA BARAT,16,0,21,-5,9346,9054,172,120
2021-06-04,PAPUA BARAT,11,0,13,-2,9357,9067,172,118
2021-06-05,PAPUA BARAT,7,0,9,-2,9364,9076,172,116
2021-06-06,PAPUA BARAT,33,0,22,11,9397,9098,172,127
2021-06-07,PAPUA BARAT,1,0,11,-10,9398,9109,172,117
2021-06-08,PAPUA BARAT,16,0,45,-29,9414,9154,172,88
2021-06-09,PAPUA BARAT,6,0,4,2,9420,9158,172,90
2021-06-10,PAPUA BARAT,2,1,20,-19,9422,9178,173,71
2021-06-11,PAPUA BARAT,15,1,12,2,9437,9190,174,73
2021-06-12,PAPUA BARAT,13,0,7,6,9450,9197,174,79
2021-06-13,PAPUA BARAT,14,0,7,7,9464,9204,174,86
2021-06-14,PAPUA BARAT,10,0,5,5,9474,9209,174,91
2021-06-15,PAPUA BARAT,15,0,13,2,9489,9222,174,93
2021-06-16,PAPUA BARAT,30,0,9,21,9519,9231,174,114
2021-06-17,PAPUA BARAT,44,1,24,19,9563,9255,175,133
2021-06-18,PAPUA BARAT,41,1,2,38,9604,9257,176,171
2021-06-19,PAPUA BARAT,33,1,3,29,9637,9260,177,200
2021-06-20,PAPUA BARAT,58,0,7,51,9695,9267,177,251
2021-06-21,PAPUA BARAT,6,0,3,3,9701,9270,177,254
2021-06-22,PAPUA BARAT,24,0,15,9,9725,9285,177,263
2021-06-23,PAPUA BARAT,87,0,8,79,9812,9293,177,342
2021-06-24,PAPUA BARAT,124,0,27,97,9936,9320,177,439
2021-06-25,PAPUA BARAT,85,2,9,74,10021,9329,179,513
2021-06-26,PAPUA BARAT,148,2,10,136,10169,9339,181,649
2021-06-27,PAPUA BARAT,151,1,22,128,10320,9361,182,777
2021-06-28,PAPUA BARAT,120,1,15,104,10440,9376,183,881
2021-06-29,PAPUA BARAT,137,0,38,99,10577,9414,183,980
2021-06-30,PAPUA BARAT,162,1,38,123,10739,9452,184,1103
2021-07-01,PAPUA BARAT,151,2,22,127,10890,9474,186,1230
2021-07-02,PAPUA BARAT,301,2,33,266,11191,9507,188,1496
2021-07-03,PAPUA BARAT,206,0,4,202,11397,9511,188,1698
2021-07-04,PAPUA BARAT,276,0,27,249,11673,9538,188,1947
2021-07-05,PAPUA BARAT,339,0,43,296,12012,9581,188,2243
2021-07-06,PAPUA BARAT,258,1,51,206,12270,9632,189,2449
2021-07-07,PAPUA BARAT,287,1,48,238,12557,9680,190,2687
2021-07-08,PAPUA BARAT,317,3,86,228,12874,9766,193,2915
2021-07-09,PAPUA BARAT,213,4,54,155,13087,9820,197,3070
2021-07-10,PAPUA BARAT,190,2,62,126,13277,9882,199,3196
2021-07-11,PAPUA BARAT,199,0,86,113,13476,9968,199,3309
2021-07-12,PAPUA BARAT,151,7,119,25,13627,10087,206,3334
2021-07-13,PAPUA BARAT,270,8,95,167,13897,10182,214,3501
2021-07-14,PAPUA BARAT,602,3,192,407,14499,10374,217,3908
2021-07-15,PAPUA BARAT,350,3,359,-12,14849,10733,220,3896
2021-07-16,PAPUA BARAT,605,7,274,324,15454,11007,227,4220
2021-07-17,PAPUA BARAT,295,3,474,-182,15749,11481,230,4038
2021-07-18,PAPUA BARAT,156,3,147,6,15905,11628,233,4044
2021-07-19,PAPUA BARAT,70,3,136,-69,15975,11764,236,3975
2021-07-20,PAPUA BARAT,325,2,226,97,16300,11990,238,4072
2021-07-21,PAPUA BARAT,235,0,277,-42,16535,12267,238,4030
2021-07-22,PAPUA BARAT,153,5,170,-22,16688,12437,243,4008
2021-07-23,PAPUA BARAT,239,3,266,-30,16927,12703,246,3978
2021-07-24,PAPUA BARAT,125,2,230,-107,17052,12933,248,3871
2021-07-25,PAPUA BARAT,275,13,528,-266,17327,13461,261,3605
2021-07-26,PAPUA BARAT,73,7,326,-260,17400,13787,268,3345
2021-07-27,PAPUA BARAT,186,3,444,-261,17586,14231,271,3084
2021-07-28,PAPUA BARAT,116,0,231,-115,17702,14462,271,2969
2021-07-29,PAPUA BARAT,328,5,482,-159,18030,14944,276,2810
2021-07-30,PAPUA BARAT,184,6,337,-159,18214,15281,282,2651
2021-07-31,PAPUA BARAT,328,1,144,183,18542,15425,283,2834
2021-08-01,PAPUA BARAT,243,3,93,147,18785,15518,286,2981
2021-08-02,PAPUA BARAT,118,3,517,-402,18903,16035,289,2579
2021-08-03,PAPUA BARAT,209,2,142,65,19112,16177,291,2644
2021-08-04,PAPUA BARAT,157,0,167,-10,19269,16344,291,2634
2021-08-05,PAPUA BARAT,270,1,191,78,19539,16535,292,2712
2021-08-06,PAPUA BARAT,71,1,309,-239,19610,16844,293,2473
2021-08-07,PAPUA BARAT,140,4,159,-23,19750,17003,297,2450
2021-08-08,PAPUA BARAT,68,0,208,-140,19818,17211,297,2310
2021-08-09,PAPUA BARAT,408,2,250,156,20226,17461,299,2466
2021-08-10,PAPUA BARAT,418,3,333,82,20644,17794,302,2548
2021-08-11,PAPUA BARAT,341,4,502,-165,20985,18296,306,2383
2021-08-12,PAPUA BARAT,227,4,284,-61,21212,18580,310,2322
2021-08-13,PAPUA BARAT,139,0,120,19,21351,18700,310,2341
2021-08-14,PAPUA BARAT,99,3,149,-53,21450,18849,313,2288
2021-08-15,PAPUA BARAT,68,4,278,-214,21518,19127,317,2074
2021-08-16,PAPUA BARAT,26,1,116,-91,21544,19243,318,1983
2021-08-17,PAPUA BARAT,42,4,142,-104,21586,19385,322,1879
2021-08-18,PAPUA BARAT,85,3,192,-110,21671,19577,325,1769
2020-03-28,SULAWESI BARAT,1,0,0,1,1,0,0,1
2020-03-29,SULAWESI BARAT,0,0,0,0,1,0,0,1
2020-03-30,SULAWESI BARAT,0,0,0,0,1,0,0,1
2020-03-31,SULAWESI BARAT,0,0,0,0,1,0,0,1
2020-04-01,SULAWESI BARAT,0,0,0,0,1,0,0,1
2020-04-02,SULAWESI BARAT,0,0,0,0,1,0,0,1
2020-04-03,SULAWESI BARAT,1,0,0,1,2,0,0,2
2020-04-04,SULAWESI BARAT,0,0,0,0,2,0,0,2
2020-04-05,SULAWESI BARAT,0,0,0,0,2,0,0,2
2020-04-06,SULAWESI BARAT,0,0,0,0,2,0,0,2
2020-04-07,SULAWESI BARAT,0,0,0,0,2,0,0,2
2020-04-08,SULAWESI BARAT,0,0,0,0,2,0,0,2
2020-04-09,SULAWESI BARAT,0,0,0,0,2,0,0,2
2020-04-10,SULAWESI BARAT,1,0,0,1,3,0,0,3
2020-04-11,SULAWESI BARAT,2,1,1,0,5,1,1,3
2020-04-12,SULAWESI BARAT,0,0,0,0,5,1,1,3
2020-04-13,SULAWESI BARAT,0,0,0,0,5,1,1,3
2020-04-14,SULAWESI BARAT,0,0,0,0,5,1,1,3
2020-04-15,SULAWESI BARAT,2,0,0,2,7,1,1,5
2020-04-16,SULAWESI BARAT,0,0,0,0,7,1,1,5
2020-04-17,SULAWESI BARAT,0,0,0,0,7,1,1,5
2020-04-18,SULAWESI BARAT,0,0,0,0,7,1,1,5
2020-04-19,SULAWESI BARAT,0,0,0,0,7,1,1,5
2020-04-20,SULAWESI BARAT,0,0,0,0,7,1,1,5
2020-04-21,SULAWESI BARAT,0,0,0,0,7,1,1,5
2020-04-22,SULAWESI BARAT,1,0,0,1,8,1,1,6
2020-04-23,SULAWESI BARAT,0,0,0,0,8,1,1,6
2020-04-24,SULAWESI BARAT,25,0,0,25,33,1,1,31
2020-04-25,SULAWESI BARAT,2,0,0,2,35,1,1,33
2020-04-26,SULAWESI BARAT,0,0,0,0,35,1,1,33
2020-04-27,SULAWESI BARAT,0,0,0,0,35,1,1,33
2020-04-28,SULAWESI BARAT,2,0,2,0,37,3,1,33
2020-04-29,SULAWESI BARAT,1,0,1,0,38,4,1,33
2020-04-30,SULAWESI BARAT,4,0,0,4,42,4,1,37
2020-05-01,SULAWESI BARAT,1,0,1,0,43,5,1,37
2020-05-02,SULAWESI BARAT,1,0,0,1,44,5,1,38
2020-05-03,SULAWESI BARAT,0,0,0,0,44,5,1,38
2020-05-04,SULAWESI BARAT,0,0,0,0,44,5,1,38
2020-05-05,SULAWESI BARAT,14,1,0,13,58,5,2,51
2020-05-06,SULAWESI BARAT,0,0,0,0,58,5,2,51
2020-05-07,SULAWESI BARAT,0,0,0,0,58,5,2,51
2020-05-08,SULAWESI BARAT,2,0,0,2,60,5,2,53
2020-05-09,SULAWESI BARAT,2,0,0,2,62,5,2,55
2020-05-10,SULAWESI BARAT,0,0,0,0,62,5,2,55
2020-05-11,SULAWESI BARAT,0,0,0,0,62,5,2,55
2020-05-12,SULAWESI BARAT,5,0,2,3,67,7,2,58
2020-05-13,SULAWESI BARAT,6,0,0,6,73,7,2,64
2020-05-14,SULAWESI BARAT,1,0,13,-12,74,20,2,52
2020-05-15,SULAWESI BARAT,0,0,2,-2,74,22,2,50
2020-05-16,SULAWESI BARAT,1,0,1,0,75,23,2,50
2020-05-17,SULAWESI BARAT,0,0,0,0,75,23,2,50
2020-05-18,SULAWESI BARAT,0,0,0,0,75,23,2,50
2020-05-19,SULAWESI BARAT,2,0,2,0,77,25,2,50
2020-05-20,SULAWESI BARAT,1,0,0,1,78,25,2,51
2020-05-21,SULAWESI BARAT,8,0,0,8,86,25,2,59
2020-05-22,SULAWESI BARAT,0,0,1,-1,86,26,2,58
2020-05-23,SULAWESI BARAT,0,0,1,-1,86,27,2,57
2020-05-24,SULAWESI BARAT,0,0,0,0,86,27,2,57
2020-05-25,SULAWESI BARAT,0,0,0,0,86,27,2,57
2020-05-26,SULAWESI BARAT,1,0,2,-1,87,29,2,56
2020-05-27,SULAWESI BARAT,1,0,3,-2,88,32,2,54
2020-05-28,SULAWESI BARAT,0,0,2,-2,88,34,2,52
2020-05-29,SULAWESI BARAT,0,0,0,0,88,34,2,52
2020-05-30,SULAWESI BARAT,0,0,0,0,88,34,2,52
2020-05-31,SULAWESI BARAT,4,0,7,-3,92,41,2,49
2020-06-01,SULAWESI BARAT,0,0,0,0,92,41,2,49
2020-06-02,SULAWESI BARAT,0,0,8,-8,92,49,2,41
2020-06-03,SULAWESI BARAT,0,0,0,0,92,49,2,41
2020-06-04,SULAWESI BARAT,0,0,0,0,92,49,2,41
2020-06-05,SULAWESI BARAT,0,0,1,-1,92,50,2,40
2020-06-06,SULAWESI BARAT,0,0,8,-8,92,58,2,32
2020-06-07,SULAWESI BARAT,2,0,3,-1,94,61,2,31
2020-06-08,SULAWESI BARAT,0,0,1,-1,94,62,2,30
2020-06-09,SULAWESI BARAT,0,0,1,-1,94,63,2,29
2020-06-10,SULAWESI BARAT,1,0,0,1,95,63,2,30
2020-06-11,SULAWESI BARAT,1,0,3,-2,96,66,2,28
2020-06-12,SULAWESI BARAT,1,0,0,1,97,66,2,29
2020-06-13,SULAWESI BARAT,0,0,4,-4,97,70,2,25
2020-06-14,SULAWESI BARAT,1,0,1,0,98,71,2,25
2020-06-15,SULAWESI BARAT,0,0,0,0,98,71,2,25
2020-06-16,SULAWESI BARAT,0,0,0,0,98,71,2,25
2020-06-17,SULAWESI BARAT,1,0,5,-4,99,76,2,21
2020-06-18,SULAWESI BARAT,5,0,0,5,104,76,2,26
2020-06-19,SULAWESI BARAT,0,0,1,-1,104,77,2,25
2020-06-20,SULAWESI BARAT,0,0,0,0,104,77,2,25
2020-06-21,SULAWESI BARAT,0,0,0,0,104,77,2,25
2020-06-22,SULAWESI BARAT,0,0,0,0,104,77,2,25
2020-06-23,SULAWESI BARAT,0,0,1,-1,104,78,2,24
2020-06-24,SULAWESI BARAT,1,0,0,1,105,78,2,25
2020-06-25,SULAWESI BARAT,1,0,1,0,106,79,2,25
2020-06-26,SULAWESI BARAT,3,0,0,3,109,79,2,28
2020-06-27,SULAWESI BARAT,4,0,4,0,113,83,2,28
2020-06-28,SULAWESI BARAT,1,0,0,1,114,83,2,29
2020-06-29,SULAWESI BARAT,0,0,0,0,114,83,2,29
2020-06-30,SULAWESI BARAT,1,0,1,0,115,84,2,29
2020-07-01,SULAWESI BARAT,2,0,0,2,117,84,2,31
2020-07-02,SULAWESI BARAT,2,0,1,1,119,85,2,32
2020-07-03,SULAWESI BARAT,1,0,0,1,120,85,2,33
2020-07-04,SULAWESI BARAT,4,0,0,4,124,85,2,37
2020-07-05,SULAWESI BARAT,0,0,0,0,124,85,2,37
2020-07-06,SULAWESI BARAT,0,0,4,-4,124,89,2,33
2020-07-07,SULAWESI BARAT,3,0,0,3,127,89,2,36
2020-07-08,SULAWESI BARAT,2,0,1,1,129,90,2,37
2020-07-09,SULAWESI BARAT,1,0,0,1,130,90,2,38
2020-07-10,SULAWESI BARAT,5,1,1,3,135,91,3,41
2020-07-11,SULAWESI BARAT,3,0,1,2,138,92,3,43
2020-07-12,SULAWESI BARAT,4,0,3,1,142,95,3,44
2020-07-13,SULAWESI BARAT,1,0,0,1,143,95,3,45
2020-07-14,SULAWESI BARAT,3,0,3,0,146,98,3,45
2020-07-15,SULAWESI BARAT,6,0,0,6,152,98,3,51
2020-07-16,SULAWESI BARAT,2,0,4,-2,154,102,3,49
2020-07-17,SULAWESI BARAT,0,0,1,-1,154,103,3,48
2020-07-18,SULAWESI BARAT,4,0,1,3,158,104,3,51
2020-07-19,SULAWESI BARAT,1,0,1,0,159,105,3,51
2020-07-20,SULAWESI BARAT,7,0,9,-2,166,114,3,49
2020-07-21,SULAWESI BARAT,1,0,0,1,167,114,3,50
2020-07-22,SULAWESI BARAT,2,0,0,2,169,114,3,52
2020-07-23,SULAWESI BARAT,2,0,3,-1,171,117,3,51
2020-07-24,SULAWESI BARAT,4,0,0,4,175,117,3,55
2020-07-25,SULAWESI BARAT,12,0,2,10,187,119,3,65
2020-07-26,SULAWESI BARAT,5,0,0,5,192,119,3,70
2020-07-27,SULAWESI BARAT,1,0,0,1,193,119,3,71
2020-07-28,SULAWESI BARAT,2,0,0,2,195,119,3,73
2020-07-29,SULAWESI BARAT,6,0,6,0,201,125,3,73
2020-07-30,SULAWESI BARAT,22,1,7,14,223,132,4,87
2020-07-31,SULAWESI BARAT,7,0,8,-1,230,140,4,86
2020-08-01,SULAWESI BARAT,2,0,0,2,232,140,4,88
2020-08-02,SULAWESI BARAT,6,0,4,2,238,144,4,90
2020-08-03,SULAWESI BARAT,1,1,3,-3,239,147,5,87
2020-08-04,SULAWESI BARAT,3,0,3,0,242,150,5,87
2020-08-05,SULAWESI BARAT,3,0,1,2,245,151,5,89
2020-08-06,SULAWESI BARAT,20,0,0,20,265,151,5,109
2020-08-07,SULAWESI BARAT,2,0,7,-5,267,158,5,104
2020-08-08,SULAWESI BARAT,8,0,7,1,275,165,5,105
2020-08-09,SULAWESI BARAT,0,0,7,-7,275,172,5,98
2020-08-10,SULAWESI BARAT,0,0,0,0,275,172,5,98
2020-08-11,SULAWESI BARAT,7,0,6,1,282,178,5,99
2020-08-12,SULAWESI BARAT,0,1,0,-1,282,178,6,98
2020-08-13,SULAWESI BARAT,5,1,9,-5,287,187,7,93
2020-08-14,SULAWESI BARAT,12,0,4,8,299,191,7,101
2020-08-15,SULAWESI BARAT,7,0,12,-5,306,203,7,96
2020-08-16,SULAWESI BARAT,1,0,8,-7,307,211,7,89
2020-08-17,SULAWESI BARAT,12,0,0,12,319,211,7,101
2020-08-18,SULAWESI BARAT,1,0,6,-5,320,217,7,96
2020-08-19,SULAWESI BARAT,2,0,1,1,322,218,7,97
2020-08-20,SULAWESI BARAT,1,0,9,-8,323,227,7,89
2020-08-21,SULAWESI BARAT,8,0,0,8,331,227,7,97
2020-08-22,SULAWESI BARAT,16,0,3,13,347,230,7,110
2020-08-23,SULAWESI BARAT,5,0,7,-2,352,237,7,108
2020-08-24,SULAWESI BARAT,1,0,0,1,353,237,7,109
2020-08-25,SULAWESI BARAT,7,0,3,4,360,240,7,113
2020-08-26,SULAWESI BARAT,2,0,4,-2,362,244,7,111
2020-08-27,SULAWESI BARAT,6,0,4,2,368,248,7,113
2020-08-28,SULAWESI BARAT,16,0,13,3,384,261,7,116
2020-08-29,SULAWESI BARAT,4,0,2,2,388,263,7,118
2020-08-30,SULAWESI BARAT,5,0,7,-2,393,270,7,116
2020-08-31,SULAWESI BARAT,2,0,0,2,395,270,7,118
2020-09-01,SULAWESI BARAT,1,0,7,-6,396,277,7,112
2020-09-02,SULAWESI BARAT,0,0,1,-1,396,278,7,111
2020-09-03,SULAWESI BARAT,6,0,2,4,402,280,7,115
2020-09-04,SULAWESI BARAT,0,0,3,-3,402,283,7,112
2020-09-05,SULAWESI BARAT,17,0,10,7,419,293,7,119
2020-09-06,SULAWESI BARAT,0,0,6,-6,419,299,7,113
2020-09-07,SULAWESI BARAT,0,0,3,-3,419,302,7,110
2020-09-08,SULAWESI BARAT,16,0,4,12,435,306,7,122
2020-09-09,SULAWESI BARAT,15,0,12,3,450,318,7,125
2020-09-10,SULAWESI BARAT,6,0,8,-2,456,326,7,123
2020-09-11,SULAWESI BARAT,3,0,5,-2,459,331,7,121
2020-09-12,SULAWESI BARAT,3,0,7,-4,462,338,7,117
2020-09-13,SULAWESI BARAT,8,0,3,5,470,341,7,122
2020-09-14,SULAWESI BARAT,1,0,1,0,471,342,7,122
2020-09-15,SULAWESI BARAT,4,0,5,-1,475,347,7,121
2020-09-16,SULAWESI BARAT,2,0,2,0,477,349,7,121
2020-09-17,SULAWESI BARAT,5,0,11,-6,482,360,7,115
2020-09-18,SULAWESI BARAT,2,0,4,-2,484,364,7,113
2020-09-19,SULAWESI BARAT,1,0,5,-4,485,369,7,109
2020-09-20,SULAWESI BARAT,19,0,9,10,504,378,7,119
2020-09-21,SULAWESI BARAT,1,0,0,1,505,378,7,120
2020-09-22,SULAWESI BARAT,25,0,2,23,530,380,7,143
2020-09-23,SULAWESI BARAT,10,0,5,5,540,385,7,148
2020-09-24,SULAWESI BARAT,6,2,10,-6,546,395,9,142
2020-09-25,SULAWESI BARAT,21,2,12,7,567,407,11,149
2020-09-26,SULAWESI BARAT,4,0,1,3,571,408,11,152
2020-09-27,SULAWESI BARAT,46,0,8,38,617,416,11,190
2020-09-28,SULAWESI BARAT,0,0,0,0,617,416,11,190
2020-09-29,SULAWESI BARAT,156,0,1,155,773,417,11,345
2020-09-30,SULAWESI BARAT,21,0,7,14,794,424,11,359
2020-10-01,SULAWESI BARAT,10,0,0,10,804,424,11,369
2020-10-02,SULAWESI BARAT,5,0,4,1,809,428,11,370
2020-10-03,SULAWESI BARAT,11,0,22,-11,820,450,11,359
2020-10-04,SULAWESI BARAT,9,0,15,-6,829,465,11,353
2020-10-05,SULAWESI BARAT,1,0,4,-3,830,469,11,350
2020-10-06,SULAWESI BARAT,12,0,5,7,842,474,11,357
2020-10-07,SULAWESI BARAT,20,0,4,16,862,478,11,373
2020-10-08,SULAWESI BARAT,6,0,6,0,868,484,11,373
2020-10-09,SULAWESI BARAT,10,0,8,2,878,492,11,375
2020-10-10,SULAWESI BARAT,1,0,148,-147,879,640,11,228
2020-10-11,SULAWESI BARAT,15,0,13,2,894,653,11,230
2020-10-12,SULAWESI BARAT,0,0,0,0,894,653,11,230
2020-10-13,SULAWESI BARAT,23,1,7,15,917,660,12,245
2020-10-14,SULAWESI BARAT,15,0,26,-11,932,686,12,234
2020-10-15,SULAWESI BARAT,7,0,7,0,939,693,12,234
2020-10-16,SULAWESI BARAT,5,0,7,-2,944,700,12,232
2020-10-17,SULAWESI BARAT,5,0,4,1,949,704,12,233
2020-10-18,SULAWESI BARAT,3,0,13,-10,952,717,12,223
2020-10-19,SULAWESI BARAT,0,0,0,0,952,717,12,223
2020-10-20,SULAWESI BARAT,15,0,7,8,967,724,12,231
2020-10-21,SULAWESI BARAT,4,0,10,-6,971,734,12,225
2020-10-22,SULAWESI BARAT,0,0,8,-8,971,742,12,217
2020-10-23,SULAWESI BARAT,0,0,2,-2,971,744,12,215
2020-10-24,SULAWESI BARAT,7,0,19,-12,978,763,12,203
2020-10-25,SULAWESI BARAT,9,0,21,-12,987,784,12,191
2020-10-26,SULAWESI BARAT,1,0,0,1,988,784,12,192
2020-10-27,SULAWESI BARAT,9,0,32,-23,997,816,12,169
2020-10-28,SULAWESI BARAT,3,2,0,1,1000,816,14,170
2020-10-29,SULAWESI BARAT,0,0,0,0,1000,816,14,170
2020-10-30,SULAWESI BARAT,27,0,7,20,1027,823,14,190
2020-10-31,SULAWESI BARAT,2,0,3,-1,1029,826,14,189
2020-11-01,SULAWESI BARAT,7,0,14,-7,1036,840,14,182
2020-11-02,SULAWESI BARAT,0,0,1,-1,1036,841,14,181
2020-11-03,SULAWESI BARAT,5,1,0,4,1041,841,15,185
2020-11-04,SULAWESI BARAT,1,0,1,0,1042,842,15,185
2020-11-05,SULAWESI BARAT,10,0,20,-10,1052,862,15,175
2020-11-06,SULAWESI BARAT,12,0,1,11,1064,863,15,186
2020-11-07,SULAWESI BARAT,162,1,10,151,1226,873,16,337
2020-11-08,SULAWESI BARAT,9,0,2,7,1235,875,16,344
2020-11-09,SULAWESI BARAT,35,0,1,34,1270,876,16,378
2020-11-10,SULAWESI BARAT,0,0,2,-2,1270,878,16,376
2020-11-11,SULAWESI BARAT,13,0,2,11,1283,880,16,387
2020-11-12,SULAWESI BARAT,12,1,14,-3,1295,894,17,384
2020-11-13,SULAWESI BARAT,4,0,15,-11,1299,909,17,373
2020-11-14,SULAWESI BARAT,8,0,16,-8,1307,925,17,365
2020-11-15,SULAWESI BARAT,3,0,21,-18,1310,946,17,347
2020-11-16,SULAWESI BARAT,5,0,6,-1,1315,952,17,346
2020-11-17,SULAWESI BARAT,6,0,3,3,1321,955,17,349
2020-11-18,SULAWESI BARAT,2,1,1,0,1323,956,18,349
2020-11-19,SULAWESI BARAT,29,0,11,18,1352,967,18,367
2020-11-20,SULAWESI BARAT,6,1,12,-7,1358,979,19,360
2020-11-21,SULAWESI BARAT,6,1,6,-1,1364,985,20,359
2020-11-22,SULAWESI BARAT,9,0,10,-1,1373,995,20,358
2020-11-23,SULAWESI BARAT,2,0,13,-11,1375,1008,20,347
2020-11-24,SULAWESI BARAT,2,0,1,1,1377,1009,20,348
2020-11-25,SULAWESI BARAT,2,0,216,-214,1379,1225,20,134
2020-11-26,SULAWESI BARAT,25,1,15,9,1404,1240,21,143
2020-11-27,SULAWESI BARAT,22,0,4,18,1426,1244,21,161
2020-11-28,SULAWESI BARAT,30,0,12,18,1456,1256,21,179
2020-11-29,SULAWESI BARAT,7,0,7,0,1463,1263,21,179
2020-11-30,SULAWESI BARAT,7,0,18,-11,1470,1281,21,168
2020-12-01,SULAWESI BARAT,3,0,15,-12,1473,1296,21,156
2020-12-02,SULAWESI BARAT,0,1,5,-6,1473,1301,22,150
2020-12-03,SULAWESI BARAT,2,0,14,-12,1475,1315,22,138
2020-12-04,SULAWESI BARAT,21,0,8,13,1496,1323,22,151
2020-12-05,SULAWESI BARAT,16,2,22,-8,1512,1345,24,143
2020-12-06,SULAWESI BARAT,3,0,3,0,1515,1348,24,143
2020-12-07,SULAWESI BARAT,2,0,4,-2,1517,1352,24,141
2020-12-08,SULAWESI BARAT,9,1,8,0,1526,1360,25,141
2020-12-09,SULAWESI BARAT,8,0,5,3,1534,1365,25,144
2020-12-10,SULAWESI BARAT,7,1,1,5,1541,1366,26,149
2020-12-11,SULAWESI BARAT,3,0,3,0,1544,1369,26,149
2020-12-12,SULAWESI BARAT,10,0,5,5,1554,1374,26,154
2020-12-13,SULAWESI BARAT,29,0,5,24,1583,1379,26,178
2020-12-14,SULAWESI BARAT,3,0,1,2,1586,1380,26,180
2020-12-15,SULAWESI BARAT,21,0,6,15,1607,1386,26,195
2020-12-16,SULAWESI BARAT,10,0,19,-9,1617,1405,26,186
2020-12-17,SULAWESI BARAT,27,0,13,14,1644,1418,26,200
2020-12-18,SULAWESI BARAT,6,0,9,-3,1650,1427,26,197
2020-12-19,SULAWESI BARAT,39,0,1,38,1689,1428,26,235
2020-12-20,SULAWESI BARAT,18,0,22,-4,1707,1450,26,231
2020-12-21,SULAWESI BARAT,10,0,0,10,1717,1450,26,241
2020-12-22,SULAWESI BARAT,12,0,9,3,1729,1459,26,244
2020-12-23,SULAWESI BARAT,30,1,5,24,1759,1464,27,268
2020-12-24,SULAWESI BARAT,63,3,15,45,1822,1479,30,313
2020-12-25,SULAWESI BARAT,7,0,2,5,1829,1481,30,318
2020-12-26,SULAWESI BARAT,15,1,31,-17,1844,1512,31,301
2020-12-27,SULAWESI BARAT,24,1,11,12,1868,1523,32,313
2020-12-28,SULAWESI BARAT,9,1,1,7,1877,1524,33,320
2020-12-29,SULAWESI BARAT,19,1,11,7,1896,1535,34,327
2020-12-30,SULAWESI BARAT,18,0,6,12,1914,1541,34,339
2020-12-31,SULAWESI BARAT,27,0,10,17,1941,1551,34,356
2021-01-01,SULAWESI BARAT,13,2,1,10,1954,1552,36,366
2021-01-02,SULAWESI BARAT,6,0,1,5,1960,1553,36,371
2021-01-03,SULAWESI BARAT,24,0,13,11,1984,1566,36,382
2021-01-04,SULAWESI BARAT,22,2,0,20,2006,1566,38,402
2021-01-05,SULAWESI BARAT,4,1,4,-1,2010,1570,39,401
2021-01-06,SULAWESI BARAT,10,1,9,0,2020,1579,40,401
2021-01-07,SULAWESI BARAT,33,4,21,8,2053,1600,44,409
2021-01-08,SULAWESI BARAT,47,1,19,27,2100,1619,45,436
2021-01-09,SULAWESI BARAT,86,1,11,74,2186,1630,46,510
2021-01-10,SULAWESI BARAT,99,2,23,74,2285,1653,48,584
2021-01-11,SULAWESI BARAT,11,1,11,-1,2296,1664,49,583
2021-01-12,SULAWESI BARAT,72,4,20,48,2368,1684,53,631
2021-01-13,SULAWESI BARAT,18,1,5,12,2386,1689,54,643
2021-01-14,SULAWESI BARAT,143,3,3,137,2529,1692,57,780
2021-01-15,SULAWESI BARAT,2,0,1,1,2531,1693,57,781
2021-01-16,SULAWESI BARAT,0,0,0,0,2531,1693,57,781
2021-01-17,SULAWESI BARAT,0,1,12,-13,2531,1705,58,768
2021-01-18,SULAWESI BARAT,0,0,12,-12,2531,1717,58,756
2021-01-19,SULAWESI BARAT,16,0,0,16,2547,1717,58,772
2021-01-20,SULAWESI BARAT,2,1,17,-16,2549,1734,59,756
2021-01-21,SULAWESI BARAT,241,4,4,233,2790,1738,63,989
2021-01-22,SULAWESI BARAT,104,1,81,22,2894,1819,64,1011
2021-01-23,SULAWESI BARAT,203,2,13,188,3097,1832,66,1199
2021-01-24,SULAWESI BARAT,68,0,29,39,3165,1861,66,1238
2021-01-25,SULAWESI BARAT,47,0,21,26,3212,1882,66,1264
2021-01-26,SULAWESI BARAT,61,2,9,50,3273,1891,68,1314
2021-01-27,SULAWESI BARAT,57,3,15,39,3330,1906,71,1353
2021-01-28,SULAWESI BARAT,108,2,27,79,3438,1933,73,1432
2021-01-29,SULAWESI BARAT,79,1,32,46,3517,1965,74,1478
2021-01-30,SULAWESI BARAT,116,3,26,87,3633,1991,77,1565
2021-01-31,SULAWESI BARAT,99,3,111,-15,3732,2102,80,1550
2021-02-01,SULAWESI BARAT,48,2,32,14,3780,2134,82,1564
2021-02-02,SULAWESI BARAT,113,1,28,84,3893,2162,83,1648
2021-02-03,SULAWESI BARAT,190,0,93,97,4083,2255,83,1745
2021-02-04,SULAWESI BARAT,101,0,20,81,4184,2275,83,1826
2021-02-05,SULAWESI BARAT,48,0,0,48,4232,2275,83,1874
2021-02-06,SULAWESI BARAT,148,1,140,7,4380,2415,84,1881
2021-02-07,SULAWESI BARAT,88,2,59,27,4468,2474,86,1908
2021-02-08,SULAWESI BARAT,31,1,22,8,4499,2496,87,1916
2021-02-09,SULAWESI BARAT,179,0,49,130,4678,2545,87,2046
2021-02-10,SULAWESI BARAT,23,0,34,-11,4701,2579,87,2035
2021-02-11,SULAWESI BARAT,27,1,60,-34,4728,2639,88,2001
2021-02-12,SULAWESI BARAT,39,1,45,-7,4767,2684,89,1994
2021-02-13,SULAWESI BARAT,95,1,102,-8,4862,2786,90,1986
2021-02-14,SULAWESI BARAT,7,2,113,-108,4869,2899,92,1878
2021-02-15,SULAWESI BARAT,14,0,12,2,4883,2911,92,1880
2021-02-16,SULAWESI BARAT,38,1,30,7,4921,2941,93,1887
2021-02-17,SULAWESI BARAT,73,1,36,36,4994,2977,94,1923
2021-02-18,SULAWESI BARAT,31,0,39,-8,5025,3016,94,1915
2021-02-19,SULAWESI BARAT,17,2,328,-313,5042,3344,96,1602
2021-02-20,SULAWESI BARAT,29,2,56,-29,5071,3400,98,1573
2021-02-21,SULAWESI BARAT,14,1,25,-12,5085,3425,99,1561
2021-02-22,SULAWESI BARAT,6,0,26,-20,5091,3451,99,1541
2021-02-23,SULAWESI BARAT,89,0,57,32,5180,3508,99,1573
2021-02-24,SULAWESI BARAT,10,0,49,-39,5190,3557,99,1534
2021-02-25,SULAWESI BARAT,7,2,30,-25,5197,3587,101,1509
2021-02-26,SULAWESI BARAT,17,1,77,-61,5214,3664,102,1448
2021-02-27,SULAWESI BARAT,6,0,43,-37,5220,3707,102,1411
2021-02-28,SULAWESI BARAT,3,1,128,-126,5223,3835,103,1285
2021-03-01,SULAWESI BARAT,11,1,104,-94,5234,3939,104,1191
2021-03-02,SULAWESI BARAT,32,0,99,-67,5266,4038,104,1124
2021-03-03,SULAWESI BARAT,2,1,51,-50,5268,4089,105,1074
2021-03-04,SULAWESI BARAT,3,1,43,-41,5271,4132,106,1033
2021-03-05,SULAWESI BARAT,14,0,52,-38,5285,4184,106,995
2021-03-06,SULAWESI BARAT,4,2,87,-85,5289,4271,108,910
2021-03-07,SULAWESI BARAT,7,1,31,-25,5296,4302,109,885
2021-03-08,SULAWESI BARAT,3,0,24,-21,5299,4326,109,864
2021-03-09,SULAWESI BARAT,6,0,10,-4,5305,4336,109,860
2021-03-10,SULAWESI BARAT,0,0,28,-28,5305,4364,109,832
2021-03-11,SULAWESI BARAT,8,0,8,0,5313,4372,109,832
2021-03-12,SULAWESI BARAT,4,0,71,-67,5317,4443,109,765
2021-03-13,SULAWESI BARAT,9,1,91,-83,5326,4534,110,682
2021-03-14,SULAWESI BARAT,3,0,43,-40,5329,4577,110,642
2021-03-15,SULAWESI BARAT,3,0,7,-4,5332,4584,110,638
2021-03-16,SULAWESI BARAT,2,0,75,-73,5334,4659,110,565
2021-03-17,SULAWESI BARAT,3,0,23,-20,5337,4682,110,545
2021-03-18,SULAWESI BARAT,1,0,17,-16,5338,4699,110,529
2021-03-19,SULAWESI BARAT,14,0,31,-17,5352,4730,110,512
2021-03-20,SULAWESI BARAT,0,0,81,-81,5352,4811,110,431
2021-03-21,SULAWESI BARAT,3,0,51,-48,5355,4862,110,383
2021-03-22,SULAWESI BARAT,2,0,71,-69,5357,4933,110,314
2021-03-23,SULAWESI BARAT,0,0,42,-42,5357,4975,110,272
2021-03-24,SULAWESI BARAT,1,2,5,-6,5358,4980,112,266
2021-03-25,SULAWESI BARAT,1,0,25,-24,5359,5005,112,242
2021-03-26,SULAWESI BARAT,0,0,46,-46,5359,5051,112,196
2021-03-27,SULAWESI BARAT,1,0,7,-6,5360,5058,112,190
2021-03-28,SULAWESI BARAT,3,0,2,1,5363,5060,112,191
2021-03-29,SULAWESI BARAT,1,0,49,-48,5364,5109,112,143
2021-03-30,SULAWESI BARAT,0,0,7,-7,5364,5116,112,136
2021-03-31,SULAWESI BARAT,1,1,3,-3,5365,5119,113,133
2021-04-01,SULAWESI BARAT,1,0,4,-3,5366,5123,113,130
2021-04-02,SULAWESI BARAT,3,0,4,-1,5369,5127,113,129
2021-04-03,SULAWESI BARAT,1,0,0,1,5370,5127,113,130
2021-04-04,SULAWESI BARAT,3,0,0,3,5373,5127,113,133
2021-04-05,SULAWESI BARAT,0,0,9,-9,5373,5136,113,124
2021-04-06,SULAWESI BARAT,1,1,11,-11,5374,5147,114,113
2021-04-07,SULAWESI BARAT,1,0,29,-28,5375,5176,114,85
2021-04-08,SULAWESI BARAT,3,0,29,-26,5378,5205,114,59
2021-04-09,SULAWESI BARAT,6,0,6,0,5384,5211,114,59
2021-04-10,SULAWESI BARAT,3,0,0,3,5387,5211,114,62
2021-04-11,SULAWESI BARAT,0,0,1,-1,5387,5212,114,61
2021-04-12,SULAWESI BARAT,3,1,1,1,5390,5213,115,62
2021-04-13,SULAWESI BARAT,6,0,2,4,5396,5215,115,66
2021-04-14,SULAWESI BARAT,1,1,0,0,5397,5215,116,66
2021-04-15,SULAWESI BARAT,1,0,1,0,5398,5216,116,66
2021-04-16,SULAWESI BARAT,4,1,5,-2,5402,5221,117,64
2021-04-17,SULAWESI BARAT,1,0,1,0,5403,5222,117,64
2021-04-18,SULAWESI BARAT,1,0,4,-3,5404,5226,117,61
2021-04-19,SULAWESI BARAT,4,0,0,4,5408,5226,117,65
2021-04-20,SULAWESI BARAT,6,0,1,5,5414,5227,117,70
2021-04-21,SULAWESI BARAT,10,0,0,10,5424,5227,117,80
2021-04-22,SULAWESI BARAT,7,0,1,6,5431,5228,117,86
2021-04-23,SULAWESI BARAT,2,0,4,-2,5433,5232,117,84
2021-04-24,SULAWESI BARAT,3,0,1,2,5436,5233,117,86
2021-04-25,SULAWESI BARAT,6,0,9,-3,5442,5242,117,83
2021-04-26,SULAWESI BARAT,0,1,1,-2,5442,5243,118,81
2021-04-27,SULAWESI BARAT,1,0,8,-7,5443,5251,118,74
2021-04-28,SULAWESI BARAT,4,0,1,3,5447,5252,118,77
2021-04-29,SULAWESI BARAT,0,0,0,0,5447,5252,118,77
2021-04-30,SULAWESI BARAT,0,0,1,-1,5447,5253,118,76
2021-05-01,SULAWESI BARAT,3,0,0,3,5450,5253,118,79
2021-05-02,SULAWESI BARAT,22,1,6,15,5472,5259,119,94
2021-05-03,SULAWESI BARAT,2,0,4,-2,5474,5263,119,92
2021-05-04,SULAWESI BARAT,0,0,7,-7,5474,5270,119,85
2021-05-05,SULAWESI BARAT,1,0,3,-2,5475,5273,119,83
2021-05-06,SULAWESI BARAT,0,0,8,-8,5475,5281,119,75
2021-05-07,SULAWESI BARAT,1,0,2,-1,5476,5283,119,74
2021-05-08,SULAWESI BARAT,0,0,2,-2,5476,5285,119,72
2021-05-09,SULAWESI BARAT,3,0,7,-4,5479,5292,119,68
2021-05-10,SULAWESI BARAT,2,0,2,0,5481,5294,119,68
2021-05-11,SULAWESI BARAT,3,0,0,3,5484,5294,119,71
2021-05-12,SULAWESI BARAT,2,1,1,0,5486,5295,120,71
2021-05-13,SULAWESI BARAT,0,0,0,0,5486,5295,120,71
2021-05-14,SULAWESI BARAT,0,0,0,0,5486,5295,120,71
2021-05-15,SULAWESI BARAT,5,0,20,-15,5491,5315,120,56
2021-05-16,SULAWESI BARAT,0,0,0,0,5491,5315,120,56
2021-05-17,SULAWESI BARAT,3,0,3,0,5494,5318,120,56
2021-05-18,SULAWESI BARAT,2,0,13,-11,5496,5331,120,45
2021-05-19,SULAWESI BARAT,0,0,0,0,5496,5331,120,45
2021-05-20,SULAWESI BARAT,0,0,1,-1,5496,5332,120,44
2021-05-21,SULAWESI BARAT,1,0,6,-5,5497,5338,120,39
2021-05-22,SULAWESI BARAT,1,0,3,-2,5498,5341,120,37
2021-05-23,SULAWESI BARAT,0,0,3,-3,5498,5344,120,34
2021-05-24,SULAWESI BARAT,0,0,3,-3,5498,5347,120,31
2021-05-25,SULAWESI BARAT,0,0,7,-7,5498,5354,120,24
2021-05-26,SULAWESI BARAT,0,0,0,0,5498,5354,120,24
2021-05-27,SULAWESI BARAT,0,0,0,0,5498,5354,120,24
2021-05-28,SULAWESI BARAT,3,0,1,2,5501,5355,120,26
2021-05-29,SULAWESI BARAT,0,0,1,-1,5501,5356,120,25
2021-05-30,SULAWESI BARAT,0,0,4,-4,5501,5360,120,21
2021-05-31,SULAWESI BARAT,0,0,0,0,5501,5360,120,21
2021-06-01,SULAWESI BARAT,0,0,0,0,5501,5360,120,21
2021-06-02,SULAWESI BARAT,8,1,1,6,5509,5361,121,27
2021-06-03,SULAWESI BARAT,9,0,0,9,5518,5361,121,36
2021-06-04,SULAWESI BARAT,49,0,4,45,5567,5365,121,81
2021-06-05,SULAWESI BARAT,10,0,0,10,5577,5365,121,91
2021-06-06,SULAWESI BARAT,2,0,0,2,5579,5365,121,93
2021-06-07,SULAWESI BARAT,0,0,1,-1,5579,5366,121,92
2021-06-08,SULAWESI BARAT,1,0,2,-1,5580,5368,121,91
2021-06-09,SULAWESI BARAT,13,0,0,13,5593,5368,121,104
2021-06-10,SULAWESI BARAT,5,0,7,-2,5598,5375,121,102
2021-06-11,SULAWESI BARAT,2,0,1,1,5600,5376,121,103
2021-06-12,SULAWESI BARAT,13,0,7,6,5613,5383,121,109
2021-06-13,SULAWESI BARAT,0,0,19,-19,5613,5402,121,90
2021-06-14,SULAWESI BARAT,2,0,3,-1,5615,5405,121,89
2021-06-15,SULAWESI BARAT,4,0,0,4,5619,5405,121,93
2021-06-16,SULAWESI BARAT,2,0,1,1,5621,5406,121,94
2021-06-17,SULAWESI BARAT,6,0,10,-4,5627,5416,121,90
2021-06-18,SULAWESI BARAT,4,0,21,-17,5631,5437,121,73
2021-06-19,SULAWESI BARAT,5,0,4,1,5636,5441,121,74
2021-06-20,SULAWESI BARAT,26,0,4,22,5662,5445,121,96
2021-06-21,SULAWESI BARAT,2,0,0,2,5664,5445,121,98
2021-06-22,SULAWESI BARAT,3,0,0,3,5667,5445,121,101
2021-06-23,SULAWESI BARAT,47,0,12,35,5714,5457,121,136
2021-06-24,SULAWESI BARAT,13,0,1,12,5727,5458,121,148
2021-06-25,SULAWESI BARAT,5,0,1,4,5732,5459,121,152
2021-06-26,SULAWESI BARAT,2,0,1,1,5734,5460,121,153
2021-06-27,SULAWESI BARAT,32,0,0,32,5766,5460,121,185
2021-06-28,SULAWESI BARAT,19,0,4,15,5785,5464,121,200
2021-06-29,SULAWESI BARAT,8,1,11,-4,5793,5475,122,196
2021-06-30,SULAWESI BARAT,39,0,23,16,5832,5498,122,212
2021-07-01,SULAWESI BARAT,101,0,7,94,5933,5505,122,306
2021-07-02,SULAWESI BARAT,26,0,16,10,5959,5521,122,316
2021-07-03,SULAWESI BARAT,20,0,6,14,5979,5527,122,330
2021-07-04,SULAWESI BARAT,64,1,14,49,6043,5541,123,379
2021-07-05,SULAWESI BARAT,22,1,1,20,6065,5542,124,399
2021-07-06,SULAWESI BARAT,45,1,0,44,6110,5542,125,443
2021-07-07,SULAWESI BARAT,62,1,26,35,6172,5568,126,478
2021-07-08,SULAWESI BARAT,45,1,4,40,6217,5572,127,518
2021-07-09,SULAWESI BARAT,34,0,23,11,6251,5595,127,529
2021-07-10,SULAWESI BARAT,63,2,36,25,6314,5631,129,554
2021-07-11,SULAWESI BARAT,80,1,23,56,6394,5654,130,610
2021-07-12,SULAWESI BARAT,3,1,15,-13,6397,5669,131,597
2021-07-13,SULAWESI BARAT,72,1,38,33,6469,5707,132,630
2021-07-14,SULAWESI BARAT,33,3,8,22,6502,5715,135,652
2021-07-15,SULAWESI BARAT,118,0,39,79,6620,5754,135,731
2021-07-16,SULAWESI BARAT,134,1,25,108,6754,5779,136,839
2021-07-17,SULAWESI BARAT,75,0,32,43,6829,5811,136,882
2021-07-18,SULAWESI BARAT,90,1,30,59,6919,5841,137,941
2021-07-19,SULAWESI BARAT,62,3,37,22,6981,5878,140,963
2021-07-20,SULAWESI BARAT,132,3,65,64,7113,5943,143,1027
2021-07-21,SULAWESI BARAT,71,1,79,-9,7184,6022,144,1018
2021-07-22,SULAWESI BARAT,151,3,68,80,7335,6090,147,1098
2021-07-23,SULAWESI BARAT,77,2,45,30,7412,6135,149,1128
2021-07-24,SULAWESI BARAT,141,2,34,105,7553,6169,151,1233
2021-07-25,SULAWESI BARAT,102,0,60,42,7655,6229,151,1275
2021-07-26,SULAWESI BARAT,100,4,64,32,7755,6293,155,1307
2021-07-27,SULAWESI BARAT,146,2,112,32,7901,6405,157,1339
2021-07-28,SULAWESI BARAT,79,1,53,25,7980,6458,158,1364
2021-07-29,SULAWESI BARAT,99,3,72,24,8079,6530,161,1388
2021-07-30,SULAWESI BARAT,123,5,60,58,8202,6590,166,1446
2021-07-31,SULAWESI BARAT,169,4,75,90,8371,6665,170,1536
2021-08-01,SULAWESI BARAT,154,3,63,88,8525,6728,173,1624
2021-08-02,SULAWESI BARAT,80,4,39,37,8605,6767,177,1661
2021-08-03,SULAWESI BARAT,116,4,100,12,8721,6867,181,1673
2021-08-04,SULAWESI BARAT,169,2,110,57,8890,6977,183,1730
2021-08-05,SULAWESI BARAT,174,3,168,3,9064,7145,186,1733
2021-08-06,SULAWESI BARAT,143,2,109,32,9207,7254,188,1765
2021-08-07,SULAWESI BARAT,88,1,97,-10,9295,7351,189,1755
2021-08-08,SULAWESI BARAT,55,5,82,-32,9350,7433,194,1723
2021-08-09,SULAWESI BARAT,62,6,105,-49,9412,7538,200,1674
2021-08-10,SULAWESI BARAT,224,4,162,58,9636,7700,204,1732
2021-08-11,SULAWESI BARAT,220,6,122,92,9856,7822,210,1824
2021-08-12,SULAWESI BARAT,121,2,134,-15,9977,7956,212,1809
2021-08-13,SULAWESI BARAT,222,6,136,80,10199,8092,218,1889
2021-08-14,SULAWESI BARAT,171,6,126,39,10370,8218,224,1928
2021-08-15,SULAWESI BARAT,100,2,122,-24,10470,8340,226,1904
2021-08-16,SULAWESI BARAT,66,3,82,-19,10536,8422,229,1885
2021-08-17,SULAWESI BARAT,156,2,175,-21,10692,8597,231,1864
2021-08-18,SULAWESI BARAT,54,8,140,-94,10746,8737,239,1770
2020-03-20,JAMBI,1,0,0,1,1,0,0,1
2020-03-21,JAMBI,0,0,0,0,1,0,0,1
2020-03-22,JAMBI,0,0,0,0,1,0,0,1
2020-03-23,JAMBI,0,0,0,0,1,0,0,1
2020-03-24,JAMBI,0,0,0,0,1,0,0,1
2020-03-25,JAMBI,0,0,0,0,1,0,0,1
2020-03-26,JAMBI,0,0,0,0,1,0,0,1
2020-03-27,JAMBI,0,0,0,0,1,0,0,1
2020-03-28,JAMBI,0,0,0,0,1,0,0,1
2020-03-29,JAMBI,0,0,0,0,1,0,0,1
2020-03-30,JAMBI,1,0,0,1,2,0,0,2
2020-03-31,JAMBI,0,0,0,0,2,0,0,2
2020-04-01,JAMBI,0,0,0,0,2,0,0,2
2020-04-02,JAMBI,0,0,0,0,2,0,0,2
2020-04-03,JAMBI,0,0,0,0,2,0,0,2
2020-04-04,JAMBI,0,0,0,0,2,0,0,2
2020-04-05,JAMBI,0,0,0,0,2,0,0,2
2020-04-06,JAMBI,0,0,0,0,2,0,0,2
2020-04-07,JAMBI,0,0,0,0,2,0,0,2
2020-04-08,JAMBI,0,0,0,0,2,0,0,2
2020-04-09,JAMBI,0,0,0,0,2,0,0,2
2020-04-10,JAMBI,0,0,0,0,2,0,0,2
2020-04-11,JAMBI,2,0,0,2,4,0,0,4
2020-04-12,JAMBI,0,0,0,0,4,0,0,4
2020-04-13,JAMBI,0,0,0,0,4,0,0,4
2020-04-14,JAMBI,1,0,0,1,5,0,0,5
2020-04-15,JAMBI,1,0,0,1,6,0,0,6
2020-04-16,JAMBI,1,0,0,1,7,0,0,7
2020-04-17,JAMBI,1,0,0,1,8,0,0,8
2020-04-18,JAMBI,0,0,1,-1,8,1,0,7
2020-04-19,JAMBI,0,0,0,0,8,1,0,7
2020-04-20,JAMBI,0,0,0,0,8,1,0,7
2020-04-21,JAMBI,5,0,0,5,13,1,0,12
2020-04-22,JAMBI,0,0,0,0,13,1,0,12
2020-04-23,JAMBI,1,0,0,1,14,1,0,13
2020-04-24,JAMBI,4,0,0,4,18,1,0,17
2020-04-25,JAMBI,3,0,0,3,21,1,0,20
2020-04-26,JAMBI,11,0,0,11,32,1,0,31
2020-04-27,JAMBI,0,0,0,0,32,1,0,31
2020-04-28,JAMBI,0,0,0,0,32,1,0,31
2020-04-29,JAMBI,0,0,0,0,32,1,0,31
2020-04-30,JAMBI,0,0,0,0,32,1,0,31
2020-05-01,JAMBI,0,0,0,0,32,1,0,31
2020-05-02,JAMBI,0,0,0,0,32,1,0,31
2020-05-03,JAMBI,6,0,0,6,38,1,0,37
2020-05-04,JAMBI,0,0,0,0,38,1,0,37
2020-05-05,JAMBI,5,0,0,5,43,1,0,42
2020-05-06,JAMBI,4,0,0,4,47,1,0,46
2020-05-07,JAMBI,0,0,0,0,47,1,0,46
2020-05-08,JAMBI,0,0,0,0,47,1,0,46
2020-05-09,JAMBI,15,0,2,13,62,3,0,59
2020-05-10,JAMBI,2,0,0,2,64,3,0,61
2020-05-11,JAMBI,1,0,0,1,65,3,0,62
2020-05-12,JAMBI,0,0,0,0,65,3,0,62
2020-05-13,JAMBI,0,0,0,0,65,3,0,62
2020-05-14,JAMBI,1,0,0,1,66,3,0,63
2020-05-15,JAMBI,3,0,0,3,69,3,0,66
2020-05-16,JAMBI,10,0,1,9,79,4,0,75
2020-05-17,JAMBI,1,0,0,1,80,4,0,76
2020-05-18,JAMBI,1,0,0,1,81,4,0,77
2020-05-19,JAMBI,3,0,0,3,84,4,0,80
2020-05-20,JAMBI,5,0,2,3,89,6,0,83
2020-05-21,JAMBI,0,0,2,-2,89,8,0,81
2020-05-22,JAMBI,2,0,0,2,91,8,0,83
2020-05-23,JAMBI,0,0,5,-5,91,13,0,78
2020-05-24,JAMBI,4,0,2,2,95,15,0,80
2020-05-25,JAMBI,2,0,0,2,97,15,0,82
2020-05-26,JAMBI,0,0,0,0,97,15,0,82
2020-05-27,JAMBI,0,0,0,0,97,15,0,82
2020-05-28,JAMBI,0,0,0,0,97,15,0,82
2020-05-29,JAMBI,0,0,0,0,97,15,0,82
2020-05-30,JAMBI,0,0,0,0,97,15,0,82
2020-05-31,JAMBI,0,0,0,0,97,15,0,82
2020-06-01,JAMBI,0,0,5,-5,97,20,0,77
2020-06-02,JAMBI,0,0,0,0,97,20,0,77
2020-06-03,JAMBI,0,0,7,-7,97,27,0,70
2020-06-04,JAMBI,2,0,0,2,99,27,0,72
2020-06-05,JAMBI,2,0,0,2,101,27,0,74
2020-06-06,JAMBI,2,0,0,2,103,27,0,76
2020-06-07,JAMBI,0,0,0,0,103,27,0,76
2020-06-08,JAMBI,0,0,0,0,103,27,0,76
2020-06-09,JAMBI,0,0,0,0,103,27,0,76
2020-06-10,JAMBI,2,0,0,2,105,27,0,78
2020-06-11,JAMBI,0,0,0,0,105,27,0,78
2020-06-12,JAMBI,1,0,0,1,106,27,0,79
2020-06-13,JAMBI,2,0,10,-8,108,37,0,71
2020-06-14,JAMBI,0,0,0,0,108,37,0,71
2020-06-15,JAMBI,0,0,0,0,108,37,0,71
2020-06-16,JAMBI,0,0,8,-8,108,45,0,63
2020-06-17,JAMBI,1,0,0,1,109,45,0,64
2020-06-18,JAMBI,0,0,0,0,109,45,0,64
2020-06-19,JAMBI,3,0,1,2,112,46,0,66
2020-06-20,JAMBI,0,0,0,0,112,46,0,66
2020-06-21,JAMBI,0,0,0,0,112,46,0,66
2020-06-22,JAMBI,0,0,0,0,112,46,0,66
2020-06-23,JAMBI,2,0,20,-18,114,66,0,48
2020-06-24,JAMBI,0,0,0,0,114,66,0,48
2020-06-25,JAMBI,0,1,0,-1,114,66,1,47
2020-06-26,JAMBI,0,0,0,0,114,66,1,47
2020-06-27,JAMBI,3,0,3,0,117,69,1,47
2020-06-28,JAMBI,0,0,0,0,117,69,1,47
2020-06-29,JAMBI,0,0,0,0,117,69,1,47
2020-06-30,JAMBI,0,0,0,0,117,69,1,47
2020-07-01,JAMBI,0,0,8,-8,117,77,1,39
2020-07-02,JAMBI,0,0,0,0,117,77,1,39
2020-07-03,JAMBI,0,0,0,0,117,77,1,39
2020-07-04,JAMBI,0,0,0,0,117,77,1,39
2020-07-05,JAMBI,3,1,4,-2,120,81,2,37
2020-07-06,JAMBI,0,0,0,0,120,81,2,37
2020-07-07,JAMBI,1,0,0,1,121,81,2,38
2020-07-08,JAMBI,0,0,0,0,121,81,2,38
2020-07-09,JAMBI,1,0,0,1,122,81,2,39
2020-07-10,JAMBI,0,0,3,-3,122,84,2,36
2020-07-11,JAMBI,0,0,0,0,122,84,2,36
2020-07-12,JAMBI,0,0,9,-9,122,93,2,27
2020-07-13,JAMBI,0,1,0,-1,122,93,3,26
2020-07-14,JAMBI,2,0,0,2,124,93,3,28
2020-07-15,JAMBI,1,0,2,-1,125,95,3,27
2020-07-16,JAMBI,0,0,0,0,125,95,3,27
2020-07-17,JAMBI,1,0,3,-2,126,98,3,25
2020-07-18,JAMBI,6,0,3,3,132,101,3,28
2020-07-19,JAMBI,0,0,3,-3,132,104,3,25
2020-07-20,JAMBI,0,0,0,0,132,104,3,25
2020-07-21,JAMBI,2,0,0,2,134,104,3,27
2020-07-22,JAMBI,2,0,3,-1,136,107,3,26
2020-07-23,JAMBI,0,0,3,-3,136,110,3,23
2020-07-24,JAMBI,2,0,1,1,138,111,3,24
2020-07-25,JAMBI,1,0,1,0,139,112,3,24
2020-07-26,JAMBI,0,0,0,0,139,112,3,24
2020-07-27,JAMBI,0,0,0,0,139,112,3,24
2020-07-28,JAMBI,0,0,1,-1,139,113,3,23
2020-07-29,JAMBI,15,2,2,11,154,115,5,34
2020-07-30,JAMBI,2,0,0,2,156,115,5,36
2020-07-31,JAMBI,6,0,0,6,162,115,5,42
2020-08-01,JAMBI,6,0,0,6,168,115,5,48
2020-08-02,JAMBI,1,0,0,1,169,115,5,49
2020-08-03,JAMBI,0,0,0,0,169,115,5,49
2020-08-04,JAMBI,19,0,1,18,188,116,5,67
2020-08-05,JAMBI,5,0,0,5,193,116,5,72
2020-08-06,JAMBI,0,0,0,0,193,116,5,72
2020-08-07,JAMBI,12,0,1,11,205,117,5,83
2020-08-08,JAMBI,5,0,0,5,210,117,5,88
2020-08-09,JAMBI,0,0,1,-1,210,118,5,87
2020-08-10,JAMBI,0,0,0,0,210,118,5,87
2020-08-11,JAMBI,0,0,0,0,210,118,5,87
2020-08-12,JAMBI,5,0,1,4,215,119,5,91
2020-08-13,JAMBI,0,0,0,0,215,119,5,91
2020-08-14,JAMBI,7,0,1,6,222,120,5,97
2020-08-15,JAMBI,3,0,1,2,225,121,5,99
2020-08-16,JAMBI,0,0,0,0,225,121,5,99
2020-08-17,JAMBI,20,0,1,19,245,122,5,118
2020-08-18,JAMBI,0,0,0,0,245,122,5,118
2020-08-19,JAMBI,5,0,4,1,250,126,5,119
2020-08-20,JAMBI,0,0,0,0,250,126,5,119
2020-08-21,JAMBI,21,1,4,16,271,130,6,135
2020-08-22,JAMBI,3,0,1,2,274,131,6,137
2020-08-23,JAMBI,0,0,0,0,274,131,6,137
2020-08-24,JAMBI,0,0,0,0,274,131,6,137
2020-08-25,JAMBI,7,0,2,5,281,133,6,142
2020-08-26,JAMBI,8,0,4,4,289,137,6,146
2020-08-27,JAMBI,7,0,0,7,296,137,6,153
2020-08-28,JAMBI,6,0,6,0,302,143,6,153
2020-08-29,JAMBI,0,0,6,-6,302,149,6,147
2020-08-30,JAMBI,0,0,0,0,302,149,6,147
2020-08-31,JAMBI,0,0,7,-7,302,156,6,140
2020-09-01,JAMBI,0,0,0,0,302,156,6,140
2020-09-02,JAMBI,1,0,0,1,303,156,6,141
2020-09-03,JAMBI,0,0,1,-1,303,157,6,140
2020-09-04,JAMBI,1,0,13,-12,304,170,6,128
2020-09-05,JAMBI,0,0,11,-11,304,181,6,117
2020-09-06,JAMBI,0,0,0,0,304,181,6,117
2020-09-07,JAMBI,0,0,0,0,304,181,6,117
2020-09-08,JAMBI,0,0,0,0,304,181,6,117
2020-09-09,JAMBI,4,0,6,-2,308,187,6,115
2020-09-10,JAMBI,1,1,25,-25,309,212,7,90
2020-09-11,JAMBI,5,1,10,-6,314,222,8,84
2020-09-12,JAMBI,5,0,7,-2,319,229,8,82
2020-09-13,JAMBI,2,0,4,-2,321,233,8,80
2020-09-14,JAMBI,0,0,0,0,321,233,8,80
2020-09-15,JAMBI,10,0,0,10,331,233,8,90
2020-09-16,JAMBI,14,0,8,6,345,241,8,96
2020-09-17,JAMBI,6,1,8,-3,351,249,9,93
2020-09-18,JAMBI,7,0,3,4,358,252,9,97
2020-09-19,JAMBI,14,0,2,12,372,254,9,109
2020-09-20,JAMBI,14,0,1,13,386,255,9,122
2020-09-21,JAMBI,0,0,1,-1,386,256,9,121
2020-09-22,JAMBI,0,0,0,0,386,256,9,121
2020-09-23,JAMBI,9,0,4,5,395,260,9,126
2020-09-24,JAMBI,4,0,2,2,399,262,9,128
2020-09-25,JAMBI,10,0,1,9,409,263,9,137
2020-09-26,JAMBI,16,1,0,15,425,263,10,152
2020-09-27,JAMBI,21,0,2,19,446,265,10,171
2020-09-28,JAMBI,21,0,0,21,467,265,10,192
2020-09-29,JAMBI,23,2,0,21,490,265,12,213
2020-09-30,JAMBI,23,0,0,23,513,265,12,236
2020-10-01,JAMBI,21,0,3,18,534,268,12,254
2020-10-02,JAMBI,24,3,5,16,558,273,15,270
2020-10-03,JAMBI,13,0,3,10,571,276,15,280
2020-10-04,JAMBI,22,0,5,17,593,281,15,297
2020-10-05,JAMBI,25,0,5,20,618,286,15,317
2020-10-06,JAMBI,29,0,7,22,647,293,15,339
2020-10-07,JAMBI,23,0,10,13,670,303,15,352
2020-10-08,JAMBI,46,0,1,45,716,304,15,397
2020-10-09,JAMBI,45,2,5,38,761,309,17,435
2020-10-10,JAMBI,30,0,1,29,791,310,17,464
2020-10-11,JAMBI,21,2,6,13,812,316,19,477
2020-10-12,JAMBI,13,0,0,13,825,316,19,490
2020-10-13,JAMBI,38,0,2,36,863,318,19,526
2020-10-14,JAMBI,30,0,0,30,893,318,19,556
2020-10-15,JAMBI,23,0,3,20,916,321,19,576
2020-10-16,JAMBI,26,0,20,6,942,341,19,582
2020-10-17,JAMBI,26,0,27,-1,968,368,19,581
2020-10-18,JAMBI,14,0,0,14,982,368,19,595
2020-10-19,JAMBI,6,1,3,2,988,371,20,597
2020-10-20,JAMBI,39,2,9,28,1027,380,22,625
2020-10-21,JAMBI,22,0,0,22,1049,380,22,647
2020-10-22,JAMBI,19,0,39,-20,1068,419,22,627
2020-10-23,JAMBI,24,0,6,18,1092,425,22,645
2020-10-24,JAMBI,26,0,22,4,1118,447,22,649
2020-10-25,JAMBI,22,0,54,-32,1140,501,22,617
2020-10-26,JAMBI,9,1,19,-11,1149,520,23,606
2020-10-27,JAMBI,7,1,22,-16,1156,542,24,590
2020-10-28,JAMBI,32,1,32,-1,1188,574,25,589
2020-10-29,JAMBI,31,0,19,12,1219,593,25,601
2020-10-30,JAMBI,11,0,14,-3,1230,607,25,598
2020-10-31,JAMBI,0,0,12,-12,1230,619,25,586
2020-11-01,JAMBI,0,0,0,0,1230,619,25,586
2020-11-02,JAMBI,0,0,0,0,1230,619,25,586
2020-11-03,JAMBI,7,0,29,-22,1237,648,25,564
2020-11-04,JAMBI,5,0,7,-2,1242,655,25,562
2020-11-05,JAMBI,10,0,22,-12,1252,677,25,550
2020-11-06,JAMBI,15,0,17,-2,1267,694,25,548
2020-11-07,JAMBI,18,0,20,-2,1285,714,25,546
2020-11-08,JAMBI,41,0,30,11,1326,744,25,557
2020-11-09,JAMBI,36,0,35,1,1362,779,25,558
2020-11-10,JAMBI,11,0,50,-39,1373,829,25,519
2020-11-11,JAMBI,11,1,31,-21,1384,860,26,498
2020-11-12,JAMBI,15,2,31,-18,1399,891,28,480
2020-11-13,JAMBI,20,1,20,-1,1419,911,29,479
2020-11-14,JAMBI,19,2,20,-3,1438,931,31,476
2020-11-15,JAMBI,16,0,43,-27,1454,974,31,449
2020-11-16,JAMBI,0,0,11,-11,1454,985,31,438
2020-11-17,JAMBI,10,2,7,1,1464,992,33,439
2020-11-18,JAMBI,27,0,37,-10,1491,1029,33,429
2020-11-19,JAMBI,40,1,45,-6,1531,1074,34,423
2020-11-20,JAMBI,45,0,40,5,1576,1114,34,428
2020-11-21,JAMBI,44,1,32,11,1620,1146,35,439
2020-11-22,JAMBI,29,1,0,28,1649,1146,36,467
2020-11-23,JAMBI,0,0,28,-28,1649,1174,36,439
2020-11-24,JAMBI,41,1,8,32,1690,1182,37,471
2020-11-25,JAMBI,45,0,45,0,1735,1227,37,471
2020-11-26,JAMBI,39,0,4,35,1774,1231,37,506
2020-11-27,JAMBI,46,1,39,6,1820,1270,38,512
2020-11-28,JAMBI,47,0,5,42,1867,1275,38,554
2020-11-29,JAMBI,46,0,33,13,1913,1308,38,567
2020-11-30,JAMBI,30,0,22,8,1943,1330,38,575
2020-12-01,JAMBI,50,0,47,3,1993,1377,38,578
2020-12-02,JAMBI,81,0,44,37,2074,1421,38,615
2020-12-03,JAMBI,94,2,21,71,2168,1442,40,686
2020-12-04,JAMBI,55,0,0,55,2223,1442,40,741
2020-12-05,JAMBI,113,0,23,90,2336,1465,40,831
2020-12-06,JAMBI,19,2,1,16,2355,1466,42,847
2020-12-07,JAMBI,0,0,13,-13,2355,1479,42,834
2020-12-08,JAMBI,77,1,15,61,2432,1494,43,895
2020-12-09,JAMBI,70,0,5,65,2502,1499,43,960
2020-12-10,JAMBI,32,0,0,32,2534,1499,43,992
2020-12-11,JAMBI,39,3,6,30,2573,1505,46,1022
2020-12-12,JAMBI,63,0,30,33,2636,1535,46,1055
2020-12-13,JAMBI,66,2,25,39,2702,1560,48,1094
2020-12-14,JAMBI,0,0,0,0,2702,1560,48,1094
2020-12-15,JAMBI,50,0,62,-12,2752,1622,48,1082
2020-12-16,JAMBI,23,0,39,-16,2775,1661,48,1066
2020-12-17,JAMBI,72,0,90,-18,2847,1751,48,1048
2020-12-18,JAMBI,20,1,69,-50,2867,1820,49,998
2020-12-19,JAMBI,34,0,39,-5,2901,1859,49,993
2020-12-20,JAMBI,35,0,9,26,2936,1868,49,1019
2020-12-21,JAMBI,19,1,47,-29,2955,1915,50,990
2020-12-22,JAMBI,36,0,63,-27,2991,1978,50,963
2020-12-23,JAMBI,39,2,12,25,3030,1990,52,988
2020-12-24,JAMBI,38,0,56,-18,3068,2046,52,970
2020-12-25,JAMBI,28,0,41,-13,3096,2087,52,957
2020-12-26,JAMBI,0,1,47,-48,3096,2134,53,909
2020-12-27,JAMBI,20,0,25,-5,3116,2159,53,904
2020-12-28,JAMBI,11,0,35,-24,3127,2194,53,880
2020-12-29,JAMBI,30,2,16,12,3157,2210,55,892
2020-12-30,JAMBI,35,0,58,-23,3192,2268,55,869
2020-12-31,JAMBI,35,1,50,-16,3227,2318,56,853
2021-01-01,JAMBI,36,0,34,2,3263,2352,56,855
2021-01-02,JAMBI,33,1,29,3,3296,2381,57,858
2021-01-03,JAMBI,26,1,1,24,3322,2382,58,882
2021-01-04,JAMBI,14,0,15,-1,3336,2397,58,881
2021-01-05,JAMBI,20,0,43,-23,3356,2440,58,858
2021-01-06,JAMBI,41,0,29,12,3397,2469,58,870
2021-01-07,JAMBI,57,0,48,9,3454,2517,58,879
2021-01-08,JAMBI,72,0,33,39,3526,2550,58,918
2021-01-09,JAMBI,44,0,42,2,3570,2592,58,920
2021-01-10,JAMBI,31,1,17,13,3601,2609,59,933
2021-01-11,JAMBI,14,0,10,4,3615,2619,59,937
2021-01-12,JAMBI,34,0,12,22,3649,2631,59,959
2021-01-13,JAMBI,78,1,17,60,3727,2648,60,1019
2021-01-14,JAMBI,80,0,1,79,3807,2649,60,1098
2021-01-15,JAMBI,51,0,39,12,3858,2688,60,1110
2021-01-16,JAMBI,36,2,3,31,3894,2691,62,1141
2021-01-17,JAMBI,52,0,60,-8,3946,2751,62,1133
2021-01-18,JAMBI,29,0,4,25,3975,2755,62,1158
2021-01-19,JAMBI,49,0,5,44,4024,2760,62,1202
2021-01-20,JAMBI,32,0,35,-3,4056,2795,62,1199
2021-01-21,JAMBI,71,0,18,53,4127,2813,62,1252
2021-01-22,JAMBI,62,1,49,12,4189,2862,63,1264
2021-01-23,JAMBI,36,0,12,24,4225,2874,63,1288
2021-01-24,JAMBI,38,0,64,-26,4263,2938,63,1262
2021-01-25,JAMBI,26,0,7,19,4289,2945,63,1281
2021-01-26,JAMBI,39,0,33,6,4328,2978,63,1287
2021-01-27,JAMBI,60,1,67,-8,4388,3045,64,1279
2021-01-28,JAMBI,65,0,46,19,4453,3091,64,1298
2021-01-29,JAMBI,46,0,51,-5,4499,3142,64,1293
2021-01-30,JAMBI,44,0,30,14,4543,3172,64,1307
2021-01-31,JAMBI,37,1,36,0,4580,3208,65,1307
2021-02-01,JAMBI,0,0,0,0,4580,3208,65,1307
2021-02-02,JAMBI,53,0,26,27,4633,3234,65,1334
2021-02-03,JAMBI,60,0,6,54,4693,3240,65,1388
2021-02-04,JAMBI,48,0,15,33,4741,3255,65,1421
2021-02-05,JAMBI,56,4,130,-78,4797,3385,69,1343
2021-02-06,JAMBI,37,0,71,-34,4834,3456,69,1309
2021-02-07,JAMBI,25,0,32,-7,4859,3488,69,1302
2021-02-08,JAMBI,2,0,11,-9,4861,3499,69,1293
2021-02-09,JAMBI,22,0,21,1,4883,3520,69,1294
2021-02-10,JAMBI,45,0,80,-35,4928,3600,69,1259
2021-02-11,JAMBI,33,0,41,-8,4961,3641,69,1251
2021-02-12,JAMBI,30,0,21,9,4991,3662,69,1260
2021-02-13,JAMBI,33,0,3,30,5024,3665,69,1290
2021-02-14,JAMBI,34,0,22,12,5058,3687,69,1302
2021-02-15,JAMBI,9,0,16,-7,5067,3703,69,1295
2021-02-16,JAMBI,24,0,0,24,5091,3703,69,1319
2021-02-17,JAMBI,22,0,3,19,5113,3706,69,1338
2021-02-18,JAMBI,55,2,50,3,5168,3756,71,1341
2021-02-19,JAMBI,10,0,27,-17,5178,3783,71,1324
2021-02-20,JAMBI,20,0,38,-18,5198,3821,71,1306
2021-02-21,JAMBI,21,1,24,-4,5219,3845,72,1302
2021-02-22,JAMBI,20,0,21,-1,5239,3866,72,1301
2021-02-23,JAMBI,26,0,22,4,5265,3888,72,1305
2021-02-24,JAMBI,56,0,48,8,5321,3936,72,1313
2021-02-25,JAMBI,28,1,39,-12,5349,3975,73,1301
2021-02-26,JAMBI,24,1,39,-16,5373,4014,74,1285
2021-02-27,JAMBI,83,0,40,43,5456,4054,74,1328
2021-02-28,JAMBI,32,0,35,-3,5488,4089,74,1325
2021-03-01,JAMBI,1,0,43,-42,5489,4132,74,1283
2021-03-02,JAMBI,45,0,0,45,5534,4132,74,1328
2021-03-03,JAMBI,9,0,62,-53,5543,4194,74,1275
2021-03-04,JAMBI,44,0,21,23,5587,4215,74,1298
2021-03-05,JAMBI,7,2,23,-18,5594,4238,76,1280
2021-03-06,JAMBI,17,0,45,-28,5611,4283,76,1252
2021-03-07,JAMBI,20,1,15,4,5631,4298,77,1256
2021-03-08,JAMBI,6,0,9,-3,5637,4307,77,1253
2021-03-09,JAMBI,20,1,42,-23,5657,4349,78,1230
2021-03-10,JAMBI,18,0,48,-30,5675,4397,78,1200
2021-03-11,JAMBI,9,0,13,-4,5684,4410,78,1196
2021-03-12,JAMBI,29,0,2,27,5713,4412,78,1223
2021-03-13,JAMBI,21,1,45,-25,5734,4457,79,1198
2021-03-14,JAMBI,0,0,23,-23,5734,4480,79,1175
2021-03-15,JAMBI,5,0,32,-27,5739,4512,79,1148
2021-03-16,JAMBI,36,0,54,-18,5775,4566,79,1130
2021-03-17,JAMBI,25,0,10,15,5800,4576,79,1145
2021-03-18,JAMBI,35,2,85,-52,5835,4661,81,1093
2021-03-19,JAMBI,32,2,88,-58,5867,4749,83,1035
2021-03-20,JAMBI,25,6,76,-57,5892,4825,89,978
2021-03-21,JAMBI,22,0,16,6,5914,4841,89,984
2021-03-22,JAMBI,14,0,31,-17,5928,4872,89,967
2021-03-23,JAMBI,19,0,27,-8,5947,4899,89,959
2021-03-24,JAMBI,24,0,10,14,5971,4909,89,973
2021-03-25,JAMBI,48,0,2,46,6019,4911,89,1019
2021-03-26,JAMBI,15,2,10,3,6034,4921,91,1022
2021-03-27,JAMBI,45,1,27,17,6079,4948,92,1039
2021-03-28,JAMBI,53,0,12,41,6132,4960,92,1080
2021-03-29,JAMBI,46,2,33,11,6178,4993,94,1091
2021-03-30,JAMBI,20,0,15,5,6198,5008,94,1096
2021-03-31,JAMBI,27,0,77,-50,6225,5085,94,1046
2021-04-01,JAMBI,62,0,16,46,6287,5101,94,1092
2021-04-02,JAMBI,42,0,10,32,6329,5111,94,1124
2021-04-03,JAMBI,32,1,26,5,6361,5137,95,1129
2021-04-04,JAMBI,23,0,17,6,6384,5154,95,1135
2021-04-05,JAMBI,21,0,15,6,6405,5169,95,1141
2021-04-06,JAMBI,60,0,36,24,6465,5205,95,1165
2021-04-07,JAMBI,47,1,26,20,6512,5231,96,1185
2021-04-08,JAMBI,50,0,27,23,6562,5258,96,1208
2021-04-09,JAMBI,50,0,28,22,6612,5286,96,1230
2021-04-10,JAMBI,8,0,42,-34,6620,5328,96,1196
2021-04-11,JAMBI,20,1,9,10,6640,5337,97,1206
2021-04-12,JAMBI,5,0,8,-3,6645,5345,97,1203
2021-04-13,JAMBI,40,0,54,-14,6685,5399,97,1189
2021-04-14,JAMBI,51,0,32,19,6736,5431,97,1208
2021-04-15,JAMBI,49,0,70,-21,6785,5501,97,1187
2021-04-16,JAMBI,53,0,45,8,6838,5546,97,1195
2021-04-17,JAMBI,68,2,43,23,6906,5589,99,1218
2021-04-18,JAMBI,48,0,25,23,6954,5614,99,1241
2021-04-19,JAMBI,25,1,30,-6,6979,5644,100,1235
2021-04-20,JAMBI,74,2,42,30,7053,5686,102,1265
2021-04-21,JAMBI,56,0,26,30,7109,5712,102,1295
2021-04-22,JAMBI,87,2,41,44,7196,5753,104,1339
2021-04-23,JAMBI,43,1,78,-36,7239,5831,105,1303
2021-04-24,JAMBI,65,0,67,-2,7304,5898,105,1301
2021-04-25,JAMBI,29,0,19,10,7333,5917,105,1311
2021-04-26,JAMBI,42,2,50,-10,7375,5967,107,1301
2021-04-27,JAMBI,32,2,20,10,7407,5987,109,1311
2021-04-28,JAMBI,97,1,52,44,7504,6039,110,1355
2021-04-29,JAMBI,92,1,97,-6,7596,6136,111,1349
2021-04-30,JAMBI,74,0,29,45,7670,6165,111,1394
2021-05-01,JAMBI,60,3,50,7,7730,6215,114,1401
2021-05-02,JAMBI,78,2,33,43,7808,6248,116,1444
2021-05-03,JAMBI,82,1,44,37,7890,6292,117,1481
2021-05-04,JAMBI,50,3,63,-16,7940,6355,120,1465
2021-05-05,JAMBI,102,2,63,37,8042,6418,122,1502
2021-05-06,JAMBI,84,2,45,37,8126,6463,124,1539
2021-05-07,JAMBI,87,9,93,-15,8213,6556,133,1524
2021-05-08,JAMBI,88,3,37,48,8301,6593,136,1572
2021-05-09,JAMBI,75,0,62,13,8376,6655,136,1585
2021-05-10,JAMBI,71,1,65,5,8447,6720,137,1590
2021-05-11,JAMBI,64,1,58,5,8511,6778,138,1595
2021-05-12,JAMBI,60,0,57,3,8571,6835,138,1598
2021-05-13,JAMBI,14,0,20,-6,8585,6855,138,1592
2021-05-14,JAMBI,64,2,39,23,8649,6894,140,1615
2021-05-15,JAMBI,0,1,69,-70,8649,6963,141,1545
2021-05-16,JAMBI,22,1,22,-1,8671,6985,142,1544
2021-05-17,JAMBI,21,0,48,-27,8692,7033,142,1517
2021-05-18,JAMBI,5,0,61,-56,8697,7094,142,1461
2021-05-19,JAMBI,45,1,58,-14,8742,7152,143,1447
2021-05-20,JAMBI,83,6,46,31,8825,7198,149,1478
2021-05-21,JAMBI,67,2,44,21,8892,7242,151,1499
2021-05-22,JAMBI,63,4,57,2,8955,7299,155,1501
2021-05-23,JAMBI,55,6,99,-50,9010,7398,161,1451
2021-05-24,JAMBI,76,0,61,15,9086,7459,161,1466
2021-05-25,JAMBI,59,3,65,-9,9145,7524,164,1457
2021-05-26,JAMBI,77,0,76,1,9222,7600,164,1458
2021-05-27,JAMBI,74,2,20,52,9296,7620,166,1510
2021-05-28,JAMBI,63,0,146,-83,9359,7766,166,1427
2021-05-29,JAMBI,79,6,46,27,9438,7812,172,1454
2021-05-30,JAMBI,90,8,1,81,9528,7813,180,1535
2021-05-31,JAMBI,84,3,4,77,9612,7817,183,1612
2021-06-01,JAMBI,66,1,66,-1,9678,7883,184,1611
2021-06-02,JAMBI,86,1,30,55,9764,7913,185,1666
2021-06-03,JAMBI,66,0,59,7,9830,7972,185,1673
2021-06-04,JAMBI,85,2,79,4,9915,8051,187,1677
2021-06-05,JAMBI,81,3,34,44,9996,8085,190,1721
2021-06-06,JAMBI,108,2,61,45,10104,8146,192,1766
2021-06-07,JAMBI,126,2,58,66,10230,8204,194,1832
2021-06-08,JAMBI,148,2,77,69,10378,8281,196,1901
2021-06-09,JAMBI,136,1,61,74,10514,8342,197,1975
2021-06-10,JAMBI,132,0,51,81,10646,8393,197,2056
2021-06-11,JAMBI,91,4,142,-55,10737,8535,201,2001
2021-06-12,JAMBI,145,1,195,-51,10882,8730,202,1950
2021-06-13,JAMBI,133,1,238,-106,11015,8968,203,1844
2021-06-14,JAMBI,104,3,154,-53,11119,9122,206,1791
2021-06-15,JAMBI,128,1,58,69,11247,9180,207,1860
2021-06-16,JAMBI,124,2,86,36,11371,9266,209,1896
2021-06-17,JAMBI,132,3,87,42,11503,9353,212,1938
2021-06-18,JAMBI,157,2,106,49,11660,9459,214,1987
2021-06-19,JAMBI,146,5,213,-72,11806,9672,219,1915
2021-06-20,JAMBI,105,4,139,-38,11911,9811,223,1877
2021-06-21,JAMBI,119,7,69,43,12030,9880,230,1920
2021-06-22,JAMBI,141,3,140,-2,12171,10020,233,1918
2021-06-23,JAMBI,103,1,90,12,12274,10110,234,1930
2021-06-24,JAMBI,43,2,131,-90,12317,10241,236,1840
2021-06-25,JAMBI,152,5,147,0,12469,10388,241,1840
2021-06-26,JAMBI,68,1,156,-89,12537,10544,242,1751
2021-06-27,JAMBI,48,1,53,-6,12585,10597,243,1745
2021-06-28,JAMBI,46,4,166,-124,12631,10763,247,1621
2021-06-29,JAMBI,123,4,139,-20,12754,10902,251,1601
2021-06-30,JAMBI,107,3,98,6,12861,11000,254,1607
2021-07-01,JAMBI,101,1,55,45,12962,11055,255,1652
2021-07-02,JAMBI,183,8,139,36,13145,11194,263,1688
2021-07-03,JAMBI,56,3,75,-22,13201,11269,266,1666
2021-07-04,JAMBI,131,7,81,43,13332,11350,273,1709
2021-07-05,JAMBI,121,2,100,19,13453,11450,275,1728
2021-07-06,JAMBI,58,2,142,-86,13511,11592,277,1642
2021-07-07,JAMBI,106,4,44,58,13617,11636,281,1700
2021-07-08,JAMBI,132,1,136,-5,13749,11772,282,1695
2021-07-09,JAMBI,186,2,118,66,13935,11890,284,1761
2021-07-10,JAMBI,134,6,86,42,14069,11976,290,1803
2021-07-11,JAMBI,147,6,259,-118,14216,12235,296,1685
2021-07-12,JAMBI,39,4,114,-79,14255,12349,300,1606
2021-07-13,JAMBI,352,1,38,313,14607,12387,301,1919
2021-07-14,JAMBI,400,1,45,354,15007,12432,302,2273
2021-07-15,JAMBI,389,2,91,296,15396,12523,304,2569
2021-07-16,JAMBI,303,4,126,173,15699,12649,308,2742
2021-07-17,JAMBI,302,2,55,245,16001,12704,310,2987
2021-07-18,JAMBI,442,7,151,284,16443,12855,317,3271
2021-07-19,JAMBI,207,1,101,105,16650,12956,318,3376
2021-07-20,JAMBI,222,4,50,168,16872,13006,322,3544
2021-07-21,JAMBI,14,6,197,-189,16886,13203,328,3355
2021-07-22,JAMBI,359,10,21,328,17245,13224,338,3683
2021-07-23,JAMBI,465,7,35,423,17710,13259,345,4106
2021-07-24,JAMBI,396,8,57,331,18106,13316,353,4437
2021-07-25,JAMBI,192,9,51,132,18298,13367,362,4569
2021-07-26,JAMBI,105,7,159,-61,18403,13526,369,4508
2021-07-27,JAMBI,226,7,180,39,18629,13706,376,4547
2021-07-28,JAMBI,567,5,213,349,19196,13919,381,4896
2021-07-29,JAMBI,385,16,244,125,19581,14163,397,5021
2021-07-30,JAMBI,374,10,222,142,19955,14385,407,5163
2021-07-31,JAMBI,300,9,189,102,20255,14574,416,5265
2021-08-01,JAMBI,414,7,136,271,20669,14710,423,5536
2021-08-02,JAMBI,63,4,276,-217,20732,14986,427,5319
2021-08-03,JAMBI,435,7,134,294,21167,15120,434,5613
2021-08-04,JAMBI,387,26,398,-37,21554,15518,460,5576
2021-08-05,JAMBI,352,12,336,4,21906,15854,472,5580
2021-08-06,JAMBI,369,23,788,-442,22275,16642,495,5138
2021-08-07,JAMBI,320,9,434,-123,22595,17076,504,5015
2021-08-08,JAMBI,261,3,251,7,22856,17327,507,5022
2021-08-09,JAMBI,28,10,263,-245,22884,17590,517,4777
2021-08-10,JAMBI,453,7,167,279,23337,17757,524,5056
2021-08-11,JAMBI,457,11,322,124,23794,18079,535,5180
2021-08-12,JAMBI,100,6,545,-451,23894,18624,541,4729
2021-08-13,JAMBI,400,11,450,-61,24294,19074,552,4668
2021-08-14,JAMBI,414,10,236,168,24708,19310,562,4836
2021-08-15,JAMBI,375,8,306,61,25083,19616,570,4897
2021-08-16,JAMBI,173,7,235,-69,25256,19851,577,4828
2021-08-17,JAMBI,350,6,376,-32,25606,20227,583,4796
2021-08-18,JAMBI,121,8,676,-563,25727,20903,591,4233
2020-03-23,MALUKU UTARA,1,0,0,1,1,0,0,1
2020-03-24,MALUKU UTARA,0,0,0,0,1,0,0,1
2020-03-25,MALUKU UTARA,0,0,0,0,1,0,0,1
2020-03-26,MALUKU UTARA,0,0,0,0,1,0,0,1
2020-03-27,MALUKU UTARA,0,0,0,0,1,0,0,1
2020-03-28,MALUKU UTARA,0,0,0,0,1,0,0,1
2020-03-29,MALUKU UTARA,0,0,0,0,1,0,0,1
2020-03-30,MALUKU UTARA,0,0,0,0,1,0,0,1
2020-03-31,MALUKU UTARA,0,0,0,0,1,0,0,1
2020-04-01,MALUKU UTARA,0,0,0,0,1,0,0,1
2020-04-02,MALUKU UTARA,0,0,0,0,1,0,0,1
2020-04-03,MALUKU UTARA,0,0,0,0,1,0,0,1
2020-04-04,MALUKU UTARA,0,0,0,0,1,0,0,1
2020-04-05,MALUKU UTARA,0,0,0,0,1,0,0,1
2020-04-06,MALUKU UTARA,0,0,0,0,1,0,0,1
2020-04-07,MALUKU UTARA,0,0,0,0,1,0,0,1
2020-04-08,MALUKU UTARA,1,0,0,1,2,0,0,2
2020-04-09,MALUKU UTARA,0,0,1,-1,2,1,0,1
2020-04-10,MALUKU UTARA,0,0,0,0,2,1,0,1
2020-04-11,MALUKU UTARA,0,0,0,0,2,1,0,1
2020-04-12,MALUKU UTARA,0,0,0,0,2,1,0,1
2020-04-13,MALUKU UTARA,0,0,0,0,2,1,0,1
2020-04-14,MALUKU UTARA,0,0,0,0,2,1,0,1
2020-04-15,MALUKU UTARA,2,0,1,1,4,2,0,2
2020-04-16,MALUKU UTARA,0,0,0,0,4,2,0,2
2020-04-17,MALUKU UTARA,0,0,0,0,4,2,0,2
2020-04-18,MALUKU UTARA,0,0,0,0,4,2,0,2
2020-04-19,MALUKU UTARA,0,0,0,0,4,2,0,2
2020-04-20,MALUKU UTARA,0,0,0,0,4,2,0,2
2020-04-21,MALUKU UTARA,0,0,0,0,4,2,0,2
2020-04-22,MALUKU UTARA,8,0,0,8,12,2,0,10
2020-04-23,MALUKU UTARA,2,0,0,2,14,2,0,12
2020-04-24,MALUKU UTARA,0,0,0,0,14,2,0,12
2020-04-25,MALUKU UTARA,0,0,1,-1,14,3,0,11
2020-04-26,MALUKU UTARA,12,0,0,12,26,3,0,23
2020-04-27,MALUKU UTARA,0,0,0,0,26,3,0,23
2020-04-28,MALUKU UTARA,0,0,1,-1,26,4,0,22
2020-04-29,MALUKU UTARA,0,0,0,0,26,4,0,22
2020-04-30,MALUKU UTARA,14,0,0,14,40,4,0,36
2020-05-01,MALUKU UTARA,1,0,0,1,41,4,0,37
2020-05-02,MALUKU UTARA,0,0,0,0,41,4,0,37
2020-05-03,MALUKU UTARA,9,0,2,7,50,6,0,44
2020-05-04,MALUKU UTARA,0,0,0,0,50,6,0,44
2020-05-05,MALUKU UTARA,0,0,0,0,50,6,0,44
2020-05-06,MALUKU UTARA,0,0,0,0,50,6,0,44
2020-05-07,MALUKU UTARA,0,0,0,0,50,6,0,44
2020-05-08,MALUKU UTARA,0,0,3,-3,50,9,0,41
2020-05-09,MALUKU UTARA,4,0,0,4,54,9,0,45
2020-05-10,MALUKU UTARA,0,0,0,0,54,9,0,45
2020-05-11,MALUKU UTARA,0,0,0,0,54,9,0,45
2020-05-12,MALUKU UTARA,0,0,0,0,54,9,0,45
2020-05-13,MALUKU UTARA,23,3,0,20,77,9,3,65
2020-05-14,MALUKU UTARA,4,0,3,1,81,12,3,66
2020-05-15,MALUKU UTARA,4,1,1,2,85,13,4,68
2020-05-16,MALUKU UTARA,3,0,0,3,88,13,4,71
2020-05-17,MALUKU UTARA,4,0,0,4,92,13,4,75
2020-05-18,MALUKU UTARA,1,0,0,1,93,13,4,76
2020-05-19,MALUKU UTARA,2,0,0,2,95,13,4,78
2020-05-20,MALUKU UTARA,1,0,0,1,96,13,4,79
2020-05-21,MALUKU UTARA,1,0,0,1,97,13,4,80
2020-05-22,MALUKU UTARA,2,0,0,2,99,13,4,82
2020-05-23,MALUKU UTARA,0,0,0,0,99,13,4,82
2020-05-24,MALUKU UTARA,1,1,0,0,100,13,5,82
2020-05-25,MALUKU UTARA,7,0,0,7,107,13,5,89
2020-05-26,MALUKU UTARA,11,1,4,6,118,17,6,95
2020-05-27,MALUKU UTARA,1,0,4,-3,119,21,6,92
2020-05-28,MALUKU UTARA,9,1,0,8,128,21,7,100
2020-05-29,MALUKU UTARA,11,0,0,11,139,21,7,111
2020-05-30,MALUKU UTARA,7,0,6,1,146,27,7,112
2020-05-31,MALUKU UTARA,7,3,0,4,153,27,10,116
2020-06-01,MALUKU UTARA,7,3,2,2,160,29,13,118
2020-06-02,MALUKU UTARA,14,1,0,13,174,29,14,131
2020-06-03,MALUKU UTARA,2,1,1,0,176,30,15,131
2020-06-04,MALUKU UTARA,1,2,0,-1,177,30,17,130
2020-06-05,MALUKU UTARA,1,0,0,1,178,30,17,131
2020-06-06,MALUKU UTARA,7,0,3,4,185,33,17,135
2020-06-07,MALUKU UTARA,1,0,0,1,186,33,17,136
2020-06-08,MALUKU UTARA,0,0,0,0,186,33,17,136
2020-06-09,MALUKU UTARA,28,0,0,28,214,33,17,164
2020-06-10,MALUKU UTARA,13,0,4,9,227,37,17,173
2020-06-11,MALUKU UTARA,35,5,2,28,262,39,22,201
2020-06-12,MALUKU UTARA,22,0,1,21,284,40,22,222
2020-06-13,MALUKU UTARA,17,0,0,17,301,40,22,239
2020-06-14,MALUKU UTARA,8,0,8,0,309,48,22,239
2020-06-15,MALUKU UTARA,2,0,0,2,311,48,22,241
2020-06-16,MALUKU UTARA,3,0,0,3,314,48,22,244
2020-06-17,MALUKU UTARA,7,0,0,7,321,48,22,251
2020-06-18,MALUKU UTARA,21,0,1,20,342,49,22,271
2020-06-19,MALUKU UTARA,40,0,2,38,382,51,22,309
2020-06-20,MALUKU UTARA,17,0,5,12,399,56,22,321
2020-06-21,MALUKU UTARA,11,0,0,11,410,56,22,332
2020-06-22,MALUKU UTARA,20,2,14,4,430,70,24,336
2020-06-23,MALUKU UTARA,33,1,12,20,463,82,25,356
2020-06-24,MALUKU UTARA,96,0,6,90,559,88,25,446
2020-06-25,MALUKU UTARA,77,3,1,73,636,89,28,519
2020-06-26,MALUKU UTARA,34,2,8,24,670,97,30,543
2020-06-27,MALUKU UTARA,37,0,2,35,707,99,30,578
2020-06-28,MALUKU UTARA,11,0,4,7,718,103,30,585
2020-06-29,MALUKU UTARA,0,0,0,0,718,103,30,585
2020-06-30,MALUKU UTARA,9,0,2,7,727,105,30,592
2020-07-01,MALUKU UTARA,140,0,7,133,867,112,30,725
2020-07-02,MALUKU UTARA,68,0,5,63,935,117,30,788
2020-07-03,MALUKU UTARA,10,1,2,7,945,119,31,795
2020-07-04,MALUKU UTARA,3,0,4,-1,948,123,31,794
2020-07-05,MALUKU UTARA,0,0,0,0,948,123,31,794
2020-07-06,MALUKU UTARA,0,0,0,0,948,123,31,794
2020-07-07,MALUKU UTARA,14,0,1,13,962,124,31,807
2020-07-08,MALUKU UTARA,70,0,4,66,1032,128,31,873
2020-07-09,MALUKU UTARA,73,2,2,69,1105,130,33,942
2020-07-10,MALUKU UTARA,24,0,1,23,1129,131,33,965
2020-07-11,MALUKU UTARA,23,0,0,23,1152,131,33,988
2020-07-12,MALUKU UTARA,8,4,1,3,1160,132,37,991
2020-07-13,MALUKU UTARA,13,1,4,8,1173,136,38,999
2020-07-14,MALUKU UTARA,2,0,4,-2,1175,140,38,997
2020-07-15,MALUKU UTARA,39,0,3,36,1214,143,38,1033
2020-07-16,MALUKU UTARA,27,0,4,23,1241,147,38,1056
2020-07-17,MALUKU UTARA,11,0,5,6,1252,152,38,1062
2020-07-18,MALUKU UTARA,33,0,23,10,1285,175,38,1072
2020-07-19,MALUKU UTARA,8,0,10,-2,1293,185,38,1070
2020-07-20,MALUKU UTARA,3,0,5,-2,1296,190,38,1068
2020-07-21,MALUKU UTARA,42,0,6,36,1338,196,38,1104
2020-07-22,MALUKU UTARA,8,2,8,-2,1346,204,40,1102
2020-07-23,MALUKU UTARA,9,0,37,-28,1355,241,40,1074
2020-07-24,MALUKU UTARA,27,2,18,7,1382,259,42,1081
2020-07-25,MALUKU UTARA,37,3,5,29,1419,264,45,1110
2020-07-26,MALUKU UTARA,32,1,4,27,1451,268,46,1137
2020-07-27,MALUKU UTARA,14,1,21,-8,1465,289,47,1129
2020-07-28,MALUKU UTARA,38,0,22,16,1503,311,47,1145
2020-07-29,MALUKU UTARA,31,1,17,13,1534,328,48,1158
2020-07-30,MALUKU UTARA,6,2,0,4,1540,328,50,1162
2020-07-31,MALUKU UTARA,0,0,0,0,1540,328,50,1162
2020-08-01,MALUKU UTARA,13,0,2,11,1553,330,50,1173
2020-08-02,MALUKU UTARA,14,0,0,14,1567,330,50,1187
2020-08-03,MALUKU UTARA,5,0,17,-12,1572,347,50,1175
2020-08-04,MALUKU UTARA,6,0,216,-210,1578,563,50,965
2020-08-05,MALUKU UTARA,7,0,201,-194,1585,764,50,771
2020-08-06,MALUKU UTARA,7,0,88,-81,1592,852,50,690
2020-08-07,MALUKU UTARA,31,0,4,27,1623,856,50,717
2020-08-08,MALUKU UTARA,47,0,0,47,1670,856,50,764
2020-08-09,MALUKU UTARA,4,2,0,2,1674,856,52,766
2020-08-10,MALUKU UTARA,6,4,4,-2,1680,860,56,764
2020-08-11,MALUKU UTARA,11,0,13,-2,1691,873,56,762
2020-08-12,MALUKU UTARA,18,3,51,-36,1709,924,59,726
2020-08-13,MALUKU UTARA,8,0,36,-28,1717,960,59,698
2020-08-14,MALUKU UTARA,12,0,0,12,1729,960,59,710
2020-08-15,MALUKU UTARA,10,0,48,-38,1739,1008,59,672
2020-08-16,MALUKU UTARA,2,0,23,-21,1741,1031,59,651
2020-08-17,MALUKU UTARA,3,0,6,-3,1744,1037,59,648
2020-08-18,MALUKU UTARA,2,0,0,2,1746,1037,59,650
2020-08-19,MALUKU UTARA,10,0,458,-448,1756,1495,59,202
2020-08-20,MALUKU UTARA,5,0,1,4,1761,1496,59,206
2020-08-21,MALUKU UTARA,0,2,0,-2,1761,1496,61,204
2020-08-22,MALUKU UTARA,9,0,0,9,1770,1496,61,213
2020-08-23,MALUKU UTARA,4,0,0,4,1774,1496,61,217
2020-08-24,MALUKU UTARA,4,0,0,4,1778,1496,61,221
2020-08-25,MALUKU UTARA,1,0,14,-13,1779,1510,61,208
2020-08-26,MALUKU UTARA,30,0,0,30,1809,1510,61,238
2020-08-27,MALUKU UTARA,16,2,53,-39,1825,1563,63,199
2020-08-28,MALUKU UTARA,15,2,0,13,1840,1563,65,212
2020-08-29,MALUKU UTARA,0,0,18,-18,1840,1581,65,194
2020-08-30,MALUKU UTARA,18,1,0,17,1858,1581,66,211
2020-08-31,MALUKU UTARA,2,0,0,2,1860,1581,66,213
2020-09-01,MALUKU UTARA,6,0,0,6,1866,1581,66,219
2020-09-02,MALUKU UTARA,5,0,0,5,1871,1581,66,224
2020-09-03,MALUKU UTARA,7,0,0,7,1878,1581,66,231
2020-09-04,MALUKU UTARA,9,0,0,9,1887,1581,66,240
2020-09-05,MALUKU UTARA,0,0,0,0,1887,1581,66,240
2020-09-06,MALUKU UTARA,0,0,0,0,1887,1581,66,240
2020-09-07,MALUKU UTARA,9,1,0,8,1896,1581,67,248
2020-09-08,MALUKU UTARA,4,1,0,3,1900,1581,68,251
2020-09-09,MALUKU UTARA,10,2,0,8,1910,1581,70,259
2020-09-10,MALUKU UTARA,1,1,0,0,1911,1581,71,259
2020-09-11,MALUKU UTARA,7,0,5,2,1918,1586,71,261
2020-09-12,MALUKU UTARA,3,0,0,3,1921,1586,71,264
2020-09-13,MALUKU UTARA,14,0,8,6,1935,1594,71,270
2020-09-14,MALUKU UTARA,5,0,0,5,1940,1594,71,275
2020-09-15,MALUKU UTARA,16,1,1,14,1956,1595,72,289
2020-09-16,MALUKU UTARA,10,0,16,-6,1966,1611,72,283
2020-09-17,MALUKU UTARA,6,0,164,-158,1972,1775,72,125
2020-09-18,MALUKU UTARA,1,0,12,-11,1973,1787,72,114
2020-09-19,MALUKU UTARA,19,0,0,19,1992,1787,72,133
2020-09-20,MALUKU UTARA,0,0,0,0,1992,1787,72,133
2020-09-21,MALUKU UTARA,19,1,0,18,2011,1787,73,151
2020-09-22,MALUKU UTARA,3,0,0,3,2014,1787,73,154
2020-09-23,MALUKU UTARA,21,0,0,21,2035,1787,73,175
2020-09-24,MALUKU UTARA,4,0,12,-8,2039,1799,73,167
2020-09-25,MALUKU UTARA,6,0,0,6,2045,1799,73,173
2020-09-26,MALUKU UTARA,3,0,0,3,2048,1799,73,176
2020-09-27,MALUKU UTARA,0,0,0,0,2048,1799,73,176
2020-09-28,MALUKU UTARA,4,1,0,3,2052,1799,74,179
2020-09-29,MALUKU UTARA,7,0,3,4,2059,1802,74,183
2020-09-30,MALUKU UTARA,6,0,0,6,2065,1802,74,189
2020-10-01,MALUKU UTARA,2,0,0,2,2067,1802,74,191
2020-10-02,MALUKU UTARA,7,0,0,7,2074,1802,74,198
2020-10-03,MALUKU UTARA,1,0,9,-8,2075,1811,74,190
2020-10-04,MALUKU UTARA,0,0,0,0,2075,1811,74,190
2020-10-05,MALUKU UTARA,2,0,8,-6,2077,1819,74,184
2020-10-06,MALUKU UTARA,0,0,4,-4,2077,1823,74,180
2020-10-07,MALUKU UTARA,0,0,8,-8,2077,1831,74,172
2020-10-08,MALUKU UTARA,5,0,0,5,2082,1831,74,177
2020-10-09,MALUKU UTARA,0,0,33,-33,2082,1864,74,144
2020-10-10,MALUKU UTARA,7,0,0,7,2089,1864,74,151
2020-10-11,MALUKU UTARA,0,0,0,0,2089,1864,74,151
2020-10-12,MALUKU UTARA,16,0,4,12,2105,1868,74,163
2020-10-13,MALUKU UTARA,5,0,20,-15,2110,1888,74,148
2020-10-14,MALUKU UTARA,4,0,4,0,2114,1892,74,148
2020-10-15,MALUKU UTARA,1,0,0,1,2115,1892,74,149
2020-10-16,MALUKU UTARA,5,0,14,-9,2120,1906,74,140
2020-10-17,MALUKU UTARA,0,0,0,0,2120,1906,74,140
2020-10-18,MALUKU UTARA,0,0,0,0,2120,1906,74,140
2020-10-19,MALUKU UTARA,11,0,3,8,2131,1909,74,148
2020-10-20,MALUKU UTARA,11,0,19,-8,2142,1928,74,140
2020-10-21,MALUKU UTARA,10,0,0,10,2152,1928,74,150
2020-10-22,MALUKU UTARA,28,0,0,28,2180,1928,74,178
2020-10-23,MALUKU UTARA,7,0,0,7,2187,1928,74,185
2020-10-24,MALUKU UTARA,1,0,0,1,2188,1928,74,186
2020-10-25,MALUKU UTARA,0,0,0,0,2188,1928,74,186
2020-10-26,MALUKU UTARA,4,0,0,4,2192,1928,74,190
2020-10-27,MALUKU UTARA,1,0,0,1,2193,1928,74,191
2020-10-28,MALUKU UTARA,3,1,0,2,2196,1928,75,193
2020-10-29,MALUKU UTARA,0,0,0,0,2196,1928,75,193
2020-10-30,MALUKU UTARA,3,0,0,3,2199,1928,75,196
2020-10-31,MALUKU UTARA,0,0,0,0,2199,1928,75,196
2020-11-01,MALUKU UTARA,0,0,0,0,2199,1928,75,196
2020-11-02,MALUKU UTARA,33,0,18,15,2232,1946,75,211
2020-11-03,MALUKU UTARA,0,0,0,0,2232,1946,75,211
2020-11-04,MALUKU UTARA,2,0,0,2,2234,1946,75,213
2020-11-05,MALUKU UTARA,1,0,0,1,2235,1946,75,214
2020-11-06,MALUKU UTARA,3,0,0,3,2238,1946,75,217
2020-11-07,MALUKU UTARA,2,0,0,2,2240,1946,75,219
2020-11-08,MALUKU UTARA,0,0,0,0,2240,1946,75,219
2020-11-09,MALUKU UTARA,4,0,0,4,2244,1946,75,223
2020-11-10,MALUKU UTARA,3,0,0,3,2247,1946,75,226
2020-11-11,MALUKU UTARA,28,0,0,28,2275,1946,75,254
2020-11-12,MALUKU UTARA,0,0,0,0,2275,1946,75,254
2020-11-13,MALUKU UTARA,9,1,0,8,2284,1946,76,262
2020-11-14,MALUKU UTARA,6,0,0,6,2290,1946,76,268
2020-11-15,MALUKU UTARA,4,0,0,4,2294,1946,76,272
2020-11-16,MALUKU UTARA,3,0,0,3,2297,1946,76,275
2020-11-17,MALUKU UTARA,20,0,0,20,2317,1946,76,295
2020-11-18,MALUKU UTARA,5,1,0,4,2322,1946,77,299
2020-11-19,MALUKU UTARA,1,2,16,-17,2323,1962,79,282
2020-11-20,MALUKU UTARA,13,0,0,13,2336,1962,79,295
2020-11-21,MALUKU UTARA,8,0,4,4,2344,1966,79,299
2020-11-22,MALUKU UTARA,3,0,0,3,2347,1966,79,302
2020-11-23,MALUKU UTARA,2,1,0,1,2349,1966,80,303
2020-11-24,MALUKU UTARA,3,1,5,-3,2352,1971,81,300
2020-11-25,MALUKU UTARA,3,0,0,3,2355,1971,81,303
2020-11-26,MALUKU UTARA,1,0,0,1,2356,1971,81,304
2020-11-27,MALUKU UTARA,6,0,0,6,2362,1971,81,310
2020-11-28,MALUKU UTARA,7,0,0,7,2369,1971,81,317
2020-11-29,MALUKU UTARA,2,0,0,2,2371,1971,81,319
2020-11-30,MALUKU UTARA,2,0,0,2,2373,1971,81,321
2020-12-01,MALUKU UTARA,3,0,10,-7,2376,1981,81,314
2020-12-02,MALUKU UTARA,50,1,39,10,2426,2020,82,324
2020-12-03,MALUKU UTARA,25,1,0,24,2451,2020,83,348
2020-12-04,MALUKU UTARA,10,0,0,10,2461,2020,83,358
2020-12-05,MALUKU UTARA,6,0,0,6,2467,2020,83,364
2020-12-06,MALUKU UTARA,5,0,0,5,2472,2020,83,369
2020-12-07,MALUKU UTARA,6,0,6,0,2478,2026,83,369
2020-12-08,MALUKU UTARA,9,1,3,5,2487,2029,84,374
2020-12-09,MALUKU UTARA,0,0,0,0,2487,2029,84,374
2020-12-10,MALUKU UTARA,9,0,0,9,2496,2029,84,383
2020-12-11,MALUKU UTARA,5,0,0,5,2501,2029,84,388
2020-12-12,MALUKU UTARA,12,0,0,12,2513,2029,84,400
2020-12-13,MALUKU UTARA,8,0,0,8,2521,2029,84,408
2020-12-14,MALUKU UTARA,9,0,34,-25,2530,2063,84,383
2020-12-15,MALUKU UTARA,21,0,5,16,2551,2068,84,399
2020-12-16,MALUKU UTARA,12,0,0,12,2563,2068,84,411
2020-12-17,MALUKU UTARA,8,0,0,8,2571,2068,84,419
2020-12-18,MALUKU UTARA,7,0,0,7,2578,2068,84,426
2020-12-19,MALUKU UTARA,14,2,0,12,2592,2068,86,438
2020-12-20,MALUKU UTARA,62,0,0,62,2654,2068,86,500
2020-12-21,MALUKU UTARA,54,0,0,54,2708,2068,86,554
2020-12-22,MALUKU UTARA,5,1,1,3,2713,2069,87,557
2020-12-23,MALUKU UTARA,8,0,12,-4,2721,2081,87,553
2020-12-24,MALUKU UTARA,9,0,2,7,2730,2083,87,560
2020-12-25,MALUKU UTARA,4,0,0,4,2734,2083,87,564
2020-12-26,MALUKU UTARA,3,0,0,3,2737,2083,87,567
2020-12-27,MALUKU UTARA,3,0,22,-19,2740,2105,87,548
2020-12-28,MALUKU UTARA,8,0,3,5,2748,2108,87,553
2020-12-29,MALUKU UTARA,6,2,201,-197,2754,2309,89,356
2020-12-30,MALUKU UTARA,6,0,42,-36,2760,2351,89,320
2020-12-31,MALUKU UTARA,11,0,2,9,2771,2353,89,329
2021-01-01,MALUKU UTARA,2,1,0,1,2773,2353,90,330
2021-01-02,MALUKU UTARA,9,0,8,1,2782,2361,90,331
2021-01-03,MALUKU UTARA,5,0,0,5,2787,2361,90,336
2021-01-04,MALUKU UTARA,9,1,0,8,2796,2361,91,344
2021-01-05,MALUKU UTARA,22,0,2,20,2818,2363,91,364
2021-01-06,MALUKU UTARA,20,0,0,20,2838,2363,91,384
2021-01-07,MALUKU UTARA,25,0,19,6,2863,2382,91,390
2021-01-08,MALUKU UTARA,12,1,18,-7,2875,2400,92,383
2021-01-09,MALUKU UTARA,13,0,40,-27,2888,2440,92,356
2021-01-10,MALUKU UTARA,52,0,46,6,2940,2486,92,362
2021-01-11,MALUKU UTARA,9,0,13,-4,2949,2499,92,358
2021-01-12,MALUKU UTARA,23,2,22,-1,2972,2521,94,357
2021-01-13,MALUKU UTARA,54,0,28,26,3026,2549,94,383
2021-01-14,MALUKU UTARA,24,0,19,5,3050,2568,94,388
2021-01-15,MALUKU UTARA,25,0,12,13,3075,2580,94,401
2021-01-16,MALUKU UTARA,16,0,0,16,3091,2580,94,417
2021-01-17,MALUKU UTARA,24,0,0,24,3115,2580,94,441
2021-01-18,MALUKU UTARA,19,0,54,-35,3134,2634,94,406
2021-01-19,MALUKU UTARA,15,1,0,14,3149,2634,95,420
2021-01-20,MALUKU UTARA,85,0,4,81,3234,2638,95,501
2021-01-21,MALUKU UTARA,7,0,0,7,3241,2638,95,508
2021-01-22,MALUKU UTARA,36,2,5,29,3277,2643,97,537
2021-01-23,MALUKU UTARA,24,0,21,3,3301,2664,97,540
2021-01-24,MALUKU UTARA,3,2,3,-2,3304,2667,99,538
2021-01-25,MALUKU UTARA,27,1,26,0,3331,2693,100,538
2021-01-26,MALUKU UTARA,31,0,10,21,3362,2703,100,559
2021-01-27,MALUKU UTARA,30,0,0,30,3392,2703,100,589
2021-01-28,MALUKU UTARA,12,0,3,9,3404,2706,100,598
2021-01-29,MALUKU UTARA,22,0,76,-54,3426,2782,100,544
2021-01-30,MALUKU UTARA,16,0,0,16,3442,2782,100,560
2021-01-31,MALUKU UTARA,10,0,0,10,3452,2782,100,570
2021-02-01,MALUKU UTARA,31,1,2,28,3483,2784,101,598
2021-02-02,MALUKU UTARA,45,2,63,-20,3528,2847,103,578
2021-02-03,MALUKU UTARA,12,1,0,11,3540,2847,104,589
2021-02-04,MALUKU UTARA,30,1,21,8,3570,2868,105,597
2021-02-05,MALUKU UTARA,33,1,7,25,3603,2875,106,622
2021-02-06,MALUKU UTARA,0,0,0,0,3603,2875,106,622
2021-02-07,MALUKU UTARA,10,0,22,-12,3613,2897,106,610
2021-02-08,MALUKU UTARA,21,1,39,-19,3634,2936,107,591
2021-02-09,MALUKU UTARA,39,1,69,-31,3673,3005,108,560
2021-02-10,MALUKU UTARA,40,1,13,26,3713,3018,109,586
2021-02-11,MALUKU UTARA,49,1,16,32,3762,3034,110,618
2021-02-12,MALUKU UTARA,58,0,9,49,3820,3043,110,667
2021-02-13,MALUKU UTARA,27,0,5,22,3847,3048,110,689
2021-02-14,MALUKU UTARA,22,0,10,12,3869,3058,110,701
2021-02-15,MALUKU UTARA,9,0,53,-44,3878,3111,110,657
2021-02-16,MALUKU UTARA,8,0,0,8,3886,3111,110,665
2021-02-17,MALUKU UTARA,22,0,0,22,3908,3111,110,687
2021-02-18,MALUKU UTARA,4,1,29,-26,3912,3140,111,661
2021-02-19,MALUKU UTARA,1,0,62,-61,3913,3202,111,600
2021-02-20,MALUKU UTARA,19,0,20,-1,3932,3222,111,599
2021-02-21,MALUKU UTARA,1,0,4,-3,3933,3226,111,596
2021-02-22,MALUKU UTARA,15,0,49,-34,3948,3275,111,562
2021-02-23,MALUKU UTARA,10,1,55,-46,3958,3330,112,516
2021-02-24,MALUKU UTARA,12,0,0,12,3970,3330,112,528
2021-02-25,MALUKU UTARA,5,0,0,5,3975,3330,112,533
2021-02-26,MALUKU UTARA,6,0,49,-43,3981,3379,112,490
2021-02-27,MALUKU UTARA,1,1,0,0,3982,3379,113,490
2021-02-28,MALUKU UTARA,0,0,0,0,3982,3379,113,490
2021-03-01,MALUKU UTARA,5,0,12,-7,3987,3391,113,483
2021-03-02,MALUKU UTARA,0,0,12,-12,3987,3403,113,471
2021-03-03,MALUKU UTARA,43,0,11,32,4030,3414,113,503
2021-03-04,MALUKU UTARA,6,0,9,-3,4036,3423,113,500
2021-03-05,MALUKU UTARA,4,0,13,-9,4040,3436,113,491
2021-03-06,MALUKU UTARA,12,0,19,-7,4052,3455,113,484
2021-03-07,MALUKU UTARA,10,0,0,10,4062,3455,113,494
2021-03-08,MALUKU UTARA,17,1,0,16,4079,3455,114,510
2021-03-09,MALUKU UTARA,33,0,12,21,4112,3467,114,531
2021-03-10,MALUKU UTARA,35,0,21,14,4147,3488,114,545
2021-03-11,MALUKU UTARA,0,1,3,-4,4147,3491,115,541
2021-03-12,MALUKU UTARA,1,0,0,1,4148,3491,115,542
2021-03-13,MALUKU UTARA,12,0,0,12,4160,3491,115,554
2021-03-14,MALUKU UTARA,13,0,9,4,4173,3500,115,558
2021-03-15,MALUKU UTARA,20,2,18,0,4193,3518,117,558
2021-03-16,MALUKU UTARA,27,1,13,13,4220,3531,118,571
2021-03-17,MALUKU UTARA,9,0,4,5,4229,3535,118,576
2021-03-18,MALUKU UTARA,9,0,8,1,4238,3543,118,577
2021-03-19,MALUKU UTARA,19,1,1,17,4257,3544,119,594
2021-03-20,MALUKU UTARA,10,0,6,4,4267,3550,119,598
2021-03-21,MALUKU UTARA,0,0,6,-6,4267,3556,119,592
2021-03-22,MALUKU UTARA,7,0,25,-18,4274,3581,119,574
2021-03-23,MALUKU UTARA,3,0,2,1,4277,3583,119,575
2021-03-24,MALUKU UTARA,7,0,11,-4,4284,3594,119,571
2021-03-25,MALUKU UTARA,0,1,27,-28,4284,3621,120,543
2021-03-26,MALUKU UTARA,9,0,1,8,4293,3622,120,551
2021-03-27,MALUKU UTARA,7,0,5,2,4300,3627,120,553
2021-03-28,MALUKU UTARA,4,0,0,4,4304,3627,120,557
2021-03-29,MALUKU UTARA,6,0,34,-28,4310,3661,120,529
2021-03-30,MALUKU UTARA,12,0,0,12,4322,3661,120,541
2021-03-31,MALUKU UTARA,6,0,5,1,4328,3666,120,542
2021-04-01,MALUKU UTARA,3,0,0,3,4331,3666,120,545
2021-04-02,MALUKU UTARA,0,0,0,0,4331,3666,120,545
2021-04-03,MALUKU UTARA,0,0,0,0,4331,3666,120,545
2021-04-04,MALUKU UTARA,0,0,0,0,4331,3666,120,545
2021-04-05,MALUKU UTARA,1,0,15,-14,4332,3681,120,531
2021-04-06,MALUKU UTARA,8,0,0,8,4340,3681,120,539
2021-04-07,MALUKU UTARA,11,0,4,7,4351,3685,120,546
2021-04-08,MALUKU UTARA,2,0,26,-24,4353,3711,120,522
2021-04-09,MALUKU UTARA,0,0,6,-6,4353,3717,120,516
2021-04-10,MALUKU UTARA,4,0,4,0,4357,3721,120,516
2021-04-11,MALUKU UTARA,0,0,94,-94,4357,3815,120,422
2021-04-12,MALUKU UTARA,0,0,20,-20,4357,3835,120,402
2021-04-13,MALUKU UTARA,3,0,10,-7,4360,3845,120,395
2021-04-14,MALUKU UTARA,6,0,17,-11,4366,3862,120,384
2021-04-15,MALUKU UTARA,3,0,48,-45,4369,3910,120,339
2021-04-16,MALUKU UTARA,2,0,0,2,4371,3910,120,341
2021-04-17,MALUKU UTARA,6,0,45,-39,4377,3955,120,302
2021-04-18,MALUKU UTARA,4,0,0,4,4381,3955,120,306
2021-04-19,MALUKU UTARA,1,0,45,-44,4382,4000,120,262
2021-04-20,MALUKU UTARA,5,0,14,-9,4387,4014,120,253
2021-04-21,MALUKU UTARA,11,0,59,-48,4398,4073,120,205
2021-04-22,MALUKU UTARA,1,0,13,-12,4399,4086,120,193
2021-04-23,MALUKU UTARA,3,0,6,-3,4402,4092,120,190
2021-04-24,MALUKU UTARA,6,0,1,5,4408,4093,120,195
2021-04-25,MALUKU UTARA,5,0,0,5,4413,4093,120,200
2021-04-26,MALUKU UTARA,0,0,20,-20,4413,4113,120,180
2021-04-27,MALUKU UTARA,1,0,4,-3,4414,4117,120,177
2021-04-28,MALUKU UTARA,1,0,26,-25,4415,4143,120,152
2021-04-29,MALUKU UTARA,0,0,0,0,4415,4143,120,152
2021-04-30,MALUKU UTARA,2,0,4,-2,4417,4147,120,150
2021-05-01,MALUKU UTARA,0,0,0,0,4417,4147,120,150
2021-05-02,MALUKU UTARA,0,0,0,0,4417,4147,120,150
2021-05-03,MALUKU UTARA,3,0,33,-30,4420,4180,120,120
2021-05-04,MALUKU UTARA,1,0,6,-5,4421,4186,120,115
2021-05-05,MALUKU UTARA,7,0,21,-14,4428,4207,120,101
2021-05-06,MALUKU UTARA,2,0,12,-10,4430,4219,120,91
2021-05-07,MALUKU UTARA,3,0,0,3,4433,4219,120,94
2021-05-08,MALUKU UTARA,0,0,0,0,4433,4219,120,94
2021-05-09,MALUKU UTARA,1,0,0,1,4434,4219,120,95
2021-05-10,MALUKU UTARA,0,0,2,-2,4434,4221,120,93
2021-05-11,MALUKU UTARA,2,0,0,2,4436,4221,120,95
2021-05-12,MALUKU UTARA,0,0,0,0,4436,4221,120,95
2021-05-13,MALUKU UTARA,5,0,0,5,4441,4221,120,100
2021-05-14,MALUKU UTARA,0,0,0,0,4441,4221,120,100
2021-05-15,MALUKU UTARA,7,0,0,7,4448,4221,120,107
2021-05-16,MALUKU UTARA,1,0,3,-2,4449,4224,120,105
2021-05-17,MALUKU UTARA,0,0,8,-8,4449,4232,120,97
2021-05-18,MALUKU UTARA,4,0,0,4,4453,4232,120,101
2021-05-19,MALUKU UTARA,2,0,0,2,4455,4232,120,103
2021-05-20,MALUKU UTARA,8,0,0,8,4463,4232,120,111
2021-05-21,MALUKU UTARA,2,0,0,2,4465,4232,120,113
2021-05-22,MALUKU UTARA,7,0,0,7,4472,4232,120,120
2021-05-23,MALUKU UTARA,9,0,0,9,4481,4232,120,129
2021-05-24,MALUKU UTARA,4,0,20,-16,4485,4252,120,113
2021-05-25,MALUKU UTARA,4,0,0,4,4489,4252,120,117
2021-05-26,MALUKU UTARA,2,0,0,2,4491,4252,120,119
2021-05-27,MALUKU UTARA,0,0,0,0,4491,4252,120,119
2021-05-28,MALUKU UTARA,3,0,0,3,4494,4252,120,122
2021-05-29,MALUKU UTARA,2,1,0,1,4496,4252,121,123
2021-05-30,MALUKU UTARA,16,0,19,-3,4512,4271,121,120
2021-05-31,MALUKU UTARA,6,0,1,5,4518,4272,121,125
2021-06-01,MALUKU UTARA,1,0,0,1,4519,4272,121,126
2021-06-02,MALUKU UTARA,3,0,15,-12,4522,4287,121,114
2021-06-03,MALUKU UTARA,4,0,5,-1,4526,4292,121,113
2021-06-04,MALUKU UTARA,4,0,0,4,4530,4292,121,117
2021-06-05,MALUKU UTARA,8,0,0,8,4538,4292,121,125
2021-06-06,MALUKU UTARA,10,0,0,10,4548,4292,121,135
2021-06-07,MALUKU UTARA,7,0,4,3,4555,4296,121,138
2021-06-08,MALUKU UTARA,13,0,20,-7,4568,4316,121,131
2021-06-09,MALUKU UTARA,8,0,9,-1,4576,4325,121,130
2021-06-10,MALUKU UTARA,8,0,0,8,4584,4325,121,138
2021-06-11,MALUKU UTARA,6,0,0,6,4590,4325,121,144
2021-06-12,MALUKU UTARA,10,0,22,-12,4600,4347,121,132
2021-06-13,MALUKU UTARA,13,0,0,13,4613,4347,121,145
2021-06-14,MALUKU UTARA,8,0,30,-22,4621,4377,121,123
2021-06-15,MALUKU UTARA,26,0,32,-6,4647,4409,121,117
2021-06-16,MALUKU UTARA,8,0,11,-3,4655,4420,121,114
2021-06-17,MALUKU UTARA,7,0,2,5,4662,4422,121,119
2021-06-18,MALUKU UTARA,28,2,36,-10,4690,4458,123,109
2021-06-19,MALUKU UTARA,16,0,7,9,4706,4465,123,118
2021-06-20,MALUKU UTARA,1,0,0,1,4707,4465,123,119
2021-06-21,MALUKU UTARA,6,0,10,-4,4713,4475,123,115
2021-06-22,MALUKU UTARA,36,0,3,33,4749,4478,123,148
2021-06-23,MALUKU UTARA,21,1,1,19,4770,4479,124,167
2021-06-24,MALUKU UTARA,121,1,0,120,4891,4479,125,287
2021-06-25,MALUKU UTARA,86,0,5,81,4977,4484,125,368
2021-06-26,MALUKU UTARA,58,1,0,57,5035,4484,126,425
2021-06-27,MALUKU UTARA,28,2,4,22,5063,4488,128,447
2021-06-28,MALUKU UTARA,24,0,0,24,5087,4488,128,471
2021-06-29,MALUKU UTARA,36,0,2,34,5123,4490,128,505
2021-06-30,MALUKU UTARA,100,0,11,89,5223,4501,128,594
2021-07-01,MALUKU UTARA,132,1,4,127,5355,4505,129,721
2021-07-02,MALUKU UTARA,201,1,5,195,5556,4510,130,916
2021-07-03,MALUKU UTARA,125,0,0,125,5681,4510,130,1041
2021-07-04,MALUKU UTARA,146,4,23,119,5827,4533,134,1160
2021-07-05,MALUKU UTARA,68,0,1,67,5895,4534,134,1227
2021-07-06,MALUKU UTARA,117,4,40,73,6012,4574,138,1300
2021-07-07,MALUKU UTARA,218,1,24,193,6230,4598,139,1493
2021-07-08,MALUKU UTARA,125,2,19,104,6355,4617,141,1597
2021-07-09,MALUKU UTARA,171,1,33,137,6526,4650,142,1734
2021-07-10,MALUKU UTARA,234,6,17,211,6760,4667,148,1945
2021-07-11,MALUKU UTARA,184,3,19,162,6944,4686,151,2107
2021-07-12,MALUKU UTARA,131,8,61,62,7075,4747,159,2169
2021-07-13,MALUKU UTARA,173,1,108,64,7248,4855,160,2233
2021-07-14,MALUKU UTARA,161,5,56,100,7409,4911,165,2333
2021-07-15,MALUKU UTARA,199,5,72,122,7608,4983,170,2455
2021-07-16,MALUKU UTARA,152,0,75,77,7760,5058,170,2532
2021-07-17,MALUKU UTARA,360,3,122,235,8120,5180,173,2767
2021-07-18,MALUKU UTARA,84,6,90,-12,8204,5270,179,2755
2021-07-19,MALUKU UTARA,92,5,76,11,8296,5346,184,2766
2021-07-20,MALUKU UTARA,85,1,73,11,8381,5419,185,2777
2021-07-21,MALUKU UTARA,173,5,114,54,8554,5533,190,2831
2021-07-22,MALUKU UTARA,155,0,67,88,8709,5600,190,2919
2021-07-23,MALUKU UTARA,181,7,330,-156,8890,5930,197,2763
2021-07-24,MALUKU UTARA,82,0,66,16,8972,5996,197,2779
2021-07-25,MALUKU UTARA,268,11,80,177,9240,6076,208,2956
2021-07-26,MALUKU UTARA,179,7,141,31,9419,6217,215,2987
2021-07-27,MALUKU UTARA,136,4,151,-19,9555,6368,219,2968
2021-07-28,MALUKU UTARA,195,2,138,55,9750,6506,221,3023
2021-07-29,MALUKU UTARA,110,10,370,-270,9860,6876,231,2753
2021-07-30,MALUKU UTARA,156,3,261,-108,10016,7137,234,2645
2021-07-31,MALUKU UTARA,22,4,172,-154,10038,7309,238,2491
2021-08-01,MALUKU UTARA,22,2,32,-12,10060,7341,240,2479
2021-08-02,MALUKU UTARA,35,0,47,-12,10095,7388,240,2467
2021-08-03,MALUKU UTARA,49,3,156,-110,10144,7544,243,2357
2021-08-04,MALUKU UTARA,43,1,97,-55,10187,7641,244,2302
2021-08-05,MALUKU UTARA,110,2,29,79,10297,7670,246,2381
2021-08-06,MALUKU UTARA,189,0,301,-112,10486,7971,246,2269
2021-08-07,MALUKU UTARA,176,5,341,-170,10662,8312,251,2099
2021-08-08,MALUKU UTARA,132,0,372,-240,10794,8684,251,1859
2021-08-09,MALUKU UTARA,46,2,99,-55,10840,8783,253,1804
2021-08-10,MALUKU UTARA,97,0,117,-20,10937,8900,253,1784
2021-08-11,MALUKU UTARA,36,5,169,-138,10973,9069,258,1646
2021-08-12,MALUKU UTARA,61,1,55,5,11034,9124,259,1651
2021-08-13,MALUKU UTARA,77,4,307,-234,11111,9431,263,1417
2021-08-14,MALUKU UTARA,51,0,30,21,11162,9461,263,1438
2021-08-15,MALUKU UTARA,14,2,59,-47,11176,9520,265,1391
2021-08-16,MALUKU UTARA,49,0,53,-4,11225,9573,265,1387
2021-08-17,MALUKU UTARA,40,7,113,-80,11265,9686,272,1307
2021-08-18,MALUKU UTARA,18,0,36,-18,11283,9722,272,1289
2021-08-19,MALUKU UTARA,1,2,0,-1,11284,9722,274,1288
2020-03-22,MALUKU,1,0,0,1,1,0,0,1
2020-03-23,MALUKU,0,0,0,0,1,0,0,1
2020-03-24,MALUKU,0,0,0,0,1,0,0,1
2020-03-25,MALUKU,0,0,0,0,1,0,0,1
2020-03-26,MALUKU,0,0,0,0,1,0,0,1
2020-03-27,MALUKU,0,0,0,0,1,0,0,1
2020-03-28,MALUKU,0,0,0,0,1,0,0,1
2020-03-29,MALUKU,0,0,0,0,1,0,0,1
2020-03-30,MALUKU,0,0,0,0,1,0,0,1
2020-03-31,MALUKU,0,0,0,0,1,0,0,1
2020-04-01,MALUKU,0,0,1,-1,1,1,0,0
2020-04-02,MALUKU,0,0,0,0,1,1,0,0
2020-04-03,MALUKU,0,0,0,0,1,1,0,0
2020-04-04,MALUKU,0,0,0,0,1,1,0,0
2020-04-05,MALUKU,0,0,0,0,1,1,0,0
2020-04-06,MALUKU,0,0,0,0,1,1,0,0
2020-04-07,MALUKU,0,0,0,0,1,1,0,0
2020-04-08,MALUKU,2,0,0,2,3,1,0,2
2020-04-09,MALUKU,0,0,0,0,3,1,0,2
2020-04-10,MALUKU,0,0,0,0,3,1,0,2
2020-04-11,MALUKU,0,0,0,0,3,1,0,2
2020-04-12,MALUKU,8,0,0,8,11,1,0,10
2020-04-13,MALUKU,0,0,0,0,11,1,0,10
2020-04-14,MALUKU,0,0,0,0,11,1,0,10
2020-04-15,MALUKU,3,0,0,3,14,1,0,13
2020-04-16,MALUKU,0,0,0,0,14,1,0,13
2020-04-17,MALUKU,0,0,0,0,14,1,0,13
2020-04-18,MALUKU,3,0,5,-2,17,6,0,11
2020-04-19,MALUKU,0,0,0,0,17,6,0,11
2020-04-20,MALUKU,0,0,4,-4,17,10,0,7
2020-04-21,MALUKU,0,0,0,0,17,10,0,7
2020-04-22,MALUKU,0,0,0,0,17,10,0,7
2020-04-23,MALUKU,0,0,0,0,17,10,0,7
2020-04-24,MALUKU,0,0,1,-1,17,11,0,6
2020-04-25,MALUKU,3,0,0,3,20,11,0,9
2020-04-26,MALUKU,0,0,0,0,20,11,0,9
2020-04-27,MALUKU,0,0,0,0,20,11,0,9
2020-04-28,MALUKU,2,0,1,1,22,12,0,10
2020-04-29,MALUKU,1,0,0,1,23,12,0,11
2020-04-30,MALUKU,0,0,0,0,23,12,0,11
2020-05-01,MALUKU,0,0,0,0,23,12,0,11
2020-05-02,MALUKU,0,0,0,0,23,12,0,11
2020-05-03,MALUKU,0,0,0,0,23,12,0,11
2020-05-04,MALUKU,0,0,0,0,23,12,0,11
2020-05-05,MALUKU,0,0,0,0,23,12,0,11
2020-05-06,MALUKU,0,2,0,-2,23,12,2,9
2020-05-07,MALUKU,0,0,0,0,23,12,2,9
2020-05-08,MALUKU,9,0,0,9,32,12,2,18
2020-05-09,MALUKU,0,0,0,0,32,12,2,18
2020-05-10,MALUKU,0,0,1,-1,32,13,2,17
2020-05-11,MALUKU,0,2,4,-6,32,17,4,11
2020-05-12,MALUKU,18,0,0,18,50,17,4,29
2020-05-13,MALUKU,0,0,0,0,50,17,4,29
2020-05-14,MALUKU,12,0,0,12,62,17,4,41
2020-05-15,MALUKU,0,0,0,0,62,17,4,41
2020-05-16,MALUKU,0,0,0,0,62,17,4,41
2020-05-17,MALUKU,22,2,4,16,84,21,6,57
2020-05-18,MALUKU,23,0,0,23,107,21,6,80
2020-05-19,MALUKU,0,0,0,0,107,21,6,80
2020-05-20,MALUKU,17,1,0,16,124,21,7,96
2020-05-21,MALUKU,11,0,1,10,135,22,7,106
2020-05-22,MALUKU,22,0,0,22,157,22,7,128
2020-05-23,MALUKU,0,0,0,0,157,22,7,128
2020-05-24,MALUKU,2,0,5,-3,159,27,7,125
2020-05-25,MALUKU,1,0,0,1,160,27,7,126
2020-05-26,MALUKU,0,0,0,0,160,27,7,126
2020-05-27,MALUKU,10,1,7,2,170,34,8,128
2020-05-28,MALUKU,18,0,1,17,188,35,8,145
2020-05-29,MALUKU,27,0,0,27,215,35,8,172
2020-05-30,MALUKU,0,0,1,-1,215,36,8,171
2020-05-31,MALUKU,8,0,0,8,223,36,8,179
2020-06-01,MALUKU,0,0,0,0,223,36,8,179
2020-06-02,MALUKU,0,0,19,-19,223,55,8,160
2020-06-03,MALUKU,15,0,0,15,238,55,8,175
2020-06-04,MALUKU,0,0,7,-7,238,62,8,168
2020-06-05,MALUKU,16,0,2,14,254,64,8,182
2020-06-06,MALUKU,7,0,3,4,261,67,8,186
2020-06-07,MALUKU,8,0,0,8,269,67,8,194
2020-06-08,MALUKU,38,0,13,25,307,80,8,219
2020-06-09,MALUKU,8,0,9,-1,315,89,8,218
2020-06-10,MALUKU,13,0,0,13,328,89,8,231
2020-06-11,MALUKU,0,0,0,0,328,89,8,231
2020-06-12,MALUKU,58,2,15,41,386,104,10,272
2020-06-13,MALUKU,13,0,1,12,399,105,10,284
2020-06-14,MALUKU,21,0,4,17,420,109,10,301
2020-06-15,MALUKU,32,1,0,31,452,109,11,332
2020-06-16,MALUKU,44,2,2,40,496,111,13,372
2020-06-17,MALUKU,24,0,2,22,520,113,13,394
2020-06-18,MALUKU,14,0,0,14,534,113,13,408
2020-06-19,MALUKU,10,0,23,-13,544,136,13,395
2020-06-20,MALUKU,37,0,25,12,581,161,13,407
2020-06-21,MALUKU,17,0,0,17,598,161,13,424
2020-06-22,MALUKU,35,0,3,32,633,164,13,456
2020-06-23,MALUKU,1,0,4,-3,634,168,13,453
2020-06-24,MALUKU,37,1,4,32,671,172,14,485
2020-06-25,MALUKU,13,0,18,-5,684,190,14,480
2020-06-26,MALUKU,7,1,6,0,691,196,15,480
2020-06-27,MALUKU,14,0,22,-8,705,218,15,472
2020-06-28,MALUKU,6,0,12,-6,711,230,15,466
2020-06-29,MALUKU,15,0,27,-12,726,257,15,454
2020-06-30,MALUKU,16,1,7,8,742,264,16,462
2020-07-01,MALUKU,7,0,18,-11,749,282,16,451
2020-07-02,MALUKU,13,1,25,-13,762,307,17,438
2020-07-03,MALUKU,7,0,9,-2,769,316,17,436
2020-07-04,MALUKU,6,0,59,-53,775,375,17,383
2020-07-05,MALUKU,19,0,2,17,794,377,17,400
2020-07-06,MALUKU,10,0,4,6,804,381,17,406
2020-07-07,MALUKU,26,0,33,-7,830,414,17,399
2020-07-08,MALUKU,7,0,52,-45,837,466,17,354
2020-07-09,MALUKU,8,0,21,-13,845,487,17,341
2020-07-10,MALUKU,13,0,22,-9,858,509,17,332
2020-07-11,MALUKU,6,0,30,-24,864,539,17,308
2020-07-12,MALUKU,10,0,25,-15,874,564,17,293
2020-07-13,MALUKU,26,0,4,22,900,568,17,315
2020-07-14,MALUKU,0,0,0,0,900,568,17,315
2020-07-15,MALUKU,20,0,11,9,920,579,17,324
2020-07-16,MALUKU,6,0,19,-13,926,598,17,311
2020-07-17,MALUKU,2,0,1,1,928,599,17,312
2020-07-18,MALUKU,1,1,0,0,929,599,18,312
2020-07-19,MALUKU,31,2,4,25,960,603,20,337
2020-07-20,MALUKU,19,0,10,9,979,613,20,346
2020-07-21,MALUKU,19,0,9,10,998,622,20,356
2020-07-22,MALUKU,0,0,0,0,998,622,20,356
2020-07-23,MALUKU,12,0,7,5,1010,629,20,361
2020-07-24,MALUKU,0,0,3,-3,1010,632,20,358
2020-07-25,MALUKU,6,0,0,6,1016,632,20,364
2020-07-26,MALUKU,29,1,2,26,1045,634,21,390
2020-07-27,MALUKU,0,0,7,-7,1045,641,21,383
2020-07-28,MALUKU,23,1,40,-18,1068,681,22,365
2020-07-29,MALUKU,1,0,16,-15,1069,697,22,350
2020-07-30,MALUKU,24,1,2,21,1093,699,23,371
2020-07-31,MALUKU,0,0,0,0,1093,699,23,371
2020-08-01,MALUKU,31,0,44,-13,1124,743,23,358
2020-08-02,MALUKU,11,0,5,6,1135,748,23,364
2020-08-03,MALUKU,0,0,2,-2,1135,750,23,362
2020-08-04,MALUKU,11,0,6,5,1146,756,23,367
2020-08-05,MALUKU,29,0,12,17,1175,768,23,384
2020-08-06,MALUKU,46,2,11,33,1221,779,25,417
2020-08-07,MALUKU,71,0,7,64,1292,786,25,481
2020-08-08,MALUKU,6,0,4,2,1298,790,25,483
2020-08-09,MALUKU,32,0,1,31,1330,791,25,514
2020-08-10,MALUKU,15,0,12,3,1345,803,25,517
2020-08-11,MALUKU,2,0,53,-51,1347,856,25,466
2020-08-12,MALUKU,20,0,29,-9,1367,885,25,457
2020-08-13,MALUKU,39,0,24,15,1406,909,25,472
2020-08-14,MALUKU,10,0,1,9,1416,910,25,481
2020-08-15,MALUKU,32,3,27,2,1448,937,28,483
2020-08-16,MALUKU,47,0,9,38,1495,946,28,521
2020-08-17,MALUKU,26,1,0,25,1521,946,29,546
2020-08-18,MALUKU,9,1,28,-20,1530,974,30,526
2020-08-19,MALUKU,23,0,22,1,1553,996,30,527
2020-08-20,MALUKU,58,1,0,57,1611,996,31,584
2020-08-21,MALUKU,0,0,0,0,1611,996,31,584
2020-08-22,MALUKU,4,0,2,2,1615,998,31,586
2020-08-23,MALUKU,54,0,0,54,1669,998,31,640
2020-08-24,MALUKU,8,0,10,-2,1677,1008,31,638
2020-08-25,MALUKU,65,1,45,19,1742,1053,32,657
2020-08-26,MALUKU,6,1,31,-26,1748,1084,33,631
2020-08-27,MALUKU,33,0,16,17,1781,1100,33,648
2020-08-28,MALUKU,4,0,1,3,1785,1101,33,651
2020-08-29,MALUKU,27,0,2,25,1812,1103,33,676
2020-08-30,MALUKU,20,0,0,20,1832,1103,33,696
2020-08-31,MALUKU,25,0,56,-31,1857,1159,33,665
2020-09-01,MALUKU,43,0,38,5,1900,1197,33,670
2020-09-02,MALUKU,10,1,10,-1,1910,1207,34,669
2020-09-03,MALUKU,51,0,17,34,1961,1224,34,703
2020-09-04,MALUKU,43,0,25,18,2004,1249,34,721
2020-09-05,MALUKU,60,1,18,41,2064,1267,35,762
2020-09-06,MALUKU,80,1,22,57,2144,1289,36,819
2020-09-07,MALUKU,20,0,29,-9,2164,1318,36,810
2020-09-08,MALUKU,42,0,47,-5,2206,1365,36,805
2020-09-09,MALUKU,21,0,11,10,2227,1376,36,815
2020-09-10,MALUKU,21,0,0,21,2248,1376,36,836
2020-09-11,MALUKU,117,0,38,79,2365,1414,36,915
2020-09-12,MALUKU,12,2,7,3,2377,1421,38,918
2020-09-13,MALUKU,57,0,0,57,2434,1421,38,975
2020-09-14,MALUKU,31,0,93,-62,2465,1514,38,913
2020-09-15,MALUKU,16,0,13,3,2481,1527,38,916
2020-09-16,MALUKU,19,0,0,19,2500,1527,38,935
2020-09-17,MALUKU,3,0,0,3,2503,1527,38,938
2020-09-18,MALUKU,7,0,59,-52,2510,1586,38,886
2020-09-19,MALUKU,41,0,45,-4,2551,1631,38,882
2020-09-20,MALUKU,15,0,0,15,2566,1631,38,897
2020-09-21,MALUKU,49,1,2,46,2615,1633,39,943
2020-09-22,MALUKU,37,1,31,5,2652,1664,40,948
2020-09-23,MALUKU,2,0,24,-22,2654,1688,40,926
2020-09-24,MALUKU,0,0,0,0,2654,1688,40,926
2020-09-25,MALUKU,0,0,0,0,2654,1688,40,926
2020-09-26,MALUKU,73,1,8,64,2727,1696,41,990
2020-09-27,MALUKU,0,0,39,-39,2727,1735,41,951
2020-09-28,MALUKU,0,0,0,0,2727,1735,41,951
2020-09-29,MALUKU,88,0,66,22,2815,1801,41,973
2020-09-30,MALUKU,0,0,0,0,2815,1801,41,973
2020-10-01,MALUKU,44,0,59,-15,2859,1860,41,958
2020-10-02,MALUKU,117,0,0,117,2976,1860,41,1075
2020-10-03,MALUKU,0,0,27,-27,2976,1887,41,1048
2020-10-04,MALUKU,64,0,32,32,3040,1919,41,1080
2020-10-05,MALUKU,22,0,0,22,3062,1919,41,1102
2020-10-06,MALUKU,68,0,16,52,3130,1935,41,1154
2020-10-07,MALUKU,48,0,48,0,3178,1983,41,1154
2020-10-08,MALUKU,94,0,32,62,3272,2015,41,1216
2020-10-09,MALUKU,0,0,0,0,3272,2015,41,1216
2020-10-10,MALUKU,122,1,25,96,3394,2040,42,1312
2020-10-11,MALUKU,41,0,0,41,3435,2040,42,1353
2020-10-12,MALUKU,13,0,120,-107,3448,2160,42,1246
2020-10-13,MALUKU,6,0,109,-103,3454,2269,42,1143
2020-10-14,MALUKU,2,0,22,-20,3456,2291,42,1123
2020-10-15,MALUKU,15,0,180,-165,3471,2471,42,958
2020-10-16,MALUKU,8,0,72,-64,3479,2543,42,894
2020-10-17,MALUKU,42,0,109,-67,3521,2652,42,827
2020-10-18,MALUKU,40,0,64,-24,3561,2716,42,803
2020-10-19,MALUKU,36,1,29,6,3597,2745,43,809
2020-10-20,MALUKU,20,0,63,-43,3617,2808,43,766
2020-10-21,MALUKU,7,1,29,-23,3624,2837,44,743
2020-10-22,MALUKU,0,0,0,0,3624,2837,44,743
2020-10-23,MALUKU,26,0,49,-23,3650,2886,44,720
2020-10-24,MALUKU,68,1,42,25,3718,2928,45,745
2020-10-25,MALUKU,21,0,98,-77,3739,3026,45,668
2020-10-26,MALUKU,0,0,59,-59,3739,3085,45,609
2020-10-27,MALUKU,33,2,37,-6,3772,3122,47,603
2020-10-28,MALUKU,13,0,39,-26,3785,3161,47,577
2020-10-29,MALUKU,5,0,28,-23,3790,3189,47,554
2020-10-30,MALUKU,0,0,0,0,3790,3189,47,554
2020-10-31,MALUKU,62,0,46,16,3852,3235,47,570
2020-11-01,MALUKU,11,0,0,11,3863,3235,47,581
2020-11-02,MALUKU,0,0,35,-35,3863,3270,47,546
2020-11-03,MALUKU,14,0,1,13,3877,3271,47,559
2020-11-04,MALUKU,0,0,0,0,3877,3271,47,559
2020-11-05,MALUKU,7,0,19,-12,3884,3290,47,547
2020-11-06,MALUKU,30,1,31,-2,3914,3321,48,545
2020-11-07,MALUKU,10,1,77,-68,3924,3398,49,477
2020-11-08,MALUKU,40,0,13,27,3964,3411,49,504
2020-11-09,MALUKU,11,1,14,-4,3975,3425,50,500
2020-11-10,MALUKU,29,0,18,11,4004,3443,50,511
2020-11-11,MALUKU,25,0,14,11,4029,3457,50,522
2020-11-12,MALUKU,44,0,26,18,4073,3483,50,540
2020-11-13,MALUKU,17,3,51,-37,4090,3534,53,503
2020-11-14,MALUKU,25,0,8,17,4115,3542,53,520
2020-11-15,MALUKU,14,0,3,11,4129,3545,53,531
2020-11-16,MALUKU,0,0,4,-4,4129,3549,53,527
2020-11-17,MALUKU,19,0,36,-17,4148,3585,53,510
2020-11-18,MALUKU,4,0,3,1,4152,3588,53,511
2020-11-19,MALUKU,50,4,13,33,4202,3601,57,544
2020-11-20,MALUKU,10,0,20,-10,4212,3621,57,534
2020-11-21,MALUKU,33,3,43,-13,4245,3664,60,521
2020-11-22,MALUKU,10,0,0,10,4255,3664,60,531
2020-11-23,MALUKU,16,0,31,-15,4271,3695,60,516
2020-11-24,MALUKU,0,0,0,0,4271,3695,60,516
2020-11-25,MALUKU,53,0,52,1,4324,3747,60,517
2020-11-26,MALUKU,104,0,7,97,4428,3754,60,614
2020-11-27,MALUKU,0,0,2,-2,4428,3756,60,612
2020-11-28,MALUKU,41,1,15,25,4469,3771,61,637
2020-11-29,MALUKU,108,0,16,92,4577,3787,61,729
2020-11-30,MALUKU,43,0,6,37,4620,3793,61,766
2020-12-01,MALUKU,0,0,5,-5,4620,3798,61,761
2020-12-02,MALUKU,0,0,12,-12,4620,3810,61,749
2020-12-03,MALUKU,1,0,0,1,4621,3810,61,750
2020-12-04,MALUKU,5,0,8,-3,4626,3818,61,747
2020-12-05,MALUKU,0,0,5,-5,4626,3823,61,742
2020-12-06,MALUKU,47,3,0,44,4673,3823,64,786
2020-12-07,MALUKU,46,0,0,46,4719,3823,64,832
2020-12-08,MALUKU,0,0,25,-25,4719,3848,64,807
2020-12-09,MALUKU,39,2,0,37,4758,3848,66,844
2020-12-10,MALUKU,11,0,4,7,4769,3852,66,851
2020-12-11,MALUKU,40,0,9,31,4809,3861,66,882
2020-12-12,MALUKU,71,1,7,63,4880,3868,67,945
2020-12-13,MALUKU,32,0,8,24,4912,3876,67,969
2020-12-14,MALUKU,0,0,9,-9,4912,3885,67,960
2020-12-15,MALUKU,137,1,29,107,5049,3914,68,1067
2020-12-16,MALUKU,100,0,0,100,5149,3914,68,1167
2020-12-17,MALUKU,190,0,24,166,5339,3938,68,1333
2020-12-18,MALUKU,0,0,0,0,5339,3938,68,1333
2020-12-19,MALUKU,45,1,63,-19,5384,4001,69,1314
2020-12-20,MALUKU,64,0,13,51,5448,4014,69,1365
2020-12-21,MALUKU,21,0,14,7,5469,4028,69,1372
2020-12-22,MALUKU,10,0,189,-179,5479,4217,69,1193
2020-12-23,MALUKU,16,0,18,-2,5495,4235,69,1191
2020-12-24,MALUKU,42,1,20,21,5537,4255,70,1212
2020-12-25,MALUKU,36,0,22,14,5573,4277,70,1226
2020-12-26,MALUKU,34,0,19,15,5607,4296,70,1241
2020-12-27,MALUKU,33,0,4,29,5640,4300,70,1270
2020-12-28,MALUKU,43,1,33,9,5683,4333,71,1279
2020-12-29,MALUKU,10,0,30,-20,5693,4363,71,1259
2020-12-30,MALUKU,0,0,24,-24,5693,4387,71,1235
2020-12-31,MALUKU,29,0,170,-141,5722,4557,71,1094
2021-01-01,MALUKU,32,1,14,17,5754,4571,72,1111
2021-01-02,MALUKU,18,0,34,-16,5772,4605,72,1095
2021-01-03,MALUKU,9,0,23,-14,5781,4628,72,1081
2021-01-04,MALUKU,6,3,20,-17,5787,4648,75,1064
2021-01-05,MALUKU,35,0,144,-109,5822,4792,75,955
2021-01-06,MALUKU,3,0,14,-11,5825,4806,75,944
2021-01-07,MALUKU,1,0,19,-18,5826,4825,75,926
2021-01-08,MALUKU,0,0,22,-22,5826,4847,75,904
2021-01-09,MALUKU,33,0,6,27,5859,4853,75,931
2021-01-10,MALUKU,22,0,1,21,5881,4854,75,952
2021-01-11,MALUKU,70,0,3,67,5951,4857,75,1019
2021-01-12,MALUKU,0,0,8,-8,5951,4865,75,1011
2021-01-13,MALUKU,0,0,2,-2,5951,4867,75,1009
2021-01-14,MALUKU,4,0,5,-1,5955,4872,75,1008
2021-01-15,MALUKU,46,4,41,1,6001,4913,79,1009
2021-01-16,MALUKU,38,2,40,-4,6039,4953,81,1005
2021-01-17,MALUKU,41,0,0,41,6080,4953,81,1046
2021-01-18,MALUKU,29,1,31,-3,6109,4984,82,1043
2021-01-19,MALUKU,32,0,33,-1,6141,5017,82,1042
2021-01-20,MALUKU,7,0,15,-8,6148,5032,82,1034
2021-01-21,MALUKU,17,0,32,-15,6165,5064,82,1019
2021-01-22,MALUKU,0,0,0,0,6165,5064,82,1019
2021-01-23,MALUKU,55,0,33,22,6220,5097,82,1041
2021-01-24,MALUKU,39,0,24,15,6259,5121,82,1056
2021-01-25,MALUKU,7,0,28,-21,6266,5149,82,1035
2021-01-26,MALUKU,49,1,18,30,6315,5167,83,1065
2021-01-27,MALUKU,1,0,0,1,6316,5167,83,1066
2021-01-28,MALUKU,13,0,0,13,6329,5167,83,1079
2021-01-29,MALUKU,32,1,4,27,6361,5171,84,1106
2021-01-30,MALUKU,19,0,2,17,6380,5173,84,1123
2021-01-31,MALUKU,46,0,0,46,6426,5173,84,1169
2021-02-01,MALUKU,46,0,36,10,6472,5209,84,1179
2021-02-02,MALUKU,8,0,11,-3,6480,5220,84,1176
2021-02-03,MALUKU,1,3,6,-8,6481,5226,87,1168
2021-02-04,MALUKU,20,0,104,-84,6501,5330,87,1084
2021-02-05,MALUKU,31,0,48,-17,6532,5378,87,1067
2021-02-06,MALUKU,29,0,45,-16,6561,5423,87,1051
2021-02-07,MALUKU,23,1,24,-2,6584,5447,88,1049
2021-02-08,MALUKU,11,1,71,-61,6595,5518,89,988
2021-02-09,MALUKU,5,0,48,-43,6600,5566,89,945
2021-02-10,MALUKU,30,3,24,3,6630,5590,92,948
2021-02-11,MALUKU,10,7,51,-48,6640,5641,99,900
2021-02-12,MALUKU,0,0,11,-11,6640,5652,99,889
2021-02-13,MALUKU,74,3,24,47,6714,5676,102,936
2021-02-14,MALUKU,33,0,157,-124,6747,5833,102,812
2021-02-15,MALUKU,0,0,39,-39,6747,5872,102,773
2021-02-16,MALUKU,22,1,0,21,6769,5872,103,794
2021-02-17,MALUKU,5,0,65,-60,6774,5937,103,734
2021-02-18,MALUKU,19,0,43,-24,6793,5980,103,710
2021-02-19,MALUKU,27,1,52,-26,6820,6032,104,684
2021-02-20,MALUKU,12,1,84,-73,6832,6116,105,611
2021-02-21,MALUKU,3,0,15,-12,6835,6131,105,599
2021-02-22,MALUKU,44,1,20,23,6879,6151,106,622
2021-02-23,MALUKU,9,0,17,-8,6888,6168,106,614
2021-02-24,MALUKU,14,0,21,-7,6902,6189,106,607
2021-02-25,MALUKU,30,0,48,-18,6932,6237,106,589
2021-02-26,MALUKU,24,0,10,14,6956,6247,106,603
2021-02-27,MALUKU,28,0,9,19,6984,6256,106,622
2021-02-28,MALUKU,0,0,10,-10,6984,6266,106,612
2021-03-01,MALUKU,0,0,12,-12,6984,6278,106,600
2021-03-02,MALUKU,37,0,28,9,7021,6306,106,609
2021-03-03,MALUKU,23,0,31,-8,7044,6337,106,601
2021-03-04,MALUKU,25,0,52,-27,7069,6389,106,574
2021-03-05,MALUKU,9,0,10,-1,7078,6399,106,573
2021-03-06,MALUKU,38,0,36,2,7116,6435,106,575
2021-03-07,MALUKU,2,0,10,-8,7118,6445,106,567
2021-03-08,MALUKU,15,1,96,-82,7133,6541,107,485
2021-03-09,MALUKU,9,0,10,-1,7142,6551,107,484
2021-03-10,MALUKU,3,0,28,-25,7145,6579,107,459
2021-03-11,MALUKU,9,0,4,5,7154,6583,107,464
2021-03-12,MALUKU,10,0,7,3,7164,6590,107,467
2021-03-13,MALUKU,0,0,0,0,7164,6590,107,467
2021-03-14,MALUKU,22,1,5,16,7186,6595,108,483
2021-03-15,MALUKU,4,1,5,-2,7190,6600,109,481
2021-03-16,MALUKU,6,1,2,3,7196,6602,110,484
2021-03-17,MALUKU,4,0,20,-16,7200,6622,110,468
2021-03-18,MALUKU,14,0,0,14,7214,6622,110,482
2021-03-19,MALUKU,4,0,68,-64,7218,6690,110,418
2021-03-20,MALUKU,10,0,11,-1,7228,6701,110,417
2021-03-21,MALUKU,4,0,6,-2,7232,6707,110,415
2021-03-22,MALUKU,4,0,7,-3,7236,6714,110,412
2021-03-23,MALUKU,21,0,14,7,7257,6728,110,419
2021-03-24,MALUKU,26,0,0,26,7283,6728,110,445
2021-03-25,MALUKU,33,0,41,-8,7316,6769,110,437
2021-03-26,MALUKU,6,0,12,-6,7322,6781,110,431
2021-03-27,MALUKU,15,0,10,5,7337,6791,110,436
2021-03-28,MALUKU,3,0,21,-18,7340,6812,110,418
2021-03-29,MALUKU,0,0,12,-12,7340,6824,110,406
2021-03-30,MALUKU,12,0,8,4,7352,6832,110,410
2021-03-31,MALUKU,0,0,0,0,7352,6832,110,410
2021-04-01,MALUKU,6,0,10,-4,7358,6842,110,406
2021-04-02,MALUKU,12,0,12,0,7370,6854,110,406
2021-04-03,MALUKU,3,0,5,-2,7373,6859,110,404
2021-04-04,MALUKU,0,0,13,-13,7373,6872,110,391
2021-04-05,MALUKU,2,2,9,-9,7375,6881,112,382
2021-04-06,MALUKU,11,0,16,-5,7386,6897,112,377
2021-04-07,MALUKU,6,0,24,-18,7392,6921,112,359
2021-04-08,MALUKU,9,0,7,2,7401,6928,112,361
2021-04-09,MALUKU,2,0,4,-2,7403,6932,112,359
2021-04-10,MALUKU,1,0,3,-2,7404,6935,112,357
2021-04-11,MALUKU,7,0,33,-26,7411,6968,112,331
2021-04-12,MALUKU,24,0,4,20,7435,6972,112,351
2021-04-13,MALUKU,2,3,2,-3,7437,6974,115,348
2021-04-14,MALUKU,18,0,1,17,7455,6975,115,365
2021-04-15,MALUKU,0,0,0,0,7455,6975,115,365
2021-04-16,MALUKU,5,0,26,-21,7460,7001,115,344
2021-04-17,MALUKU,13,0,13,0,7473,7014,115,344
2021-04-18,MALUKU,13,0,5,8,7486,7019,115,352
2021-04-19,MALUKU,2,0,6,-4,7488,7025,115,348
2021-04-20,MALUKU,1,0,4,-3,7489,7029,115,345
2021-04-21,MALUKU,10,1,2,7,7499,7031,116,352
2021-04-22,MALUKU,0,0,0,0,7499,7031,116,352
2021-04-23,MALUKU,8,0,11,-3,7507,7042,116,349
2021-04-24,MALUKU,0,0,9,-9,7507,7051,116,340
2021-04-25,MALUKU,8,0,5,3,7515,7056,116,343
2021-04-26,MALUKU,0,0,0,0,7515,7056,116,343
2021-04-27,MALUKU,0,1,0,-1,7515,7056,117,342
2021-04-28,MALUKU,2,0,55,-53,7517,7111,117,289
2021-04-29,MALUKU,0,0,9,-9,7517,7120,117,280
2021-04-30,MALUKU,13,0,7,6,7530,7127,117,286
2021-05-01,MALUKU,0,0,3,-3,7530,7130,117,283
2021-05-02,MALUKU,5,0,7,-2,7535,7137,117,281
2021-05-03,MALUKU,14,0,0,14,7549,7137,117,295
2021-05-04,MALUKU,0,0,0,0,7549,7137,117,295
2021-05-05,MALUKU,18,0,7,11,7567,7144,117,306
2021-05-06,MALUKU,7,0,5,2,7574,7149,117,308
2021-05-07,MALUKU,0,0,15,-15,7574,7164,117,293
2021-05-08,MALUKU,19,0,4,15,7593,7168,117,308
2021-05-09,MALUKU,3,0,0,3,7596,7168,117,311
2021-05-10,MALUKU,0,0,0,0,7596,7168,117,311
2021-05-11,MALUKU,1,1,4,-4,7597,7172,118,307
2021-05-12,MALUKU,0,1,20,-21,7597,7192,119,286
2021-05-13,MALUKU,0,0,0,0,7597,7192,119,286
2021-05-14,MALUKU,32,0,9,23,7629,7201,119,309
2021-05-15,MALUKU,7,1,16,-10,7636,7217,120,299
2021-05-16,MALUKU,0,0,0,0,7636,7217,120,299
2021-05-17,MALUKU,20,0,5,15,7656,7222,120,314
2021-05-18,MALUKU,0,0,6,-6,7656,7228,120,308
2021-05-19,MALUKU,0,0,0,0,7656,7228,120,308
2021-05-20,MALUKU,7,0,5,2,7663,7233,120,310
2021-05-21,MALUKU,8,0,52,-44,7671,7285,120,266
2021-05-22,MALUKU,0,0,0,0,7671,7285,120,266
2021-05-23,MALUKU,5,0,34,-29,7676,7319,120,237
2021-05-24,MALUKU,0,0,19,-19,7676,7338,120,218
2021-05-25,MALUKU,42,1,6,35,7718,7344,121,253
2021-05-26,MALUKU,0,0,0,0,7718,7344,121,253
2021-05-27,MALUKU,9,1,7,1,7727,7351,122,254
2021-05-28,MALUKU,0,0,0,0,7727,7351,122,254
2021-05-29,MALUKU,14,0,13,1,7741,7364,122,255
2021-05-30,MALUKU,0,0,0,0,7741,7364,122,255
2021-05-31,MALUKU,3,0,6,-3,7744,7370,122,252
2021-06-01,MALUKU,0,0,8,-8,7744,7378,122,244
2021-06-02,MALUKU,0,0,5,-5,7744,7383,122,239
2021-06-03,MALUKU,3,0,6,-3,7747,7389,122,236
2021-06-04,MALUKU,37,1,1,35,7784,7390,123,271
2021-06-05,MALUKU,1,1,12,-12,7785,7402,124,259
2021-06-06,MALUKU,8,1,0,7,7793,7402,125,266
2021-06-07,MALUKU,25,0,4,21,7818,7406,125,287
2021-06-08,MALUKU,0,0,0,0,7818,7406,125,287
2021-06-09,MALUKU,5,0,15,-10,7823,7421,125,277
2021-06-10,MALUKU,5,1,12,-8,7828,7433,126,269
2021-06-11,MALUKU,27,0,5,22,7855,7438,126,291
2021-06-12,MALUKU,1,0,4,-3,7856,7442,126,288
2021-06-13,MALUKU,31,0,3,28,7887,7445,126,316
2021-06-14,MALUKU,3,1,5,-3,7890,7450,127,313
2021-06-15,MALUKU,16,2,12,2,7906,7462,129,315
2021-06-16,MALUKU,43,1,2,40,7949,7464,130,355
2021-06-17,MALUKU,24,1,13,10,7973,7477,131,365
2021-06-18,MALUKU,0,0,0,0,7973,7477,131,365
2021-06-19,MALUKU,15,2,7,6,7988,7484,133,371
2021-06-20,MALUKU,69,0,4,65,8057,7488,133,436
2021-06-21,MALUKU,0,0,0,0,8057,7488,133,436
2021-06-22,MALUKU,40,0,64,-24,8097,7552,133,412
2021-06-23,MALUKU,33,0,6,27,8130,7558,133,439
2021-06-24,MALUKU,0,0,0,0,8130,7558,133,439
2021-06-25,MALUKU,136,4,22,110,8266,7580,137,549
2021-06-26,MALUKU,30,1,3,26,8296,7583,138,575
2021-06-27,MALUKU,51,1,17,33,8347,7600,139,608
2021-06-28,MALUKU,119,1,1,117,8466,7601,140,725
2021-06-29,MALUKU,26,1,0,25,8492,7601,141,750
2021-06-30,MALUKU,0,0,0,0,8492,7601,141,750
2021-07-01,MALUKU,218,0,10,208,8710,7611,141,958
2021-07-02,MALUKU,185,3,12,170,8895,7623,144,1128
2021-07-03,MALUKU,172,2,0,170,9067,7623,146,1298
2021-07-04,MALUKU,0,0,0,0,9067,7623,146,1298
2021-07-05,MALUKU,278,2,9,267,9345,7632,148,1565
2021-07-06,MALUKU,349,3,59,287,9694,7691,151,1852
2021-07-07,MALUKU,258,6,8,244,9952,7699,157,2096
2021-07-08,MALUKU,303,4,9,290,10255,7708,161,2386
2021-07-09,MALUKU,210,3,0,207,10465,7708,164,2593
2021-07-10,MALUKU,191,6,5,180,10656,7713,170,2773
2021-07-11,MALUKU,347,2,18,327,11003,7731,172,3100
2021-07-12,MALUKU,217,3,44,170,11220,7775,175,3270
2021-07-13,MALUKU,248,0,6,242,11468,7781,175,3512
2021-07-14,MALUKU,211,7,28,176,11679,7809,182,3688
2021-07-15,MALUKU,162,0,18,144,11841,7827,182,3832
2021-07-16,MALUKU,139,1,19,119,11980,7846,183,3951
2021-07-17,MALUKU,78,4,44,30,12058,7890,187,3981
2021-07-18,MALUKU,69,0,23,46,12127,7913,187,4027
2021-07-19,MALUKU,215,11,178,26,12342,8091,198,4053
2021-07-20,MALUKU,59,0,4,55,12401,8095,198,4108
2021-07-21,MALUKU,195,1,180,14,12596,8275,199,4122
2021-07-22,MALUKU,75,9,260,-194,12671,8535,208,3928
2021-07-23,MALUKU,121,7,155,-41,12792,8690,215,3887
2021-07-24,MALUKU,92,0,68,24,12884,8758,215,3911
2021-07-25,MALUKU,104,0,30,74,12988,8788,215,3985
2021-07-26,MALUKU,51,0,262,-211,13039,9050,215,3774
2021-07-27,MALUKU,113,7,111,-5,13152,9161,222,3769
2021-07-28,MALUKU,87,0,139,-52,13239,9300,222,3717
2021-07-29,MALUKU,68,0,105,-37,13307,9405,222,3680
2021-07-30,MALUKU,49,3,92,-46,13356,9497,225,3634
2021-07-31,MALUKU,43,1,150,-108,13399,9647,226,3526
2021-08-01,MALUKU,33,0,63,-30,13432,9710,226,3496
2021-08-02,MALUKU,51,3,173,-125,13483,9883,229,3371
2021-08-03,MALUKU,58,4,181,-127,13541,10064,233,3244
2021-08-04,MALUKU,18,0,93,-75,13559,10157,233,3169
2021-08-05,MALUKU,46,0,123,-77,13605,10280,233,3092
2021-08-06,MALUKU,13,0,103,-90,13618,10383,233,3002
2021-08-07,MALUKU,37,1,59,-23,13655,10442,234,2979
2021-08-08,MALUKU,5,0,67,-62,13660,10509,234,2917
2021-08-09,MALUKU,77,0,84,-7,13737,10593,234,2910
2021-08-10,MALUKU,171,0,152,19,13908,10745,234,2929
2021-08-11,MALUKU,42,0,111,-69,13950,10856,234,2860
2021-08-12,MALUKU,28,1,97,-70,13978,10953,235,2790
2021-08-13,MALUKU,55,2,235,-182,14033,11188,237,2608
2021-08-14,MALUKU,18,1,200,-183,14051,11388,238,2425
2021-08-15,MALUKU,4,0,74,-70,14055,11462,238,2355
2021-08-16,MALUKU,64,2,79,-17,14119,11541,240,2338
2021-08-17,MALUKU,23,0,39,-16,14142,11580,240,2322
2021-08-18,MALUKU,22,0,65,-43,14164,11645,240,2279
2021-08-19,MALUKU,0,2,30,-32,14164,11675,242,2247
2021-08-20,MALUKU,2,0,0,2,14166,11675,242,2249
2020-04-10,GORONTALO,1,0,0,1,1,0,0,1
2020-04-11,GORONTALO,0,0,0,0,1,0,0,1
2020-04-12,GORONTALO,0,0,0,0,1,0,0,1
2020-04-13,GORONTALO,0,0,0,0,1,0,0,1
2020-04-14,GORONTALO,0,0,0,0,1,0,0,1
2020-04-15,GORONTALO,0,0,0,0,1,0,0,1
2020-04-16,GORONTALO,3,0,0,3,4,0,0,4
2020-04-17,GORONTALO,0,0,0,0,4,0,0,4
2020-04-18,GORONTALO,0,0,0,0,4,0,0,4
2020-04-19,GORONTALO,0,0,0,0,4,0,0,4
2020-04-20,GORONTALO,0,0,0,0,4,0,0,4
2020-04-21,GORONTALO,3,1,0,2,7,0,1,6
2020-04-22,GORONTALO,0,0,0,0,7,0,1,6
2020-04-23,GORONTALO,0,0,0,0,7,0,1,6
2020-04-24,GORONTALO,5,0,0,5,12,0,1,11
2020-04-25,GORONTALO,2,0,0,2,14,0,1,13
2020-04-26,GORONTALO,0,0,0,0,14,0,1,13
2020-04-27,GORONTALO,0,0,0,0,14,0,1,13
2020-04-28,GORONTALO,1,0,2,-1,15,2,1,12
2020-04-29,GORONTALO,0,0,0,0,15,2,1,12
2020-04-30,GORONTALO,0,0,0,0,15,2,1,12
2020-05-01,GORONTALO,0,0,0,0,15,2,1,12
2020-05-02,GORONTALO,0,0,0,0,15,2,1,12
2020-05-03,GORONTALO,0,0,0,0,15,2,1,12
2020-05-04,GORONTALO,0,0,0,0,15,2,1,12
2020-05-05,GORONTALO,0,0,4,-4,15,6,1,8
2020-05-06,GORONTALO,0,0,1,-1,15,7,1,7
2020-05-07,GORONTALO,4,0,0,4,19,7,1,11
2020-05-08,GORONTALO,0,0,3,-3,19,10,1,8
2020-05-09,GORONTALO,0,0,0,0,19,10,1,8
2020-05-10,GORONTALO,0,0,1,-1,19,11,1,7
2020-05-11,GORONTALO,0,0,0,0,19,11,1,7
2020-05-12,GORONTALO,0,0,0,0,19,11,1,7
2020-05-13,GORONTALO,0,0,1,-1,19,12,1,6
2020-05-14,GORONTALO,2,0,1,1,21,13,1,7
2020-05-15,GORONTALO,1,0,1,0,22,14,1,7
2020-05-16,GORONTALO,1,1,0,0,23,14,2,7
2020-05-17,GORONTALO,1,0,0,1,24,14,2,8
2020-05-18,GORONTALO,4,0,0,4,28,14,2,12
2020-05-19,GORONTALO,0,0,0,0,28,14,2,12
2020-05-20,GORONTALO,0,0,1,-1,28,15,2,11
2020-05-21,GORONTALO,16,0,0,16,44,15,2,27
2020-05-22,GORONTALO,3,0,2,1,47,17,2,28
2020-05-23,GORONTALO,2,0,1,1,49,18,2,29
2020-05-24,GORONTALO,9,0,0,9,58,18,2,38
2020-05-25,GORONTALO,0,0,0,0,58,18,2,38
2020-05-26,GORONTALO,0,0,0,0,58,18,2,38
2020-05-27,GORONTALO,2,0,0,2,60,18,2,40
2020-05-28,GORONTALO,5,1,1,3,65,19,3,43
2020-05-29,GORONTALO,3,0,4,-1,68,23,3,42
2020-05-30,GORONTALO,1,2,0,-1,69,23,5,41
2020-05-31,GORONTALO,25,1,3,21,94,26,6,62
2020-06-01,GORONTALO,0,0,0,0,94,26,6,62
2020-06-02,GORONTALO,14,0,3,11,108,29,6,73
2020-06-03,GORONTALO,10,0,0,10,118,29,6,83
2020-06-04,GORONTALO,3,0,1,2,121,30,6,85
2020-06-05,GORONTALO,0,0,4,-4,121,34,6,81
2020-06-06,GORONTALO,5,0,21,-16,126,55,6,65
2020-06-07,GORONTALO,8,0,4,4,134,59,6,69
2020-06-08,GORONTALO,0,1,4,-5,134,63,7,64
2020-06-09,GORONTALO,5,0,7,-2,139,70,7,62
2020-06-10,GORONTALO,6,0,2,4,145,72,7,66
2020-06-11,GORONTALO,3,0,10,-7,148,82,7,59
2020-06-12,GORONTALO,33,0,1,32,181,83,7,91
2020-06-13,GORONTALO,4,1,0,3,185,83,8,94
2020-06-14,GORONTALO,0,0,8,-8,185,91,8,86
2020-06-15,GORONTALO,23,0,1,22,208,92,8,108
2020-06-16,GORONTALO,6,0,2,4,214,94,8,112
2020-06-17,GORONTALO,0,0,32,-32,214,126,8,80
2020-06-18,GORONTALO,0,0,0,0,214,126,8,80
2020-06-19,GORONTALO,6,0,0,6,220,126,8,86
2020-06-20,GORONTALO,0,0,13,-13,220,139,8,73
2020-06-21,GORONTALO,7,0,1,6,227,140,8,79
2020-06-22,GORONTALO,3,0,5,-2,230,145,8,77
2020-06-23,GORONTALO,1,0,30,-29,231,175,8,48
2020-06-24,GORONTALO,7,0,0,7,238,175,8,55
2020-06-25,GORONTALO,5,0,26,-21,243,201,8,34
2020-06-26,GORONTALO,0,0,0,0,243,201,8,34
2020-06-27,GORONTALO,0,0,0,0,243,201,8,34
2020-06-28,GORONTALO,0,0,0,0,243,201,8,34
2020-06-29,GORONTALO,0,1,12,-13,243,213,9,21
2020-06-30,GORONTALO,6,1,0,5,249,213,10,26
2020-07-01,GORONTALO,0,1,10,-11,249,223,11,15
2020-07-02,GORONTALO,7,0,3,4,256,226,11,19
2020-07-03,GORONTALO,5,0,0,5,261,226,11,24
2020-07-04,GORONTALO,8,0,1,7,269,227,11,31
2020-07-05,GORONTALO,0,0,0,0,269,227,11,31
2020-07-06,GORONTALO,2,2,0,0,271,227,13,31
2020-07-07,GORONTALO,5,2,0,3,276,227,15,34
2020-07-08,GORONTALO,10,2,0,8,286,227,17,42
2020-07-09,GORONTALO,0,0,0,0,286,227,17,42
2020-07-10,GORONTALO,30,0,2,28,316,229,17,70
2020-07-11,GORONTALO,29,0,1,28,345,230,17,98
2020-07-12,GORONTALO,14,0,2,12,359,232,17,110
2020-07-13,GORONTALO,4,3,5,-4,363,237,20,106
2020-07-14,GORONTALO,22,0,7,15,385,244,20,121
2020-07-15,GORONTALO,7,0,13,-6,392,257,20,115
2020-07-16,GORONTALO,24,1,9,14,416,266,21,129
2020-07-17,GORONTALO,9,3,35,-29,425,301,24,100
2020-07-18,GORONTALO,1,2,3,-4,426,304,26,96
2020-07-19,GORONTALO,6,0,7,-1,432,311,26,95
2020-07-20,GORONTALO,105,2,0,103,537,311,28,198
2020-07-21,GORONTALO,79,1,0,78,616,311,29,276
2020-07-22,GORONTALO,0,1,0,-1,616,311,30,275
2020-07-23,GORONTALO,4,1,11,-8,620,322,31,267
2020-07-24,GORONTALO,74,0,11,63,694,333,31,330
2020-07-25,GORONTALO,102,0,13,89,796,346,31,419
2020-07-26,GORONTALO,24,2,35,-13,820,381,33,406
2020-07-27,GORONTALO,31,0,15,16,851,396,33,422
2020-07-28,GORONTALO,4,0,42,-38,855,438,33,384
2020-07-29,GORONTALO,102,0,11,91,957,449,33,475
2020-07-30,GORONTALO,58,0,18,40,1015,467,33,515
2020-07-31,GORONTALO,0,0,76,-76,1015,543,33,439
2020-08-01,GORONTALO,142,1,45,96,1157,588,34,535
2020-08-02,GORONTALO,127,0,61,66,1284,649,34,601
2020-08-03,GORONTALO,38,1,49,-12,1322,698,35,589
2020-08-04,GORONTALO,65,2,63,0,1387,761,37,589
2020-08-05,GORONTALO,40,0,31,9,1427,792,37,598
2020-08-06,GORONTALO,4,0,121,-117,1431,913,37,481
2020-08-07,GORONTALO,38,0,102,-64,1469,1015,37,417
2020-08-08,GORONTALO,80,0,98,-18,1549,1113,37,399
2020-08-09,GORONTALO,7,2,0,5,1556,1113,39,404
2020-08-10,GORONTALO,58,1,19,38,1614,1132,40,442
2020-08-11,GORONTALO,3,0,56,-53,1617,1188,40,389
2020-08-12,GORONTALO,47,1,32,14,1664,1220,41,403
2020-08-13,GORONTALO,8,0,24,-16,1672,1244,41,387
2020-08-14,GORONTALO,3,2,25,-24,1675,1269,43,363
2020-08-15,GORONTALO,40,1,18,21,1715,1287,44,384
2020-08-16,GORONTALO,6,0,16,-10,1721,1303,44,374
2020-08-17,GORONTALO,67,2,4,61,1788,1307,46,435
2020-08-18,GORONTALO,33,0,53,-20,1821,1360,46,415
2020-08-19,GORONTALO,54,0,39,15,1875,1399,46,430
2020-08-20,GORONTALO,0,0,47,-47,1875,1446,46,383
2020-08-21,GORONTALO,12,2,28,-18,1887,1474,48,365
2020-08-22,GORONTALO,0,0,32,-32,1887,1506,48,333
2020-08-23,GORONTALO,72,1,7,64,1959,1513,49,397
2020-08-24,GORONTALO,0,1,50,-51,1959,1563,50,346
2020-08-25,GORONTALO,11,0,0,11,1970,1563,50,357
2020-08-26,GORONTALO,0,0,27,-27,1970,1590,50,330
2020-08-27,GORONTALO,53,0,11,42,2023,1601,50,372
2020-08-28,GORONTALO,12,1,151,-140,2035,1752,51,232
2020-08-29,GORONTALO,6,2,13,-9,2041,1765,53,223
2020-08-30,GORONTALO,0,0,5,-5,2041,1770,53,218
2020-08-31,GORONTALO,0,1,16,-17,2041,1786,54,201
2020-09-01,GORONTALO,34,0,27,7,2075,1813,54,208
2020-09-02,GORONTALO,15,0,17,-2,2090,1830,54,206
2020-09-03,GORONTALO,61,1,16,44,2151,1846,55,250
2020-09-04,GORONTALO,9,0,6,3,2160,1852,55,253
2020-09-05,GORONTALO,22,4,20,-2,2182,1872,59,251
2020-09-06,GORONTALO,4,0,4,0,2186,1876,59,251
2020-09-07,GORONTALO,15,0,26,-11,2201,1902,59,240
2020-09-08,GORONTALO,24,1,11,12,2225,1913,60,252
2020-09-09,GORONTALO,16,0,7,9,2241,1920,60,261
2020-09-10,GORONTALO,28,1,28,-1,2269,1948,61,260
2020-09-11,GORONTALO,2,1,8,-7,2271,1956,62,253
2020-09-12,GORONTALO,11,0,8,3,2282,1964,62,256
2020-09-13,GORONTALO,32,2,4,26,2314,1968,64,282
2020-09-14,GORONTALO,0,2,48,-50,2314,2016,66,232
2020-09-15,GORONTALO,16,0,39,-23,2330,2055,66,209
2020-09-16,GORONTALO,6,0,23,-17,2336,2078,66,192
2020-09-17,GORONTALO,5,0,11,-6,2341,2089,66,186
2020-09-18,GORONTALO,12,2,17,-7,2353,2106,68,179
2020-09-19,GORONTALO,22,0,12,10,2375,2118,68,189
2020-09-20,GORONTALO,60,0,3,57,2435,2121,68,246
2020-09-21,GORONTALO,2,0,20,-18,2437,2141,68,228
2020-09-22,GORONTALO,4,2,11,-9,2441,2152,70,219
2020-09-23,GORONTALO,48,2,15,31,2489,2167,72,250
2020-09-24,GORONTALO,0,0,21,-21,2489,2188,72,229
2020-09-25,GORONTALO,45,2,9,34,2534,2197,74,263
2020-09-26,GORONTALO,5,0,6,-1,2539,2203,74,262
2020-09-27,GORONTALO,33,0,12,21,2572,2215,74,283
2020-09-28,GORONTALO,87,0,10,77,2659,2225,74,360
2020-09-29,GORONTALO,12,0,16,-4,2671,2241,74,356
2020-09-30,GORONTALO,82,1,20,61,2753,2261,75,417
2020-10-01,GORONTALO,6,0,35,-29,2759,2296,75,388
2020-10-02,GORONTALO,16,0,21,-5,2775,2317,75,383
2020-10-03,GORONTALO,0,0,9,-9,2775,2326,75,374
2020-10-04,GORONTALO,41,0,31,10,2816,2357,75,384
2020-10-05,GORONTALO,23,1,33,-11,2839,2390,76,373
2020-10-06,GORONTALO,0,0,27,-27,2839,2417,76,346
2020-10-07,GORONTALO,83,0,24,59,2922,2441,76,405
2020-10-08,GORONTALO,9,1,0,8,2931,2441,77,413
2020-10-09,GORONTALO,2,0,106,-104,2933,2547,77,309
2020-10-10,GORONTALO,7,0,28,-21,2940,2575,77,288
2020-10-11,GORONTALO,7,0,36,-29,2947,2611,77,259
2020-10-12,GORONTALO,2,0,46,-44,2949,2657,77,215
2020-10-13,GORONTALO,0,0,36,-36,2949,2693,77,179
2020-10-14,GORONTALO,10,0,16,-6,2959,2709,77,173
2020-10-15,GORONTALO,1,1,48,-48,2960,2757,78,125
2020-10-16,GORONTALO,4,0,0,4,2964,2757,78,129
2020-10-17,GORONTALO,0,0,17,-17,2964,2774,78,112
2020-10-18,GORONTALO,3,0,0,3,2967,2774,78,115
2020-10-19,GORONTALO,2,0,22,-20,2969,2796,78,95
2020-10-20,GORONTALO,0,1,1,-2,2969,2797,79,93
2020-10-21,GORONTALO,3,1,4,-2,2972,2801,80,91
2020-10-22,GORONTALO,3,0,13,-10,2975,2814,80,81
2020-10-23,GORONTALO,0,0,0,0,2975,2814,80,81
2020-10-24,GORONTALO,7,0,2,5,2982,2816,80,86
2020-10-25,GORONTALO,19,4,18,-3,3001,2834,84,83
2020-10-26,GORONTALO,2,0,3,-1,3003,2837,84,82
2020-10-27,GORONTALO,2,0,1,1,3005,2838,84,83
2020-10-28,GORONTALO,2,0,0,2,3007,2838,84,85
2020-10-29,GORONTALO,0,0,6,-6,3007,2844,84,79
2020-10-30,GORONTALO,10,0,2,8,3017,2846,84,87
2020-10-31,GORONTALO,0,0,5,-5,3017,2851,84,82
2020-11-01,GORONTALO,4,0,1,3,3021,2852,84,85
2020-11-02,GORONTALO,0,0,6,-6,3021,2858,84,79
2020-11-03,GORONTALO,10,1,2,7,3031,2860,85,86
2020-11-04,GORONTALO,0,0,5,-5,3031,2865,85,81
2020-11-05,GORONTALO,0,0,0,0,3031,2865,85,81
2020-11-06,GORONTALO,1,0,5,-4,3032,2870,85,77
2020-11-07,GORONTALO,5,0,0,5,3037,2870,85,82
2020-11-08,GORONTALO,8,0,1,7,3045,2871,85,89
2020-11-09,GORONTALO,4,0,3,1,3049,2874,85,90
2020-11-10,GORONTALO,0,0,3,-3,3049,2877,85,87
2020-11-11,GORONTALO,0,0,0,0,3049,2877,85,87
2020-11-12,GORONTALO,5,0,14,-9,3054,2891,85,78
2020-11-13,GORONTALO,0,0,1,-1,3054,2892,85,77
2020-11-14,GORONTALO,0,2,1,-3,3054,2893,87,74
2020-11-15,GORONTALO,0,0,1,-1,3054,2894,87,73
2020-11-16,GORONTALO,0,1,4,-5,3054,2898,88,68
2020-11-17,GORONTALO,0,0,7,-7,3054,2905,88,61
2020-11-18,GORONTALO,3,0,3,0,3057,2908,88,61
2020-11-19,GORONTALO,0,0,0,0,3057,2908,88,61
2020-11-20,GORONTALO,0,0,0,0,3057,2908,88,61
2020-11-21,GORONTALO,0,0,2,-2,3057,2910,88,59
2020-11-22,GORONTALO,5,0,0,5,3062,2910,88,64
2020-11-23,GORONTALO,1,0,48,-47,3063,2958,88,17
2020-11-24,GORONTALO,2,0,0,2,3065,2958,88,19
2020-11-25,GORONTALO,0,0,0,0,3065,2958,88,19
2020-11-26,GORONTALO,8,0,0,8,3073,2958,88,27
2020-11-27,GORONTALO,0,0,0,0,3073,2958,88,27
2020-11-28,GORONTALO,18,1,7,10,3091,2965,89,37
2020-11-29,GORONTALO,19,2,1,16,3110,2966,91,53
2020-11-30,GORONTALO,0,0,3,-3,3110,2969,91,50
2020-12-01,GORONTALO,0,0,0,0,3110,2969,91,50
2020-12-02,GORONTALO,29,0,0,29,3139,2969,91,79
2020-12-03,GORONTALO,18,0,3,15,3157,2972,91,94
2020-12-04,GORONTALO,15,0,11,4,3172,2983,91,98
2020-12-05,GORONTALO,0,0,24,-24,3172,3007,91,74
2020-12-06,GORONTALO,91,1,2,88,3263,3009,92,162
2020-12-07,GORONTALO,0,0,11,-11,3263,3020,92,151
2020-12-08,GORONTALO,3,0,4,-1,3266,3024,92,150
2020-12-09,GORONTALO,24,3,60,-39,3290,3084,95,111
2020-12-10,GORONTALO,0,0,32,-32,3290,3116,95,79
2020-12-11,GORONTALO,5,0,10,-5,3295,3126,95,74
2020-12-12,GORONTALO,11,0,6,5,3306,3132,95,79
2020-12-13,GORONTALO,0,0,5,-5,3306,3137,95,74
2020-12-14,GORONTALO,15,0,6,9,3321,3143,95,83
2020-12-15,GORONTALO,1,0,2,-1,3322,3145,95,82
2020-12-16,GORONTALO,20,1,6,13,3342,3151,96,95
2020-12-17,GORONTALO,12,0,27,-15,3354,3178,96,80
2020-12-18,GORONTALO,11,0,0,11,3365,3178,96,91
2020-12-19,GORONTALO,0,0,1,-1,3365,3179,96,90
2020-12-20,GORONTALO,3,0,4,-1,3368,3183,96,89
2020-12-21,GORONTALO,0,0,3,-3,3368,3186,96,86
2020-12-22,GORONTALO,47,1,3,43,3415,3189,97,129
2020-12-23,GORONTALO,50,2,0,48,3465,3189,99,177
2020-12-24,GORONTALO,30,2,9,19,3495,3198,101,196
2020-12-25,GORONTALO,64,0,7,57,3559,3205,101,253
2020-12-26,GORONTALO,44,0,1,43,3603,3206,101,296
2020-12-27,GORONTALO,0,0,38,-38,3603,3244,101,258
2020-12-28,GORONTALO,73,0,3,70,3676,3247,101,328
2020-12-29,GORONTALO,12,0,16,-4,3688,3263,101,324
2020-12-30,GORONTALO,7,0,20,-13,3695,3283,101,311
2020-12-31,GORONTALO,146,3,25,118,3841,3308,104,429
2021-01-01,GORONTALO,25,0,16,9,3866,3324,104,438
2021-01-02,GORONTALO,0,0,30,-30,3866,3354,104,408
2021-01-03,GORONTALO,1,0,35,-34,3867,3389,104,374
2021-01-04,GORONTALO,13,0,16,-3,3880,3405,104,371
2021-01-05,GORONTALO,8,0,33,-25,3888,3438,104,346
2021-01-06,GORONTALO,0,0,22,-22,3888,3460,104,324
2021-01-07,GORONTALO,46,0,67,-21,3934,3527,104,303
2021-01-08,GORONTALO,15,1,32,-18,3949,3559,105,285
2021-01-09,GORONTALO,12,0,4,8,3961,3563,105,293
2021-01-10,GORONTALO,8,1,44,-37,3969,3607,106,256
2021-01-11,GORONTALO,11,0,21,-10,3980,3628,106,246
2021-01-12,GORONTALO,31,0,10,21,4011,3638,106,267
2021-01-13,GORONTALO,0,0,24,-24,4011,3662,106,243
2021-01-14,GORONTALO,43,0,24,19,4054,3686,106,262
2021-01-15,GORONTALO,3,0,4,-1,4057,3690,106,261
2021-01-16,GORONTALO,8,0,0,8,4065,3690,106,269
2021-01-17,GORONTALO,9,0,0,9,4074,3690,106,278
2021-01-18,GORONTALO,6,1,151,-146,4080,3841,107,132
2021-01-19,GORONTALO,28,0,27,1,4108,3868,107,133
2021-01-20,GORONTALO,14,1,9,4,4122,3877,108,137
2021-01-21,GORONTALO,7,0,2,5,4129,3879,108,142
2021-01-22,GORONTALO,13,0,7,6,4142,3886,108,148
2021-01-23,GORONTALO,16,2,3,11,4158,3889,110,159
2021-01-24,GORONTALO,3,0,0,3,4161,3889,110,162
2021-01-25,GORONTALO,7,0,25,-18,4168,3914,110,144
2021-01-26,GORONTALO,4,2,7,-5,4172,3921,112,139
2021-01-27,GORONTALO,1,1,7,-7,4173,3928,113,132
2021-01-28,GORONTALO,55,1,3,51,4228,3931,114,183
2021-01-29,GORONTALO,16,1,15,0,4244,3946,115,183
2021-01-30,GORONTALO,39,0,14,25,4283,3960,115,208
2021-01-31,GORONTALO,25,0,2,23,4308,3962,115,231
2021-02-01,GORONTALO,3,2,9,-8,4311,3971,117,223
2021-02-02,GORONTALO,59,2,9,48,4370,3980,119,271
2021-02-03,GORONTALO,30,0,6,24,4400,3986,119,295
2021-02-04,GORONTALO,23,1,12,10,4423,3998,120,305
2021-02-05,GORONTALO,14,0,3,11,4437,4001,120,316
2021-02-06,GORONTALO,11,1,14,-4,4448,4015,121,312
2021-02-07,GORONTALO,22,1,20,1,4470,4035,122,313
2021-02-08,GORONTALO,0,0,17,-17,4470,4052,122,296
2021-02-09,GORONTALO,31,0,17,14,4501,4069,122,310
2021-02-10,GORONTALO,26,0,21,5,4527,4090,122,315
2021-02-11,GORONTALO,14,0,62,-48,4541,4152,122,267
2021-02-12,GORONTALO,29,1,9,19,4570,4161,123,286
2021-02-13,GORONTALO,4,0,27,-23,4574,4188,123,263
2021-02-14,GORONTALO,19,0,11,8,4593,4199,123,271
2021-02-15,GORONTALO,19,1,10,8,4612,4209,124,279
2021-02-16,GORONTALO,22,0,3,19,4634,4212,124,298
2021-02-17,GORONTALO,4,0,3,1,4638,4215,124,299
2021-02-18,GORONTALO,10,2,11,-3,4648,4226,126,296
2021-02-19,GORONTALO,47,0,13,34,4695,4239,126,330
2021-02-20,GORONTALO,6,0,12,-6,4701,4251,126,324
2021-02-21,GORONTALO,18,2,9,7,4719,4260,128,331
2021-02-22,GORONTALO,2,0,17,-15,4721,4277,128,316
2021-02-23,GORONTALO,10,3,12,-5,4731,4289,131,311
2021-02-24,GORONTALO,2,0,9,-7,4733,4298,131,304
2021-02-25,GORONTALO,22,2,22,-2,4755,4320,133,302
2021-02-26,GORONTALO,19,0,17,2,4774,4337,133,304
2021-02-27,GORONTALO,2,2,11,-11,4776,4348,135,293
2021-02-28,GORONTALO,18,0,10,8,4794,4358,135,301
2021-03-01,GORONTALO,4,1,20,-17,4798,4378,136,284
2021-03-02,GORONTALO,4,0,16,-12,4802,4394,136,272
2021-03-03,GORONTALO,17,0,6,11,4819,4400,136,283
2021-03-04,GORONTALO,23,0,7,16,4842,4407,136,299
2021-03-05,GORONTALO,9,0,17,-8,4851,4424,136,291
2021-03-06,GORONTALO,13,1,10,2,4864,4434,137,293
2021-03-07,GORONTALO,2,1,0,1,4866,4434,138,294
2021-03-08,GORONTALO,0,0,4,-4,4866,4438,138,290
2021-03-09,GORONTALO,0,0,21,-21,4866,4459,138,269
2021-03-10,GORONTALO,14,0,2,12,4880,4461,138,281
2021-03-11,GORONTALO,0,1,3,-4,4880,4464,139,277
2021-03-12,GORONTALO,23,0,27,-4,4903,4491,139,273
2021-03-13,GORONTALO,51,1,23,27,4954,4514,140,300
2021-03-14,GORONTALO,7,0,3,4,4961,4517,140,304
2021-03-15,GORONTALO,3,0,6,-3,4964,4523,140,301
2021-03-16,GORONTALO,3,1,5,-3,4967,4528,141,298
2021-03-17,GORONTALO,16,0,11,5,4983,4539,141,303
2021-03-18,GORONTALO,34,0,155,-121,5017,4694,141,182
2021-03-19,GORONTALO,3,0,12,-9,5020,4706,141,173
2021-03-20,GORONTALO,17,0,5,12,5037,4711,141,185
2021-03-21,GORONTALO,2,1,2,-1,5039,4713,142,184
2021-03-22,GORONTALO,2,0,16,-14,5041,4729,142,170
2021-03-23,GORONTALO,34,0,27,7,5075,4756,142,177
2021-03-24,GORONTALO,0,2,2,-4,5075,4758,144,173
2021-03-25,GORONTALO,7,0,8,-1,5082,4766,144,172
2021-03-26,GORONTALO,21,0,13,8,5103,4779,144,180
2021-03-27,GORONTALO,8,1,8,-1,5111,4787,145,179
2021-03-28,GORONTALO,8,0,0,8,5119,4787,145,187
2021-03-29,GORONTALO,2,0,14,-12,5121,4801,145,175
2021-03-30,GORONTALO,10,1,24,-15,5131,4825,146,160
2021-03-31,GORONTALO,8,0,10,-2,5139,4835,146,158
2021-04-01,GORONTALO,23,1,2,20,5162,4837,147,178
2021-04-02,GORONTALO,10,0,2,8,5172,4839,147,186
2021-04-03,GORONTALO,19,0,3,16,5191,4842,147,202
2021-04-04,GORONTALO,11,1,7,3,5202,4849,148,205
2021-04-05,GORONTALO,0,1,11,-12,5202,4860,149,193
2021-04-06,GORONTALO,7,1,8,-2,5209,4868,150,191
2021-04-07,GORONTALO,16,0,4,12,5225,4872,150,203
2021-04-08,GORONTALO,0,0,3,-3,5225,4875,150,200
2021-04-09,GORONTALO,15,0,5,10,5240,4880,150,210
2021-04-10,GORONTALO,7,0,1,6,5247,4881,150,216
2021-04-11,GORONTALO,10,0,0,10,5257,4881,150,226
2021-04-12,GORONTALO,1,0,8,-7,5258,4889,150,219
2021-04-13,GORONTALO,16,3,26,-13,5274,4915,153,206
2021-04-14,GORONTALO,7,3,13,-9,5281,4928,156,197
2021-04-15,GORONTALO,16,1,12,3,5297,4940,157,200
2021-04-16,GORONTALO,7,0,0,7,5304,4940,157,207
2021-04-17,GORONTALO,12,1,20,-9,5316,4960,158,198
2021-04-18,GORONTALO,7,0,7,0,5323,4967,158,198
2021-04-19,GORONTALO,0,1,7,-8,5323,4974,159,190
2021-04-20,GORONTALO,9,1,2,6,5332,4976,160,196
2021-04-21,GORONTALO,0,1,4,-5,5332,4980,161,191
2021-04-22,GORONTALO,6,0,2,4,5338,4982,161,195
2021-04-23,GORONTALO,2,0,2,0,5340,4984,161,195
2021-04-24,GORONTALO,6,0,2,4,5346,4986,161,199
2021-04-25,GORONTALO,0,0,0,0,5346,4986,161,199
2021-04-26,GORONTALO,9,0,3,6,5355,4989,161,205
2021-04-27,GORONTALO,0,0,0,0,5355,4989,161,205
2021-04-28,GORONTALO,19,0,30,-11,5374,5019,161,194
2021-04-29,GORONTALO,12,0,1,11,5386,5020,161,205
2021-04-30,GORONTALO,8,0,10,-2,5394,5030,161,203
2021-05-01,GORONTALO,6,4,49,-47,5400,5079,165,156
2021-05-02,GORONTALO,0,1,2,-3,5400,5081,166,153
2021-05-03,GORONTALO,3,2,3,-2,5403,5084,168,151
2021-05-04,GORONTALO,4,0,4,0,5407,5088,168,151
2021-05-05,GORONTALO,4,0,13,-9,5411,5101,168,142
2021-05-06,GORONTALO,11,0,4,7,5422,5105,168,149
2021-05-07,GORONTALO,0,1,2,-3,5422,5107,169,146
2021-05-08,GORONTALO,2,0,0,2,5424,5107,169,148
2021-05-09,GORONTALO,0,1,1,-2,5424,5108,170,146
2021-05-10,GORONTALO,0,0,3,-3,5424,5111,170,143
2021-05-11,GORONTALO,7,0,3,4,5431,5114,170,147
2021-05-12,GORONTALO,0,0,0,0,5431,5114,170,147
2021-05-13,GORONTALO,1,0,0,1,5432,5114,170,148
2021-05-14,GORONTALO,1,0,2,-1,5433,5116,170,147
2021-05-15,GORONTALO,0,0,2,-2,5433,5118,170,145
2021-05-16,GORONTALO,3,0,0,3,5436,5118,170,148
2021-05-17,GORONTALO,2,0,8,-6,5438,5126,170,142
2021-05-18,GORONTALO,6,0,0,6,5444,5126,170,148
2021-05-19,GORONTALO,5,0,1,4,5449,5127,170,152
2021-05-20,GORONTALO,0,0,0,0,5449,5127,170,152
2021-05-21,GORONTALO,5,0,0,5,5454,5127,170,157
2021-05-22,GORONTALO,3,0,0,3,5457,5127,170,160
2021-05-23,GORONTALO,5,0,0,5,5462,5127,170,165
2021-05-24,GORONTALO,2,0,3,-1,5464,5130,170,164
2021-05-25,GORONTALO,8,0,3,5,5472,5133,170,169
2021-05-26,GORONTALO,1,0,1,0,5473,5134,170,169
2021-05-27,GORONTALO,11,0,0,11,5484,5134,170,180
2021-05-28,GORONTALO,1,0,0,1,5485,5134,170,181
2021-05-29,GORONTALO,6,2,102,-98,5491,5236,172,83
2021-05-30,GORONTALO,11,0,0,11,5502,5236,172,94
2021-05-31,GORONTALO,4,0,4,0,5506,5240,172,94
2021-06-01,GORONTALO,0,0,0,0,5506,5240,172,94
2021-06-02,GORONTALO,4,0,9,-5,5510,5249,172,89
2021-06-03,GORONTALO,0,0,11,-11,5510,5260,172,78
2021-06-04,GORONTALO,2,0,2,0,5512,5262,172,78
2021-06-05,GORONTALO,1,0,4,-3,5513,5266,172,75
2021-06-06,GORONTALO,10,0,3,7,5523,5269,172,82
2021-06-07,GORONTALO,0,0,2,-2,5523,5271,172,80
2021-06-08,GORONTALO,0,0,2,-2,5523,5273,172,78
2021-06-09,GORONTALO,6,1,2,3,5529,5275,173,81
2021-06-10,GORONTALO,15,0,0,15,5544,5275,173,96
2021-06-11,GORONTALO,5,0,0,5,5549,5275,173,101
2021-06-12,GORONTALO,4,3,53,-52,5553,5328,176,49
2021-06-13,GORONTALO,4,2,7,-5,5557,5335,178,44
2021-06-14,GORONTALO,0,2,1,-3,5557,5336,180,41
2021-06-15,GORONTALO,18,0,0,18,5575,5336,180,59
2021-06-16,GORONTALO,2,0,0,2,5577,5336,180,61
2021-06-17,GORONTALO,0,0,1,-1,5577,5337,180,60
2021-06-18,GORONTALO,28,0,0,28,5605,5337,180,88
2021-06-19,GORONTALO,9,0,0,9,5614,5337,180,97
2021-06-20,GORONTALO,10,0,0,10,5624,5337,180,107
2021-06-21,GORONTALO,66,0,0,66,5690,5337,180,173
2021-06-22,GORONTALO,0,0,1,-1,5690,5338,180,172
2021-06-23,GORONTALO,33,0,1,32,5723,5339,180,204
2021-06-24,GORONTALO,0,0,0,0,5723,5339,180,204
2021-06-25,GORONTALO,19,0,1,18,5742,5340,180,222
2021-06-26,GORONTALO,41,1,13,27,5783,5353,181,249
2021-06-27,GORONTALO,36,0,14,22,5819,5367,181,271
2021-06-28,GORONTALO,18,0,5,13,5837,5372,181,284
2021-06-29,GORONTALO,10,1,40,-31,5847,5412,182,253
2021-06-30,GORONTALO,0,0,3,-3,5847,5415,182,250
2021-07-01,GORONTALO,27,0,26,1,5874,5441,182,251
2021-07-02,GORONTALO,25,3,22,0,5899,5463,185,251
2021-07-03,GORONTALO,14,0,27,-13,5913,5490,185,238
2021-07-04,GORONTALO,0,0,22,-22,5913,5512,185,216
2021-07-05,GORONTALO,76,0,18,58,5989,5530,185,274
2021-07-06,GORONTALO,37,0,3,34,6026,5533,185,308
2021-07-07,GORONTALO,86,1,15,70,6112,5548,186,378
2021-07-08,GORONTALO,41,0,7,34,6153,5555,186,412
2021-07-09,GORONTALO,11,1,26,-16,6164,5581,187,396
2021-07-10,GORONTALO,25,1,28,-4,6189,5609,188,392
2021-07-11,GORONTALO,0,0,9,-9,6189,5618,188,383
2021-07-12,GORONTALO,121,1,0,120,6310,5618,189,503
2021-07-13,GORONTALO,56,3,21,32,6366,5639,192,535
2021-07-14,GORONTALO,56,1,68,-13,6422,5707,193,522
2021-07-15,GORONTALO,63,0,17,46,6485,5724,193,568
2021-07-16,GORONTALO,153,3,35,115,6638,5759,196,683
2021-07-17,GORONTALO,53,1,25,27,6691,5784,197,710
2021-07-18,GORONTALO,102,0,31,71,6793,5815,197,781
2021-07-19,GORONTALO,134,0,5,129,6927,5820,197,910
2021-07-20,GORONTALO,22,0,102,-80,6949,5922,197,830
2021-07-21,GORONTALO,58,0,30,28,7007,5952,197,858
2021-07-22,GORONTALO,76,7,54,15,7083,6006,204,873
2021-07-23,GORONTALO,20,1,33,-14,7103,6039,205,859
2021-07-24,GORONTALO,74,1,20,53,7177,6059,206,912
2021-07-25,GORONTALO,34,1,33,0,7211,6092,207,912
2021-07-26,GORONTALO,49,0,45,4,7260,6137,207,916
2021-07-27,GORONTALO,87,5,119,-37,7347,6256,212,879
2021-07-28,GORONTALO,194,1,24,169,7541,6280,213,1048
2021-07-29,GORONTALO,78,2,130,-54,7619,6410,215,994
2021-07-30,GORONTALO,186,0,32,154,7805,6442,215,1148
2021-07-31,GORONTALO,119,13,128,-22,7924,6570,228,1126
2021-08-01,GORONTALO,200,3,29,168,8124,6599,231,1294
2021-08-02,GORONTALO,94,0,28,66,8218,6627,231,1360
2021-08-03,GORONTALO,137,6,155,-24,8355,6782,237,1336
2021-08-04,GORONTALO,278,4,151,123,8633,6933,241,1459
2021-08-05,GORONTALO,228,9,72,147,8861,7005,250,1606
2021-08-06,GORONTALO,157,4,61,92,9018,7066,254,1698
2021-08-07,GORONTALO,164,8,55,101,9182,7121,262,1799
2021-08-08,GORONTALO,104,14,139,-49,9286,7260,276,1750
2021-08-09,GORONTALO,133,1,43,89,9419,7303,277,1839
2021-08-10,GORONTALO,207,14,69,124,9626,7372,291,1963
2021-08-11,GORONTALO,99,16,209,-126,9725,7581,307,1837
2021-08-12,GORONTALO,115,4,96,15,9840,7677,311,1852
2021-08-13,GORONTALO,147,10,133,4,9987,7810,321,1856
2021-08-14,GORONTALO,169,6,175,-12,10156,7985,327,1844
2021-08-15,GORONTALO,76,6,115,-45,10232,8100,333,1799
2021-08-16,GORONTALO,87,8,232,-153,10319,8332,341,1646
2021-08-17,GORONTALO,62,7,119,-64,10381,8451,348,1582
2021-08-18,GORONTALO,81,4,40,37,10462,8491,352,1619
2020-03-30,KEPULAUAN BANGKA BELITUNG,1,0,0,1,1,0,0,1
2020-03-31,KEPULAUAN BANGKA BELITUNG,1,1,0,0,2,0,1,1
2020-04-01,KEPULAUAN BANGKA BELITUNG,0,0,0,0,2,0,1,1
2020-04-02,KEPULAUAN BANGKA BELITUNG,0,0,0,0,2,0,1,1
2020-04-03,KEPULAUAN BANGKA BELITUNG,0,0,0,0,2,0,1,1
2020-04-04,KEPULAUAN BANGKA BELITUNG,0,0,0,0,2,0,1,1
2020-04-05,KEPULAUAN BANGKA BELITUNG,0,0,0,0,2,0,1,1
2020-04-06,KEPULAUAN BANGKA BELITUNG,0,0,0,0,2,0,1,1
2020-04-07,KEPULAUAN BANGKA BELITUNG,0,0,0,0,2,0,1,1
2020-04-08,KEPULAUAN BANGKA BELITUNG,1,0,0,1,3,0,1,2
2020-04-09,KEPULAUAN BANGKA BELITUNG,1,0,0,1,4,0,1,3
2020-04-10,KEPULAUAN BANGKA BELITUNG,0,0,0,0,4,0,1,3
2020-04-11,KEPULAUAN BANGKA BELITUNG,1,0,0,1,5,0,1,4
2020-04-12,KEPULAUAN BANGKA BELITUNG,0,0,0,0,5,0,1,4
2020-04-13,KEPULAUAN BANGKA BELITUNG,0,0,0,0,5,0,1,4
2020-04-14,KEPULAUAN BANGKA BELITUNG,0,0,0,0,5,0,1,4
2020-04-15,KEPULAUAN BANGKA BELITUNG,1,0,0,1,6,0,1,5
2020-04-16,KEPULAUAN BANGKA BELITUNG,1,0,0,1,7,0,1,6
2020-04-17,KEPULAUAN BANGKA BELITUNG,0,0,0,0,7,0,1,6
2020-04-18,KEPULAUAN BANGKA BELITUNG,0,0,1,-1,7,1,1,5
2020-04-19,KEPULAUAN BANGKA BELITUNG,1,0,0,1,8,1,1,6
2020-04-20,KEPULAUAN BANGKA BELITUNG,0,0,0,0,8,1,1,6
2020-04-21,KEPULAUAN BANGKA BELITUNG,1,0,2,-1,9,3,1,5
2020-04-22,KEPULAUAN BANGKA BELITUNG,0,0,0,0,9,3,1,5
2020-04-23,KEPULAUAN BANGKA BELITUNG,1,0,0,1,10,3,1,6
2020-04-24,KEPULAUAN BANGKA BELITUNG,0,0,0,0,10,3,1,6
2020-04-25,KEPULAUAN BANGKA BELITUNG,0,0,0,0,10,3,1,6
2020-04-26,KEPULAUAN BANGKA BELITUNG,1,0,0,1,11,3,1,7
2020-04-27,KEPULAUAN BANGKA BELITUNG,0,0,0,0,11,3,1,7
2020-04-28,KEPULAUAN BANGKA BELITUNG,0,0,0,0,11,3,1,7
2020-04-29,KEPULAUAN BANGKA BELITUNG,0,0,0,0,11,3,1,7
2020-04-30,KEPULAUAN BANGKA BELITUNG,0,0,2,-2,11,5,1,5
2020-05-01,KEPULAUAN BANGKA BELITUNG,9,0,0,9,20,5,1,14
2020-05-02,KEPULAUAN BANGKA BELITUNG,0,0,0,0,20,5,1,14
2020-05-03,KEPULAUAN BANGKA BELITUNG,1,0,0,1,21,5,1,15
2020-05-04,KEPULAUAN BANGKA BELITUNG,0,0,0,0,21,5,1,15
2020-05-05,KEPULAUAN BANGKA BELITUNG,8,0,0,8,29,5,1,23
2020-05-06,KEPULAUAN BANGKA BELITUNG,0,0,2,-2,29,7,1,21
2020-05-07,KEPULAUAN BANGKA BELITUNG,0,0,0,0,29,7,1,21
2020-05-08,KEPULAUAN BANGKA BELITUNG,0,0,1,-1,29,8,1,20
2020-05-09,KEPULAUAN BANGKA BELITUNG,0,0,0,0,29,8,1,20
2020-05-10,KEPULAUAN BANGKA BELITUNG,1,0,0,1,30,8,1,21
2020-05-11,KEPULAUAN BANGKA BELITUNG,0,0,0,0,30,8,1,21
2020-05-12,KEPULAUAN BANGKA BELITUNG,0,0,0,0,30,8,1,21
2020-05-13,KEPULAUAN BANGKA BELITUNG,0,0,0,0,30,8,1,21
2020-05-14,KEPULAUAN BANGKA BELITUNG,0,0,0,0,30,8,1,21
2020-05-15,KEPULAUAN BANGKA BELITUNG,0,0,17,-17,30,25,1,4
2020-05-16,KEPULAUAN BANGKA BELITUNG,0,0,0,0,30,25,1,4
2020-05-17,KEPULAUAN BANGKA BELITUNG,0,0,0,0,30,25,1,4
2020-05-18,KEPULAUAN BANGKA BELITUNG,0,0,0,0,30,25,1,4
2020-05-19,KEPULAUAN BANGKA BELITUNG,0,0,0,0,30,25,1,4
2020-05-20,KEPULAUAN BANGKA BELITUNG,6,0,1,5,36,26,1,9
2020-05-21,KEPULAUAN BANGKA BELITUNG,1,0,1,0,37,27,1,9
2020-05-22,KEPULAUAN BANGKA BELITUNG,0,0,0,0,37,27,1,9
2020-05-23,KEPULAUAN BANGKA BELITUNG,3,0,1,2,40,28,1,11
2020-05-24,KEPULAUAN BANGKA BELITUNG,0,0,0,0,40,28,1,11
2020-05-25,KEPULAUAN BANGKA BELITUNG,0,0,0,0,40,28,1,11
2020-05-26,KEPULAUAN BANGKA BELITUNG,0,0,0,0,40,28,1,11
2020-05-27,KEPULAUAN BANGKA BELITUNG,3,0,0,3,43,28,1,14
2020-05-28,KEPULAUAN BANGKA BELITUNG,0,0,0,0,43,28,1,14
2020-05-29,KEPULAUAN BANGKA BELITUNG,0,0,0,0,43,28,1,14
2020-05-30,KEPULAUAN BANGKA BELITUNG,3,0,0,3,46,28,1,17
2020-05-31,KEPULAUAN BANGKA BELITUNG,1,0,1,0,47,29,1,17
2020-06-01,KEPULAUAN BANGKA BELITUNG,0,0,0,0,47,29,1,17
2020-06-02,KEPULAUAN BANGKA BELITUNG,4,0,1,3,51,30,1,20
2020-06-03,KEPULAUAN BANGKA BELITUNG,12,0,3,9,63,33,1,29
2020-06-04,KEPULAUAN BANGKA BELITUNG,10,0,2,8,73,35,1,37
2020-06-05,KEPULAUAN BANGKA BELITUNG,9,0,0,9,82,35,1,46
2020-06-06,KEPULAUAN BANGKA BELITUNG,17,0,1,16,99,36,1,62
2020-06-07,KEPULAUAN BANGKA BELITUNG,4,0,1,3,103,37,1,65
2020-06-08,KEPULAUAN BANGKA BELITUNG,0,0,1,-1,103,38,1,64
2020-06-09,KEPULAUAN BANGKA BELITUNG,19,0,5,14,122,43,1,78
2020-06-10,KEPULAUAN BANGKA BELITUNG,2,0,1,1,124,44,1,79
2020-06-11,KEPULAUAN BANGKA BELITUNG,3,0,3,0,127,47,1,79
2020-06-12,KEPULAUAN BANGKA BELITUNG,6,0,8,-2,133,55,1,77
2020-06-13,KEPULAUAN BANGKA BELITUNG,4,0,9,-5,137,64,1,72
2020-06-14,KEPULAUAN BANGKA BELITUNG,8,1,0,7,145,64,2,79
2020-06-15,KEPULAUAN BANGKA BELITUNG,0,0,0,0,145,64,2,79
2020-06-16,KEPULAUAN BANGKA BELITUNG,1,0,5,-4,146,69,2,75
2020-06-17,KEPULAUAN BANGKA BELITUNG,2,0,27,-25,148,96,2,50
2020-06-18,KEPULAUAN BANGKA BELITUNG,0,0,6,-6,148,102,2,44
2020-06-19,KEPULAUAN BANGKA BELITUNG,0,0,6,-6,148,108,2,38
2020-06-20,KEPULAUAN BANGKA BELITUNG,1,0,0,1,149,108,2,39
2020-06-21,KEPULAUAN BANGKA BELITUNG,0,0,0,0,149,108,2,39
2020-06-22,KEPULAUAN BANGKA BELITUNG,0,0,10,-10,149,118,2,29
2020-06-23,KEPULAUAN BANGKA BELITUNG,0,0,0,0,149,118,2,29
2020-06-24,KEPULAUAN BANGKA BELITUNG,0,0,9,-9,149,127,2,20
2020-06-25,KEPULAUAN BANGKA BELITUNG,0,0,1,-1,149,128,2,19
2020-06-26,KEPULAUAN BANGKA BELITUNG,0,0,3,-3,149,131,2,16
2020-06-27,KEPULAUAN BANGKA BELITUNG,1,0,2,-1,150,133,2,15
2020-06-28,KEPULAUAN BANGKA BELITUNG,0,0,0,0,150,133,2,15
2020-06-29,KEPULAUAN BANGKA BELITUNG,3,0,1,2,153,134,2,17
2020-06-30,KEPULAUAN BANGKA BELITUNG,0,0,1,-1,153,135,2,16
2020-07-01,KEPULAUAN BANGKA BELITUNG,3,0,1,2,156,136,2,18
2020-07-02,KEPULAUAN BANGKA BELITUNG,0,0,1,-1,156,137,2,17
2020-07-03,KEPULAUAN BANGKA BELITUNG,2,0,0,2,158,137,2,19
2020-07-04,KEPULAUAN BANGKA BELITUNG,4,0,0,4,162,137,2,23
2020-07-05,KEPULAUAN BANGKA BELITUNG,2,0,0,2,164,137,2,25
2020-07-06,KEPULAUAN BANGKA BELITUNG,6,0,0,6,170,137,2,31
2020-07-07,KEPULAUAN BANGKA BELITUNG,2,0,3,-1,172,140,2,30
2020-07-08,KEPULAUAN BANGKA BELITUNG,0,0,0,0,172,140,2,30
2020-07-09,KEPULAUAN BANGKA BELITUNG,0,0,1,-1,172,141,2,29
2020-07-10,KEPULAUAN BANGKA BELITUNG,0,0,1,-1,172,142,2,28
2020-07-11,KEPULAUAN BANGKA BELITUNG,1,0,1,0,173,143,2,28
2020-07-12,KEPULAUAN BANGKA BELITUNG,0,0,0,0,173,143,2,28
2020-07-13,KEPULAUAN BANGKA BELITUNG,0,0,3,-3,173,146,2,25
2020-07-14,KEPULAUAN BANGKA BELITUNG,2,0,0,2,175,146,2,27
2020-07-15,KEPULAUAN BANGKA BELITUNG,1,0,5,-4,176,151,2,23
2020-07-16,KEPULAUAN BANGKA BELITUNG,0,0,16,-16,176,167,2,7
2020-07-17,KEPULAUAN BANGKA BELITUNG,0,0,0,0,176,167,2,7
2020-07-18,KEPULAUAN BANGKA BELITUNG,1,0,1,0,177,168,2,7
2020-07-19,KEPULAUAN BANGKA BELITUNG,0,0,0,0,177,168,2,7
2020-07-20,KEPULAUAN BANGKA BELITUNG,4,0,0,4,181,168,2,11
2020-07-21,KEPULAUAN BANGKA BELITUNG,0,0,0,0,181,168,2,11
2020-07-22,KEPULAUAN BANGKA BELITUNG,1,0,2,-1,182,170,2,10
2020-07-23,KEPULAUAN BANGKA BELITUNG,1,0,0,1,183,170,2,11
2020-07-24,KEPULAUAN BANGKA BELITUNG,3,0,0,3,186,170,2,14
2020-07-25,KEPULAUAN BANGKA BELITUNG,1,0,3,-2,187,173,2,12
2020-07-26,KEPULAUAN BANGKA BELITUNG,2,0,1,1,189,174,2,13
2020-07-27,KEPULAUAN BANGKA BELITUNG,3,0,0,3,192,174,2,16
2020-07-28,KEPULAUAN BANGKA BELITUNG,0,0,0,0,192,174,2,16
2020-07-29,KEPULAUAN BANGKA BELITUNG,2,0,0,2,194,174,2,18
2020-07-30,KEPULAUAN BANGKA BELITUNG,0,0,0,0,194,174,2,18
2020-07-31,KEPULAUAN BANGKA BELITUNG,0,0,0,0,194,174,2,18
2020-08-01,KEPULAUAN BANGKA BELITUNG,0,0,0,0,194,174,2,18
2020-08-02,KEPULAUAN BANGKA BELITUNG,0,0,0,0,194,174,2,18
2020-08-03,KEPULAUAN BANGKA BELITUNG,3,0,0,3,197,174,2,21
2020-08-04,KEPULAUAN BANGKA BELITUNG,0,0,2,-2,197,176,2,19
2020-08-05,KEPULAUAN BANGKA BELITUNG,1,0,7,-6,198,183,2,13
2020-08-06,KEPULAUAN BANGKA BELITUNG,0,0,0,0,198,183,2,13
2020-08-07,KEPULAUAN BANGKA BELITUNG,3,0,3,0,201,186,2,13
2020-08-08,KEPULAUAN BANGKA BELITUNG,0,0,3,-3,201,189,2,10
2020-08-09,KEPULAUAN BANGKA BELITUNG,1,0,1,0,202,190,2,10
2020-08-10,KEPULAUAN BANGKA BELITUNG,2,0,0,2,204,190,2,12
2020-08-11,KEPULAUAN BANGKA BELITUNG,0,0,0,0,204,190,2,12
2020-08-12,KEPULAUAN BANGKA BELITUNG,0,0,6,-6,204,196,2,6
2020-08-13,KEPULAUAN BANGKA BELITUNG,0,0,0,0,204,196,2,6
2020-08-14,KEPULAUAN BANGKA BELITUNG,2,0,0,2,206,196,2,8
2020-08-15,KEPULAUAN BANGKA BELITUNG,2,0,0,2,208,196,2,10
2020-08-16,KEPULAUAN BANGKA BELITUNG,5,0,1,4,213,197,2,14
2020-08-17,KEPULAUAN BANGKA BELITUNG,2,0,0,2,215,197,2,16
2020-08-18,KEPULAUAN BANGKA BELITUNG,2,0,2,0,217,199,2,16
2020-08-19,KEPULAUAN BANGKA BELITUNG,3,0,3,0,220,202,2,16
2020-08-20,KEPULAUAN BANGKA BELITUNG,1,0,0,1,221,202,2,17
2020-08-21,KEPULAUAN BANGKA BELITUNG,2,0,0,2,223,202,2,19
2020-08-22,KEPULAUAN BANGKA BELITUNG,4,0,0,4,227,202,2,23
2020-08-23,KEPULAUAN BANGKA BELITUNG,2,0,0,2,229,202,2,25
2020-08-24,KEPULAUAN BANGKA BELITUNG,0,0,2,-2,229,204,2,23
2020-08-25,KEPULAUAN BANGKA BELITUNG,3,0,5,-2,232,209,2,21
2020-08-26,KEPULAUAN BANGKA BELITUNG,4,0,4,0,236,213,2,21
2020-08-27,KEPULAUAN BANGKA BELITUNG,0,0,0,0,236,213,2,21
2020-08-28,KEPULAUAN BANGKA BELITUNG,0,0,2,-2,236,215,2,19
2020-08-29,KEPULAUAN BANGKA BELITUNG,0,0,3,-3,236,218,2,16
2020-08-30,KEPULAUAN BANGKA BELITUNG,4,0,0,4,240,218,2,20
2020-08-31,KEPULAUAN BANGKA BELITUNG,0,0,6,-6,240,224,2,14
2020-09-01,KEPULAUAN BANGKA BELITUNG,0,0,0,0,240,224,2,14
2020-09-02,KEPULAUAN BANGKA BELITUNG,0,0,1,-1,240,225,2,13
2020-09-03,KEPULAUAN BANGKA BELITUNG,1,0,2,-1,241,227,2,12
2020-09-04,KEPULAUAN BANGKA BELITUNG,2,0,2,0,243,229,2,12
2020-09-05,KEPULAUAN BANGKA BELITUNG,0,0,3,-3,243,232,2,9
2020-09-06,KEPULAUAN BANGKA BELITUNG,1,0,0,1,244,232,2,10
2020-09-07,KEPULAUAN BANGKA BELITUNG,0,0,0,0,244,232,2,10
2020-09-08,KEPULAUAN BANGKA BELITUNG,7,0,4,3,251,236,2,13
2020-09-09,KEPULAUAN BANGKA BELITUNG,2,0,0,2,253,236,2,15
2020-09-10,KEPULAUAN BANGKA BELITUNG,11,1,2,8,264,238,3,23
2020-09-11,KEPULAUAN BANGKA BELITUNG,7,0,0,7,271,238,3,30
2020-09-12,KEPULAUAN BANGKA BELITUNG,5,0,0,5,276,238,3,35
2020-09-13,KEPULAUAN BANGKA BELITUNG,8,0,2,6,284,240,3,41
2020-09-14,KEPULAUAN BANGKA BELITUNG,0,0,0,0,284,240,3,41
2020-09-15,KEPULAUAN BANGKA BELITUNG,1,0,5,-4,285,245,3,37
2020-09-16,KEPULAUAN BANGKA BELITUNG,11,0,2,9,296,247,3,46
2020-09-17,KEPULAUAN BANGKA BELITUNG,10,0,0,10,306,247,3,56
2020-09-18,KEPULAUAN BANGKA BELITUNG,1,1,3,-3,307,250,4,53
2020-09-19,KEPULAUAN BANGKA BELITUNG,4,0,13,-9,311,263,4,44
2020-09-20,KEPULAUAN BANGKA BELITUNG,1,0,2,-1,312,265,4,43
2020-09-21,KEPULAUAN BANGKA BELITUNG,1,0,4,-3,313,269,4,40
2020-09-22,KEPULAUAN BANGKA BELITUNG,8,0,1,7,321,270,4,47
2020-09-23,KEPULAUAN BANGKA BELITUNG,14,0,0,14,335,270,4,61
2020-09-24,KEPULAUAN BANGKA BELITUNG,1,0,5,-4,336,275,4,57
2020-09-25,KEPULAUAN BANGKA BELITUNG,1,0,3,-2,337,278,4,55
2020-09-26,KEPULAUAN BANGKA BELITUNG,1,0,1,0,338,279,4,55
2020-09-27,KEPULAUAN BANGKA BELITUNG,0,0,13,-13,338,292,4,42
2020-09-28,KEPULAUAN BANGKA BELITUNG,0,0,9,-9,338,301,4,33
2020-09-29,KEPULAUAN BANGKA BELITUNG,10,0,2,8,348,303,4,41
2020-09-30,KEPULAUAN BANGKA BELITUNG,14,0,1,13,362,304,4,54
2020-10-01,KEPULAUAN BANGKA BELITUNG,10,0,0,10,372,304,4,64
2020-10-02,KEPULAUAN BANGKA BELITUNG,16,1,9,6,388,313,5,70
2020-10-03,KEPULAUAN BANGKA BELITUNG,19,0,4,15,407,317,5,85
2020-10-04,KEPULAUAN BANGKA BELITUNG,5,1,6,-2,412,323,6,83
2020-10-05,KEPULAUAN BANGKA BELITUNG,12,0,6,6,424,329,6,89
2020-10-06,KEPULAUAN BANGKA BELITUNG,5,0,2,3,429,331,6,92
2020-10-07,KEPULAUAN BANGKA BELITUNG,10,0,1,9,439,332,6,101
2020-10-08,KEPULAUAN BANGKA BELITUNG,2,0,0,2,441,332,6,103
2020-10-09,KEPULAUAN BANGKA BELITUNG,14,0,2,12,455,334,6,115
2020-10-10,KEPULAUAN BANGKA BELITUNG,7,0,23,-16,462,357,6,99
2020-10-11,KEPULAUAN BANGKA BELITUNG,13,0,5,8,475,362,6,107
2020-10-12,KEPULAUAN BANGKA BELITUNG,0,0,2,-2,475,364,6,105
2020-10-13,KEPULAUAN BANGKA BELITUNG,1,0,13,-12,476,377,6,93
2020-10-14,KEPULAUAN BANGKA BELITUNG,5,0,26,-21,481,403,6,72
2020-10-15,KEPULAUAN BANGKA BELITUNG,4,0,10,-6,485,413,6,66
2020-10-16,KEPULAUAN BANGKA BELITUNG,4,0,6,-2,489,419,6,64
2020-10-17,KEPULAUAN BANGKA BELITUNG,11,0,12,-1,500,431,6,63
2020-10-18,KEPULAUAN BANGKA BELITUNG,16,1,6,9,516,437,7,72
2020-10-19,KEPULAUAN BANGKA BELITUNG,1,0,15,-14,517,452,7,58
2020-10-20,KEPULAUAN BANGKA BELITUNG,7,0,5,2,524,457,7,60
2020-10-21,KEPULAUAN BANGKA BELITUNG,15,0,5,10,539,462,7,70
2020-10-22,KEPULAUAN BANGKA BELITUNG,6,0,7,-1,545,469,7,69
2020-10-23,KEPULAUAN BANGKA BELITUNG,0,0,3,-3,545,472,7,66
2020-10-24,KEPULAUAN BANGKA BELITUNG,5,0,2,3,550,474,7,69
2020-10-25,KEPULAUAN BANGKA BELITUNG,4,0,2,2,554,476,7,71
2020-10-26,KEPULAUAN BANGKA BELITUNG,1,0,7,-6,555,483,7,65
2020-10-27,KEPULAUAN BANGKA BELITUNG,12,0,13,-1,567,496,7,64
2020-10-28,KEPULAUAN BANGKA BELITUNG,7,0,15,-8,574,511,7,56
2020-10-29,KEPULAUAN BANGKA BELITUNG,5,0,2,3,579,513,7,59
2020-10-30,KEPULAUAN BANGKA BELITUNG,3,0,0,3,582,513,7,62
2020-10-31,KEPULAUAN BANGKA BELITUNG,2,0,12,-10,584,525,7,52
2020-11-01,KEPULAUAN BANGKA BELITUNG,4,0,2,2,588,527,7,54
2020-11-02,KEPULAUAN BANGKA BELITUNG,5,0,7,-2,593,534,7,52
2020-11-03,KEPULAUAN BANGKA BELITUNG,11,0,7,4,604,541,7,56
2020-11-04,KEPULAUAN BANGKA BELITUNG,34,0,6,28,638,547,7,84
2020-11-05,KEPULAUAN BANGKA BELITUNG,15,0,3,12,653,550,7,96
2020-11-06,KEPULAUAN BANGKA BELITUNG,15,0,13,2,668,563,7,98
2020-11-07,KEPULAUAN BANGKA BELITUNG,13,0,4,9,681,567,7,107
2020-11-08,KEPULAUAN BANGKA BELITUNG,16,0,9,7,697,576,7,114
2020-11-09,KEPULAUAN BANGKA BELITUNG,0,0,7,-7,697,583,7,107
2020-11-10,KEPULAUAN BANGKA BELITUNG,10,1,0,9,707,583,8,116
2020-11-11,KEPULAUAN BANGKA BELITUNG,48,0,3,45,755,586,8,161
2020-11-12,KEPULAUAN BANGKA BELITUNG,23,2,4,17,778,590,10,178
2020-11-13,KEPULAUAN BANGKA BELITUNG,11,0,9,2,789,599,10,180
2020-11-14,KEPULAUAN BANGKA BELITUNG,15,0,45,-30,804,644,10,150
2020-11-15,KEPULAUAN BANGKA BELITUNG,0,0,10,-10,804,654,10,140
2020-11-16,KEPULAUAN BANGKA BELITUNG,2,0,7,-5,806,661,10,135
2020-11-17,KEPULAUAN BANGKA BELITUNG,15,0,46,-31,821,707,10,104
2020-11-18,KEPULAUAN BANGKA BELITUNG,12,0,14,-2,833,721,10,102
2020-11-19,KEPULAUAN BANGKA BELITUNG,23,1,0,22,856,721,11,124
2020-11-20,KEPULAUAN BANGKA BELITUNG,10,0,27,-17,866,748,11,107
2020-11-21,KEPULAUAN BANGKA BELITUNG,8,0,7,1,874,755,11,108
2020-11-22,KEPULAUAN BANGKA BELITUNG,9,0,5,4,883,760,11,112
2020-11-23,KEPULAUAN BANGKA BELITUNG,11,1,6,4,894,766,12,116
2020-11-24,KEPULAUAN BANGKA BELITUNG,15,0,5,10,909,771,12,126
2020-11-25,KEPULAUAN BANGKA BELITUNG,19,0,12,7,928,783,12,133
2020-11-26,KEPULAUAN BANGKA BELITUNG,17,0,2,15,945,785,12,148
2020-11-27,KEPULAUAN BANGKA BELITUNG,20,0,11,9,965,796,12,157
2020-11-28,KEPULAUAN BANGKA BELITUNG,18,1,23,-6,983,819,13,151
2020-11-29,KEPULAUAN BANGKA BELITUNG,12,0,23,-11,995,842,13,140
2020-11-30,KEPULAUAN BANGKA BELITUNG,8,0,12,-4,1003,854,13,136
2020-12-01,KEPULAUAN BANGKA BELITUNG,34,1,23,10,1037,877,14,146
2020-12-02,KEPULAUAN BANGKA BELITUNG,14,0,6,8,1051,883,14,154
2020-12-03,KEPULAUAN BANGKA BELITUNG,30,1,9,20,1081,892,15,174
2020-12-04,KEPULAUAN BANGKA BELITUNG,81,0,9,72,1162,901,15,246
2020-12-05,KEPULAUAN BANGKA BELITUNG,26,2,23,1,1188,924,17,247
2020-12-06,KEPULAUAN BANGKA BELITUNG,42,0,30,12,1230,954,17,259
2020-12-07,KEPULAUAN BANGKA BELITUNG,14,1,21,-8,1244,975,18,251
2020-12-08,KEPULAUAN BANGKA BELITUNG,40,0,15,25,1284,990,18,276
2020-12-09,KEPULAUAN BANGKA BELITUNG,22,1,12,9,1306,1002,19,285
2020-12-10,KEPULAUAN BANGKA BELITUNG,13,0,4,9,1319,1006,19,294
2020-12-11,KEPULAUAN BANGKA BELITUNG,28,0,54,-26,1347,1060,19,268
2020-12-12,KEPULAUAN BANGKA BELITUNG,39,0,15,24,1386,1075,19,292
2020-12-13,KEPULAUAN BANGKA BELITUNG,49,1,33,15,1435,1108,20,307
2020-12-14,KEPULAUAN BANGKA BELITUNG,13,0,27,-14,1448,1135,20,293
2020-12-15,KEPULAUAN BANGKA BELITUNG,39,1,53,-15,1487,1188,21,278
2020-12-16,KEPULAUAN BANGKA BELITUNG,41,3,31,7,1528,1219,24,285
2020-12-17,KEPULAUAN BANGKA BELITUNG,50,0,15,35,1578,1234,24,320
2020-12-18,KEPULAUAN BANGKA BELITUNG,35,1,26,8,1613,1260,25,328
2020-12-19,KEPULAUAN BANGKA BELITUNG,32,1,37,-6,1645,1297,26,322
2020-12-20,KEPULAUAN BANGKA BELITUNG,53,1,21,31,1698,1318,27,353
2020-12-21,KEPULAUAN BANGKA BELITUNG,21,0,40,-19,1719,1358,27,334
2020-12-22,KEPULAUAN BANGKA BELITUNG,33,1,29,3,1752,1387,28,337
2020-12-23,KEPULAUAN BANGKA BELITUNG,50,0,5,45,1802,1392,28,382
2020-12-24,KEPULAUAN BANGKA BELITUNG,68,0,22,46,1870,1414,28,428
2020-12-25,KEPULAUAN BANGKA BELITUNG,79,2,54,23,1949,1468,30,451
2020-12-26,KEPULAUAN BANGKA BELITUNG,54,1,16,37,2003,1484,31,488
2020-12-27,KEPULAUAN BANGKA BELITUNG,75,1,64,10,2078,1548,32,498
2020-12-28,KEPULAUAN BANGKA BELITUNG,61,0,43,18,2139,1591,32,516
2020-12-29,KEPULAUAN BANGKA BELITUNG,54,1,38,15,2193,1629,33,531
2020-12-30,KEPULAUAN BANGKA BELITUNG,90,1,34,55,2283,1663,34,586
2020-12-31,KEPULAUAN BANGKA BELITUNG,55,1,55,-1,2338,1718,35,585
2021-01-01,KEPULAUAN BANGKA BELITUNG,80,1,40,39,2418,1758,36,624
2021-01-02,KEPULAUAN BANGKA BELITUNG,60,0,36,24,2478,1794,36,648
2021-01-03,KEPULAUAN BANGKA BELITUNG,60,0,54,6,2538,1848,36,654
2021-01-04,KEPULAUAN BANGKA BELITUNG,50,3,45,2,2588,1893,39,656
2021-01-05,KEPULAUAN BANGKA BELITUNG,51,3,88,-40,2639,1981,42,616
2021-01-06,KEPULAUAN BANGKA BELITUNG,78,3,74,1,2717,2055,45,617
2021-01-07,KEPULAUAN BANGKA BELITUNG,47,3,80,-36,2764,2135,48,581
2021-01-08,KEPULAUAN BANGKA BELITUNG,75,0,49,26,2839,2184,48,607
2021-01-09,KEPULAUAN BANGKA BELITUNG,71,0,39,32,2910,2223,48,639
2021-01-10,KEPULAUAN BANGKA BELITUNG,96,4,89,3,3006,2312,52,642
2021-01-11,KEPULAUAN BANGKA BELITUNG,91,1,63,27,3097,2375,53,669
2021-01-12,KEPULAUAN BANGKA BELITUNG,36,0,37,-1,3133,2412,53,668
2021-01-13,KEPULAUAN BANGKA BELITUNG,88,3,68,17,3221,2480,56,685
2021-01-14,KEPULAUAN BANGKA BELITUNG,62,2,73,-13,3283,2553,58,672
2021-01-15,KEPULAUAN BANGKA BELITUNG,45,3,77,-35,3328,2630,61,637
2021-01-16,KEPULAUAN BANGKA BELITUNG,69,1,43,25,3397,2673,62,662
2021-01-17,KEPULAUAN BANGKA BELITUNG,85,1,97,-13,3482,2770,63,649
2021-01-18,KEPULAUAN BANGKA BELITUNG,60,2,95,-37,3542,2865,65,612
2021-01-19,KEPULAUAN BANGKA BELITUNG,43,1,42,0,3585,2907,66,612
2021-01-20,KEPULAUAN BANGKA BELITUNG,55,3,87,-35,3640,2994,69,577
2021-01-21,KEPULAUAN BANGKA BELITUNG,79,5,60,14,3719,3054,74,591
2021-01-22,KEPULAUAN BANGKA BELITUNG,103,1,114,-12,3822,3168,75,579
2021-01-23,KEPULAUAN BANGKA BELITUNG,94,1,103,-10,3916,3271,76,569
2021-01-24,KEPULAUAN BANGKA BELITUNG,75,2,47,26,3991,3318,78,595
2021-01-25,KEPULAUAN BANGKA BELITUNG,118,0,132,-14,4109,3450,78,581
2021-01-26,KEPULAUAN BANGKA BELITUNG,79,1,63,15,4188,3513,79,596
2021-01-27,KEPULAUAN BANGKA BELITUNG,90,0,76,14,4278,3589,79,610
2021-01-28,KEPULAUAN BANGKA BELITUNG,95,0,71,24,4373,3660,79,634
2021-01-29,KEPULAUAN BANGKA BELITUNG,117,2,78,37,4490,3738,81,671
2021-01-30,KEPULAUAN BANGKA BELITUNG,123,1,103,19,4613,3841,82,690
2021-01-31,KEPULAUAN BANGKA BELITUNG,55,1,67,-13,4668,3908,83,677
2021-02-01,KEPULAUAN BANGKA BELITUNG,69,1,39,29,4737,3947,84,706
2021-02-02,KEPULAUAN BANGKA BELITUNG,38,0,53,-15,4775,4000,84,691
2021-02-03,KEPULAUAN BANGKA BELITUNG,97,1,70,26,4872,4070,85,717
2021-02-04,KEPULAUAN BANGKA BELITUNG,121,0,119,2,4993,4189,85,719
2021-02-05,KEPULAUAN BANGKA BELITUNG,115,1,81,33,5108,4270,86,752
2021-02-06,KEPULAUAN BANGKA BELITUNG,135,1,109,25,5243,4379,87,777
2021-02-07,KEPULAUAN BANGKA BELITUNG,95,1,105,-11,5338,4484,88,766
2021-02-08,KEPULAUAN BANGKA BELITUNG,95,3,77,15,5433,4561,91,781
2021-02-09,KEPULAUAN BANGKA BELITUNG,28,1,55,-28,5461,4616,92,753
2021-02-10,KEPULAUAN BANGKA BELITUNG,89,0,95,-6,5550,4711,92,747
2021-02-11,KEPULAUAN BANGKA BELITUNG,160,3,98,59,5710,4809,95,806
2021-02-12,KEPULAUAN BANGKA BELITUNG,114,1,151,-38,5824,4960,96,768
2021-02-13,KEPULAUAN BANGKA BELITUNG,133,1,119,13,5957,5079,97,781
2021-02-14,KEPULAUAN BANGKA BELITUNG,130,0,74,56,6087,5153,97,837
2021-02-15,KEPULAUAN BANGKA BELITUNG,138,0,122,16,6225,5275,97,853
2021-02-16,KEPULAUAN BANGKA BELITUNG,54,0,12,42,6279,5287,97,895
2021-02-17,KEPULAUAN BANGKA BELITUNG,116,0,19,97,6395,5306,97,992
2021-02-18,KEPULAUAN BANGKA BELITUNG,127,5,247,-125,6522,5553,102,867
2021-02-19,KEPULAUAN BANGKA BELITUNG,85,1,185,-101,6607,5738,103,766
2021-02-20,KEPULAUAN BANGKA BELITUNG,132,1,99,32,6739,5837,104,798
2021-02-21,KEPULAUAN BANGKA BELITUNG,55,1,54,0,6794,5891,105,798
2021-02-22,KEPULAUAN BANGKA BELITUNG,70,0,79,-9,6864,5970,105,789
2021-02-23,KEPULAUAN BANGKA BELITUNG,41,1,43,-3,6905,6013,106,786
2021-02-24,KEPULAUAN BANGKA BELITUNG,236,2,66,168,7141,6079,108,954
2021-02-25,KEPULAUAN BANGKA BELITUNG,45,1,286,-242,7186,6365,109,712
2021-02-26,KEPULAUAN BANGKA BELITUNG,70,1,58,11,7256,6423,110,723
2021-02-27,KEPULAUAN BANGKA BELITUNG,44,1,88,-45,7300,6511,111,678
2021-02-28,KEPULAUAN BANGKA BELITUNG,47,0,87,-40,7347,6598,111,638
2021-03-01,KEPULAUAN BANGKA BELITUNG,27,1,53,-27,7374,6651,112,611
2021-03-02,KEPULAUAN BANGKA BELITUNG,26,0,54,-28,7400,6705,112,583
2021-03-03,KEPULAUAN BANGKA BELITUNG,61,0,83,-22,7461,6788,112,561
2021-03-04,KEPULAUAN BANGKA BELITUNG,32,0,36,-4,7493,6824,112,557
2021-03-05,KEPULAUAN BANGKA BELITUNG,50,0,81,-31,7543,6905,112,526
2021-03-06,KEPULAUAN BANGKA BELITUNG,75,1,85,-11,7618,6990,113,515
2021-03-07,KEPULAUAN BANGKA BELITUNG,37,3,56,-22,7655,7046,116,493
2021-03-08,KEPULAUAN BANGKA BELITUNG,62,1,48,13,7717,7094,117,506
2021-03-09,KEPULAUAN BANGKA BELITUNG,49,1,57,-9,7766,7151,118,497
2021-03-10,KEPULAUAN BANGKA BELITUNG,22,0,16,6,7788,7167,118,503
2021-03-11,KEPULAUAN BANGKA BELITUNG,54,1,17,36,7842,7184,119,539
2021-03-12,KEPULAUAN BANGKA BELITUNG,63,4,60,-1,7905,7244,123,538
2021-03-13,KEPULAUAN BANGKA BELITUNG,68,1,41,26,7973,7285,124,564
2021-03-14,KEPULAUAN BANGKA BELITUNG,86,0,33,53,8059,7318,124,617
2021-03-15,KEPULAUAN BANGKA BELITUNG,49,2,30,17,8108,7348,126,634
2021-03-16,KEPULAUAN BANGKA BELITUNG,91,1,52,38,8199,7400,127,672
2021-03-17,KEPULAUAN BANGKA BELITUNG,50,0,32,18,8249,7432,127,690
2021-03-18,KEPULAUAN BANGKA BELITUNG,59,4,63,-8,8308,7495,131,682
2021-03-19,KEPULAUAN BANGKA BELITUNG,58,1,45,12,8366,7540,132,694
2021-03-20,KEPULAUAN BANGKA BELITUNG,165,1,101,63,8531,7641,133,757
2021-03-21,KEPULAUAN BANGKA BELITUNG,95,3,92,0,8626,7733,136,757
2021-03-22,KEPULAUAN BANGKA BELITUNG,84,3,78,3,8710,7811,139,760
2021-03-23,KEPULAUAN BANGKA BELITUNG,44,1,86,-43,8754,7897,140,717
2021-03-24,KEPULAUAN BANGKA BELITUNG,68,0,41,27,8822,7938,140,744
2021-03-25,KEPULAUAN BANGKA BELITUNG,101,2,83,16,8923,8021,142,760
2021-03-26,KEPULAUAN BANGKA BELITUNG,52,0,93,-41,8975,8114,142,719
2021-03-27,KEPULAUAN BANGKA BELITUNG,75,3,53,19,9050,8167,145,738
2021-03-28,KEPULAUAN BANGKA BELITUNG,94,2,50,42,9144,8217,147,780
2021-03-29,KEPULAUAN BANGKA BELITUNG,63,2,54,7,9207,8271,149,787
2021-03-30,KEPULAUAN BANGKA BELITUNG,89,3,60,26,9296,8331,152,813
2021-03-31,KEPULAUAN BANGKA BELITUNG,68,3,90,-25,9364,8421,155,788
2021-04-01,KEPULAUAN BANGKA BELITUNG,100,2,61,37,9464,8482,157,825
2021-04-02,KEPULAUAN BANGKA BELITUNG,46,0,64,-18,9510,8546,157,807
2021-04-03,KEPULAUAN BANGKA BELITUNG,83,1,103,-21,9593,8649,158,786
2021-04-04,KEPULAUAN BANGKA BELITUNG,60,2,55,3,9653,8704,160,789
2021-04-05,KEPULAUAN BANGKA BELITUNG,102,2,80,20,9755,8784,162,809
2021-04-06,KEPULAUAN BANGKA BELITUNG,62,2,38,22,9817,8822,164,831
2021-04-07,KEPULAUAN BANGKA BELITUNG,72,1,69,2,9889,8891,165,833
2021-04-08,KEPULAUAN BANGKA BELITUNG,95,0,134,-39,9984,9025,165,794
2021-04-09,KEPULAUAN BANGKA BELITUNG,71,2,45,24,10055,9070,167,818
2021-04-10,KEPULAUAN BANGKA BELITUNG,54,2,92,-40,10109,9162,169,778
2021-04-11,KEPULAUAN BANGKA BELITUNG,183,2,142,39,10292,9304,171,817
2021-04-12,KEPULAUAN BANGKA BELITUNG,81,2,57,22,10373,9361,173,839
2021-04-13,KEPULAUAN BANGKA BELITUNG,117,0,66,51,10490,9427,173,890
2021-04-14,KEPULAUAN BANGKA BELITUNG,144,0,34,110,10634,9461,173,1000
2021-04-15,KEPULAUAN BANGKA BELITUNG,188,2,116,70,10822,9577,175,1070
2021-04-16,KEPULAUAN BANGKA BELITUNG,146,2,59,85,10968,9636,177,1155
2021-04-17,KEPULAUAN BANGKA BELITUNG,94,2,46,46,11062,9682,179,1201
2021-04-18,KEPULAUAN BANGKA BELITUNG,114,1,47,66,11176,9729,180,1267
2021-04-19,KEPULAUAN BANGKA BELITUNG,76,4,170,-98,11252,9899,184,1169
2021-04-20,KEPULAUAN BANGKA BELITUNG,152,2,129,21,11404,10028,186,1190
2021-04-21,KEPULAUAN BANGKA BELITUNG,162,0,74,88,11566,10102,186,1278
2021-04-22,KEPULAUAN BANGKA BELITUNG,133,2,91,40,11699,10193,188,1318
2021-04-23,KEPULAUAN BANGKA BELITUNG,339,1,267,71,12038,10460,189,1389
2021-04-24,KEPULAUAN BANGKA BELITUNG,167,2,197,-32,12205,10657,191,1357
2021-04-25,KEPULAUAN BANGKA BELITUNG,263,1,119,143,12468,10776,192,1500
2021-04-26,KEPULAUAN BANGKA BELITUNG,194,4,175,15,12662,10951,196,1515
2021-04-27,KEPULAUAN BANGKA BELITUNG,160,5,321,-166,12822,11272,201,1349
2021-04-28,KEPULAUAN BANGKA BELITUNG,160,4,67,89,12982,11339,205,1438
2021-04-29,KEPULAUAN BANGKA BELITUNG,238,3,115,120,13220,11454,208,1558
2021-04-30,KEPULAUAN BANGKA BELITUNG,226,3,151,72,13446,11605,211,1630
2021-05-01,KEPULAUAN BANGKA BELITUNG,200,2,142,56,13646,11747,213,1686
2021-05-02,KEPULAUAN BANGKA BELITUNG,93,4,89,0,13739,11836,217,1686
2021-05-03,KEPULAUAN BANGKA BELITUNG,82,1,140,-59,13821,11976,218,1627
2021-05-04,KEPULAUAN BANGKA BELITUNG,167,2,223,-58,13988,12199,220,1569
2021-05-05,KEPULAUAN BANGKA BELITUNG,125,1,130,-6,14113,12329,221,1563
2021-05-06,KEPULAUAN BANGKA BELITUNG,168,1,151,16,14281,12480,222,1579
2021-05-07,KEPULAUAN BANGKA BELITUNG,197,1,343,-147,14478,12823,223,1432
2021-05-08,KEPULAUAN BANGKA BELITUNG,267,6,154,107,14745,12977,229,1539
2021-05-09,KEPULAUAN BANGKA BELITUNG,184,3,157,24,14929,13134,232,1563
2021-05-10,KEPULAUAN BANGKA BELITUNG,112,0,132,-20,15041,13266,232,1543
2021-05-11,KEPULAUAN BANGKA BELITUNG,143,1,188,-46,15184,13454,233,1497
2021-05-12,KEPULAUAN BANGKA BELITUNG,211,2,110,99,15395,13564,235,1596
2021-05-13,KEPULAUAN BANGKA BELITUNG,73,2,71,0,15468,13635,237,1596
2021-05-14,KEPULAUAN BANGKA BELITUNG,65,0,132,-67,15533,13767,237,1529
2021-05-15,KEPULAUAN BANGKA BELITUNG,41,2,146,-107,15574,13913,239,1422
2021-05-16,KEPULAUAN BANGKA BELITUNG,75,3,173,-101,15649,14086,242,1321
2021-05-17,KEPULAUAN BANGKA BELITUNG,108,1,214,-107,15757,14300,243,1214
2021-05-18,KEPULAUAN BANGKA BELITUNG,131,2,308,-179,15888,14608,245,1035
2021-05-19,KEPULAUAN BANGKA BELITUNG,164,2,139,23,16052,14747,247,1058
2021-05-20,KEPULAUAN BANGKA BELITUNG,194,2,149,43,16246,14896,249,1101
2021-05-21,KEPULAUAN BANGKA BELITUNG,240,1,88,151,16486,14984,250,1252
2021-05-22,KEPULAUAN BANGKA BELITUNG,190,1,66,123,16676,15050,251,1375
2021-05-23,KEPULAUAN BANGKA BELITUNG,183,0,133,50,16859,15183,251,1425
2021-05-24,KEPULAUAN BANGKA BELITUNG,135,0,99,36,16994,15282,251,1461
2021-05-25,KEPULAUAN BANGKA BELITUNG,166,5,63,98,17160,15345,256,1559
2021-05-26,KEPULAUAN BANGKA BELITUNG,271,2,78,191,17431,15423,258,1750
2021-05-27,KEPULAUAN BANGKA BELITUNG,132,2,102,28,17563,15525,260,1778
2021-05-28,KEPULAUAN BANGKA BELITUNG,183,7,122,54,17746,15647,267,1832
2021-05-29,KEPULAUAN BANGKA BELITUNG,176,2,213,-39,17922,15860,269,1793
2021-05-30,KEPULAUAN BANGKA BELITUNG,245,0,120,125,18167,15980,269,1918
2021-05-31,KEPULAUAN BANGKA BELITUNG,130,0,254,-124,18297,16234,269,1794
2021-06-01,KEPULAUAN BANGKA BELITUNG,90,1,175,-86,18387,16409,270,1708
2021-06-02,KEPULAUAN BANGKA BELITUNG,100,4,152,-56,18487,16561,274,1652
2021-06-03,KEPULAUAN BANGKA BELITUNG,159,0,238,-79,18646,16799,274,1573
2021-06-04,KEPULAUAN BANGKA BELITUNG,279,3,163,113,18925,16962,277,1686
2021-06-05,KEPULAUAN BANGKA BELITUNG,149,3,138,8,19074,17100,280,1694
2021-06-06,KEPULAUAN BANGKA BELITUNG,52,3,189,-140,19126,17289,283,1554
2021-06-07,KEPULAUAN BANGKA BELITUNG,68,4,236,-172,19194,17525,287,1382
2021-06-08,KEPULAUAN BANGKA BELITUNG,113,2,114,-3,19307,17639,289,1379
2021-06-09,KEPULAUAN BANGKA BELITUNG,108,5,156,-53,19415,17795,294,1326
2021-06-10,KEPULAUAN BANGKA BELITUNG,89,4,148,-63,19504,17943,298,1263
2021-06-11,KEPULAUAN BANGKA BELITUNG,97,2,147,-52,19601,18090,300,1211
2021-06-12,KEPULAUAN BANGKA BELITUNG,57,1,194,-138,19658,18284,301,1073
2021-06-13,KEPULAUAN BANGKA BELITUNG,43,0,140,-97,19701,18424,301,976
2021-06-14,KEPULAUAN BANGKA BELITUNG,44,2,124,-82,19745,18548,303,894
2021-06-15,KEPULAUAN BANGKA BELITUNG,75,2,148,-75,19820,18696,305,819
2021-06-16,KEPULAUAN BANGKA BELITUNG,91,2,112,-23,19911,18808,307,796
2021-06-17,KEPULAUAN BANGKA BELITUNG,92,3,119,-30,20003,18927,310,766
2021-06-18,KEPULAUAN BANGKA BELITUNG,73,3,64,6,20076,18991,313,772
2021-06-19,KEPULAUAN BANGKA BELITUNG,81,2,78,1,20157,19069,315,773
2021-06-20,KEPULAUAN BANGKA BELITUNG,49,1,77,-29,20206,19146,316,744
2021-06-21,KEPULAUAN BANGKA BELITUNG,40,3,76,-39,20246,19222,319,705
2021-06-22,KEPULAUAN BANGKA BELITUNG,89,2,75,12,20335,19297,321,717
2021-06-23,KEPULAUAN BANGKA BELITUNG,90,1,61,28,20425,19358,322,745
2021-06-24,KEPULAUAN BANGKA BELITUNG,120,0,74,46,20545,19432,322,791
2021-06-25,KEPULAUAN BANGKA BELITUNG,68,2,74,-8,20613,19506,324,783
2021-06-26,KEPULAUAN BANGKA BELITUNG,126,2,63,61,20739,19569,326,844
2021-06-27,KEPULAUAN BANGKA BELITUNG,103,0,75,28,20842,19644,326,872
2021-06-28,KEPULAUAN BANGKA BELITUNG,102,1,80,21,20944,19724,327,893
2021-06-29,KEPULAUAN BANGKA BELITUNG,88,0,63,25,21032,19787,327,918
2021-06-30,KEPULAUAN BANGKA BELITUNG,159,0,80,79,21191,19867,327,997
2021-07-01,KEPULAUAN BANGKA BELITUNG,248,3,91,154,21439,19958,330,1151
2021-07-02,KEPULAUAN BANGKA BELITUNG,203,5,69,129,21642,20027,335,1280
2021-07-03,KEPULAUAN BANGKA BELITUNG,163,1,93,69,21805,20120,336,1349
2021-07-04,KEPULAUAN BANGKA BELITUNG,170,1,103,66,21975,20223,337,1415
2021-07-05,KEPULAUAN BANGKA BELITUNG,173,4,105,64,22148,20328,341,1479
2021-07-06,KEPULAUAN BANGKA BELITUNG,241,4,89,148,22389,20417,345,1627
2021-07-07,KEPULAUAN BANGKA BELITUNG,223,9,93,121,22612,20510,354,1748
2021-07-08,KEPULAUAN BANGKA BELITUNG,288,5,99,184,22900,20609,359,1932
2021-07-09,KEPULAUAN BANGKA BELITUNG,287,7,122,158,23187,20731,366,2090
2021-07-10,KEPULAUAN BANGKA BELITUNG,322,6,170,146,23509,20901,372,2236
2021-07-11,KEPULAUAN BANGKA BELITUNG,263,8,155,100,23772,21056,380,2336
2021-07-12,KEPULAUAN BANGKA BELITUNG,217,5,169,43,23989,21225,385,2379
2021-07-13,KEPULAUAN BANGKA BELITUNG,516,12,125,379,24505,21350,397,2758
2021-07-14,KEPULAUAN BANGKA BELITUNG,509,13,206,290,25014,21556,410,3048
2021-07-15,KEPULAUAN BANGKA BELITUNG,512,9,152,351,25526,21708,419,3399
2021-07-16,KEPULAUAN BANGKA BELITUNG,457,11,234,212,25983,21942,430,3611
2021-07-17,KEPULAUAN BANGKA BELITUNG,486,15,157,314,26469,22099,445,3925
2021-07-18,KEPULAUAN BANGKA BELITUNG,309,10,271,28,26778,22370,455,3953
2021-07-19,KEPULAUAN BANGKA BELITUNG,275,12,263,0,27053,22633,467,3953
2021-07-20,KEPULAUAN BANGKA BELITUNG,283,17,307,-41,27336,22940,484,3912
2021-07-21,KEPULAUAN BANGKA BELITUNG,286,18,217,51,27622,23157,502,3963
2021-07-22,KEPULAUAN BANGKA BELITUNG,528,9,294,225,28150,23451,511,4188
2021-07-23,KEPULAUAN BANGKA BELITUNG,639,18,411,210,28789,23862,529,4398
2021-07-24,KEPULAUAN BANGKA BELITUNG,594,20,323,251,29383,24185,549,4649
2021-07-25,KEPULAUAN BANGKA BELITUNG,626,11,358,257,30009,24543,560,4906
2021-07-26,KEPULAUAN BANGKA BELITUNG,252,15,397,-160,30261,24940,575,4746
2021-07-27,KEPULAUAN BANGKA BELITUNG,709,16,332,361,30970,25272,591,5107
2021-07-28,KEPULAUAN BANGKA BELITUNG,632,18,449,165,31602,25721,609,5272
2021-07-29,KEPULAUAN BANGKA BELITUNG,595,19,303,273,32197,26024,628,5545
2021-07-30,KEPULAUAN BANGKA BELITUNG,598,17,458,123,32795,26482,645,5668
2021-07-31,KEPULAUAN BANGKA BELITUNG,580,18,485,77,33375,26967,663,5745
2021-08-01,KEPULAUAN BANGKA BELITUNG,449,25,418,6,33824,27385,688,5751
2021-08-02,KEPULAUAN BANGKA BELITUNG,344,26,417,-99,34168,27802,714,5652
2021-08-03,KEPULAUAN BANGKA BELITUNG,831,25,472,334,34999,28274,739,5986
2021-08-04,KEPULAUAN BANGKA BELITUNG,857,17,541,299,35856,28815,756,6285
2021-08-05,KEPULAUAN BANGKA BELITUNG,802,28,492,282,36658,29307,784,6567
2021-08-06,KEPULAUAN BANGKA BELITUNG,862,25,494,343,37520,29801,809,6910
2021-08-07,KEPULAUAN BANGKA BELITUNG,625,21,521,83,38145,30322,830,6993
2021-08-08,KEPULAUAN BANGKA BELITUNG,476,30,614,-168,38621,30936,860,6825
2021-08-09,KEPULAUAN BANGKA BELITUNG,216,21,489,-294,38837,31425,881,6531
2021-08-10,KEPULAUAN BANGKA BELITUNG,689,26,579,84,39526,32004,907,6615
2021-08-11,KEPULAUAN BANGKA BELITUNG,502,25,510,-33,40028,32514,932,6582
2021-08-12,KEPULAUAN BANGKA BELITUNG,395,20,441,-66,40423,32955,952,6516
2021-08-13,KEPULAUAN BANGKA BELITUNG,660,24,649,-13,41083,33604,976,6503
2021-08-14,KEPULAUAN BANGKA BELITUNG,553,15,519,19,41636,34123,991,6522
2021-08-15,KEPULAUAN BANGKA BELITUNG,311,9,583,-281,41947,34706,1000,6241
2021-08-16,KEPULAUAN BANGKA BELITUNG,235,15,546,-326,42182,35252,1015,5915
2021-08-17,KEPULAUAN BANGKA BELITUNG,337,10,682,-355,42519,35934,1025,5560
2021-08-18,KEPULAUAN BANGKA BELITUNG,276,18,419,-161,42795,36353,1043,5399
2020-03-26,ACEH,1,0,0,1,1,0,0,1
2020-03-27,ACEH,3,0,0,3,4,0,0,4
2020-03-28,ACEH,1,0,0,1,5,0,0,5
2020-03-29,ACEH,0,0,0,0,5,0,0,5
2020-03-30,ACEH,0,0,0,0,5,0,0,5
2020-03-31,ACEH,0,0,0,0,5,0,0,5
2020-04-01,ACEH,0,0,0,0,5,0,0,5
2020-04-02,ACEH,0,0,0,0,5,0,0,5
2020-04-03,ACEH,0,0,0,0,5,0,0,5
2020-04-04,ACEH,0,0,0,0,5,0,0,5
2020-04-05,ACEH,0,0,0,0,5,0,0,5
2020-04-06,ACEH,0,0,0,0,5,0,0,5
2020-04-07,ACEH,0,0,0,0,5,0,0,5
2020-04-08,ACEH,0,0,0,0,5,0,0,5
2020-04-09,ACEH,0,0,1,-1,5,1,0,4
2020-04-10,ACEH,0,0,0,0,5,1,0,4
2020-04-11,ACEH,0,0,0,0,5,1,0,4
2020-04-12,ACEH,0,0,0,0,5,1,0,4
2020-04-13,ACEH,0,0,2,-2,5,3,0,2
2020-04-14,ACEH,0,0,0,0,5,3,0,2
2020-04-15,ACEH,0,0,0,0,5,3,0,2
2020-04-16,ACEH,0,0,0,0,5,3,0,2
2020-04-17,ACEH,0,0,0,0,5,3,0,2
2020-04-18,ACEH,1,0,0,1,6,3,0,3
2020-04-19,ACEH,1,0,0,1,7,3,0,4
2020-04-20,ACEH,0,0,0,0,7,3,0,4
2020-04-21,ACEH,0,0,0,0,7,3,0,4
2020-04-22,ACEH,0,0,0,0,7,3,0,4
2020-04-23,ACEH,0,1,0,-1,7,3,1,3
2020-04-24,ACEH,1,0,0,1,8,3,1,4
2020-04-25,ACEH,1,0,0,1,9,3,1,5
2020-04-26,ACEH,0,0,0,0,9,3,1,5
2020-04-27,ACEH,0,0,1,-1,9,4,1,4
2020-04-28,ACEH,0,0,1,-1,9,5,1,3
2020-04-29,ACEH,0,0,1,-1,9,6,1,2
2020-04-30,ACEH,1,0,0,1,10,6,1,3
2020-05-01,ACEH,1,0,0,1,11,6,1,4
2020-05-02,ACEH,0,0,0,0,11,6,1,4
2020-05-03,ACEH,1,0,2,-1,12,8,1,3
2020-05-04,ACEH,0,0,0,0,12,8,1,3
2020-05-05,ACEH,0,0,0,0,12,8,1,3
2020-05-06,ACEH,5,0,0,5,17,8,1,8
2020-05-07,ACEH,0,0,0,0,17,8,1,8
2020-05-08,ACEH,0,0,3,-3,17,11,1,5
2020-05-09,ACEH,0,0,0,0,17,11,1,5
2020-05-10,ACEH,0,0,0,0,17,11,1,5
2020-05-11,ACEH,0,0,1,-1,17,12,1,4
2020-05-12,ACEH,0,0,0,0,17,12,1,4
2020-05-13,ACEH,0,0,1,-1,17,13,1,3
2020-05-14,ACEH,0,0,0,0,17,13,1,3
2020-05-15,ACEH,0,0,0,0,17,13,1,3
2020-05-16,ACEH,1,0,2,-1,18,15,1,2
2020-05-17,ACEH,0,0,0,0,18,15,1,2
2020-05-18,ACEH,0,0,0,0,18,15,1,2
2020-05-19,ACEH,0,0,0,0,18,15,1,2
2020-05-20,ACEH,0,0,0,0,18,15,1,2
2020-05-21,ACEH,0,0,0,0,18,15,1,2
2020-05-22,ACEH,1,0,1,0,19,16,1,2
2020-05-23,ACEH,0,0,1,-1,19,17,1,1
2020-05-24,ACEH,0,0,0,0,19,17,1,1
2020-05-25,ACEH,0,0,0,0,19,17,1,1
2020-05-26,ACEH,0,0,0,0,19,17,1,1
2020-05-27,ACEH,0,0,0,0,19,17,1,1
2020-05-28,ACEH,1,0,0,1,20,17,1,2
2020-05-29,ACEH,0,0,0,0,20,17,1,2
2020-05-30,ACEH,0,0,0,0,20,17,1,2
2020-05-31,ACEH,0,0,0,0,20,17,1,2
2020-06-01,ACEH,0,0,0,0,20,17,1,2
2020-06-02,ACEH,0,0,0,0,20,17,1,2
2020-06-03,ACEH,0,0,1,-1,20,18,1,1
2020-06-04,ACEH,0,0,0,0,20,18,1,1
2020-06-05,ACEH,0,0,0,0,20,18,1,1
2020-06-06,ACEH,0,0,0,0,20,18,1,1
2020-06-07,ACEH,0,0,0,0,20,18,1,1
2020-06-08,ACEH,0,0,0,0,20,18,1,1
2020-06-09,ACEH,0,0,0,0,20,18,1,1
2020-06-10,ACEH,2,0,0,2,22,18,1,3
2020-06-11,ACEH,0,0,0,0,22,18,1,3
2020-06-12,ACEH,0,0,0,0,22,18,1,3
2020-06-13,ACEH,0,0,1,-1,22,19,1,2
2020-06-14,ACEH,5,0,0,5,27,19,1,7
2020-06-15,ACEH,0,0,0,0,27,19,1,7
2020-06-16,ACEH,0,0,1,-1,27,20,1,6
2020-06-17,ACEH,10,1,0,9,37,20,2,15
2020-06-18,ACEH,1,0,0,1,38,20,2,16
2020-06-19,ACEH,0,0,0,0,38,20,2,16
2020-06-20,ACEH,1,0,0,1,39,20,2,17
2020-06-21,ACEH,10,0,0,10,49,20,2,27
2020-06-22,ACEH,0,0,0,0,49,20,2,27
2020-06-23,ACEH,0,0,0,0,49,20,2,27
2020-06-24,ACEH,4,0,0,4,53,20,2,31
2020-06-25,ACEH,13,0,0,13,66,20,2,44
2020-06-26,ACEH,3,0,0,3,69,20,2,47
2020-06-27,ACEH,8,0,2,6,77,22,2,53
2020-06-28,ACEH,2,0,3,-1,79,25,2,52
2020-06-29,ACEH,0,1,0,-1,79,25,3,51
2020-06-30,ACEH,1,0,1,0,80,26,3,51
2020-07-01,ACEH,6,0,5,1,86,31,3,52
2020-07-02,ACEH,0,0,0,0,86,31,3,52
2020-07-03,ACEH,1,0,0,1,87,31,3,53
2020-07-04,ACEH,0,0,0,0,87,31,3,53
2020-07-05,ACEH,0,0,0,0,87,31,3,53
2020-07-06,ACEH,0,0,9,-9,87,40,3,44
2020-07-07,ACEH,1,0,2,-1,88,42,3,43
2020-07-08,ACEH,1,0,9,-8,89,51,3,35
2020-07-09,ACEH,1,0,3,-2,90,54,3,33
2020-07-10,ACEH,0,0,5,-5,90,59,3,28
2020-07-11,ACEH,9,1,4,4,99,63,4,32
2020-07-12,ACEH,7,0,0,7,106,63,4,39
2020-07-13,ACEH,0,1,0,-1,106,63,5,38
2020-07-14,ACEH,4,0,1,3,110,64,5,41
2020-07-15,ACEH,27,2,1,24,137,65,7,65
2020-07-16,ACEH,3,1,1,1,140,66,8,66
2020-07-17,ACEH,5,0,0,5,145,66,8,71
2020-07-18,ACEH,0,0,0,0,145,66,8,71
2020-07-19,ACEH,1,1,0,0,146,66,9,71
2020-07-20,ACEH,2,0,1,1,148,67,9,72
2020-07-21,ACEH,1,0,5,-4,149,72,9,68
2020-07-22,ACEH,2,0,4,-2,151,76,9,66
2020-07-23,ACEH,7,1,1,5,158,77,10,71
2020-07-24,ACEH,4,0,12,-8,162,89,10,63
2020-07-25,ACEH,6,0,2,4,168,91,10,67
2020-07-26,ACEH,0,0,0,0,168,91,10,67
2020-07-27,ACEH,0,0,0,0,168,91,10,67
2020-07-28,ACEH,25,0,0,25,193,91,10,92
2020-07-29,ACEH,45,3,0,42,238,91,13,134
2020-07-30,ACEH,74,0,0,74,312,91,13,208
2020-07-31,ACEH,98,0,0,98,410,91,13,306
2020-08-01,ACEH,0,1,0,-1,410,91,14,305
2020-08-02,ACEH,21,2,0,19,431,91,16,324
2020-08-03,ACEH,2,1,0,1,433,91,17,325
2020-08-04,ACEH,7,0,0,7,440,91,17,332
2020-08-05,ACEH,2,1,0,1,442,91,18,333
2020-08-06,ACEH,41,0,1,40,483,92,18,373
2020-08-07,ACEH,53,0,0,53,536,92,18,426
2020-08-08,ACEH,0,0,0,0,536,92,18,426
2020-08-09,ACEH,44,1,0,43,580,92,19,469
2020-08-10,ACEH,96,0,1,95,676,93,19,564
2020-08-11,ACEH,0,1,0,-1,676,93,20,563
2020-08-12,ACEH,72,2,98,-28,748,191,22,535
2020-08-13,ACEH,1,1,0,0,749,191,23,535
2020-08-14,ACEH,92,0,0,92,841,191,23,627
2020-08-15,ACEH,25,2,0,23,866,191,25,650
2020-08-16,ACEH,11,0,0,11,877,191,25,661
2020-08-17,ACEH,168,0,0,168,1045,191,25,829
2020-08-18,ACEH,25,2,0,23,1070,191,27,852
2020-08-19,ACEH,63,0,0,63,1133,191,27,915
2020-08-20,ACEH,4,0,0,4,1137,191,27,919
2020-08-21,ACEH,4,2,0,2,1141,191,29,921
2020-08-22,ACEH,70,0,0,70,1211,191,29,991
2020-08-23,ACEH,0,2,0,-2,1211,191,31,989
2020-08-24,ACEH,30,3,0,27,1241,191,34,1016
2020-08-25,ACEH,20,3,0,17,1261,191,37,1033
2020-08-26,ACEH,30,0,0,30,1291,191,37,1063
2020-08-27,ACEH,108,0,0,108,1399,191,37,1171
2020-08-28,ACEH,50,11,0,39,1449,191,48,1210
2020-08-29,ACEH,97,6,0,91,1546,191,54,1301
2020-08-30,ACEH,54,4,56,-6,1600,247,58,1295
2020-08-31,ACEH,33,2,66,-35,1633,313,60,1260
2020-09-01,ACEH,16,3,82,-69,1649,395,63,1191
2020-09-02,ACEH,48,3,1,44,1697,396,66,1235
2020-09-03,ACEH,97,3,8,86,1794,404,69,1321
2020-09-04,ACEH,90,3,31,56,1884,435,72,1377
2020-09-05,ACEH,61,1,0,60,1945,435,73,1437
2020-09-06,ACEH,78,2,0,76,2023,435,75,1513
2020-09-07,ACEH,19,3,0,16,2042,435,78,1529
2020-09-08,ACEH,12,2,58,-48,2054,493,80,1481
2020-09-09,ACEH,98,1,9,88,2152,502,81,1569
2020-09-10,ACEH,106,2,1,103,2258,503,83,1672
2020-09-11,ACEH,145,2,2,141,2403,505,85,1813
2020-09-12,ACEH,124,0,1,123,2527,506,85,1936
2020-09-13,ACEH,212,5,0,207,2739,506,90,2143
2020-09-14,ACEH,153,5,52,96,2892,558,95,2239
2020-09-15,ACEH,140,6,142,-8,3032,700,101,2231
2020-09-16,ACEH,95,12,390,-307,3127,1090,113,1924
2020-09-17,ACEH,109,12,1,96,3236,1091,125,2020
2020-09-18,ACEH,116,4,160,-48,3352,1251,129,1972
2020-09-19,ACEH,175,0,45,130,3527,1296,129,2102
2020-09-20,ACEH,68,4,0,64,3595,1296,133,2166
2020-09-21,ACEH,99,2,366,-269,3694,1662,135,1897
2020-09-22,ACEH,91,7,95,-11,3785,1757,142,1886
2020-09-23,ACEH,50,3,3,44,3835,1760,145,1930
2020-09-24,ACEH,56,1,115,-60,3891,1875,146,1870
2020-09-25,ACEH,91,2,1,88,3982,1876,148,1958
2020-09-26,ACEH,191,3,1,187,4173,1877,151,2145
2020-09-27,ACEH,73,5,149,-81,4246,2026,156,2064
2020-09-28,ACEH,79,13,161,-95,4325,2187,169,1969
2020-09-29,ACEH,146,9,120,17,4471,2307,178,1986
2020-09-30,ACEH,83,3,2,78,4554,2309,181,2064
2020-10-01,ACEH,112,3,158,-49,4666,2467,184,2015
2020-10-02,ACEH,188,6,0,182,4854,2467,190,2197
2020-10-03,ACEH,73,3,150,-80,4927,2617,193,2117
2020-10-04,ACEH,67,7,187,-127,4994,2804,200,1990
2020-10-05,ACEH,70,6,173,-109,5064,2977,206,1881
2020-10-06,ACEH,119,4,99,16,5183,3076,210,1897
2020-10-07,ACEH,72,2,211,-141,5255,3287,212,1756
2020-10-08,ACEH,168,2,165,1,5423,3452,214,1757
2020-10-09,ACEH,123,4,93,26,5546,3545,218,1783
2020-10-10,ACEH,98,2,1,95,5644,3546,220,1878
2020-10-11,ACEH,123,1,0,122,5767,3546,221,2000
2020-10-12,ACEH,77,2,157,-82,5844,3703,223,1918
2020-10-13,ACEH,51,1,105,-55,5895,3808,224,1863
2020-10-14,ACEH,65,3,58,4,5960,3866,227,1867
2020-10-15,ACEH,117,2,148,-33,6077,4014,229,1834
2020-10-16,ACEH,177,6,130,41,6254,4144,235,1875
2020-10-17,ACEH,182,1,130,51,6436,4274,236,1926
2020-10-18,ACEH,115,6,284,-175,6551,4558,242,1751
2020-10-19,ACEH,116,2,211,-97,6667,4769,244,1654
2020-10-20,ACEH,98,2,215,-119,6765,4984,246,1535
2020-10-21,ACEH,80,3,0,77,6845,4984,249,1612
2020-10-22,ACEH,102,3,0,99,6947,4984,252,1711
2020-10-23,ACEH,90,4,3,83,7037,4987,256,1794
2020-10-24,ACEH,88,5,0,83,7125,4987,261,1877
2020-10-25,ACEH,87,2,0,85,7212,4987,263,1962
2020-10-26,ACEH,40,5,0,35,7252,4987,268,1997
2020-10-27,ACEH,13,4,0,9,7265,4987,272,2006
2020-10-28,ACEH,74,4,0,70,7339,4987,276,2076
2020-10-29,ACEH,34,0,1,33,7373,4988,276,2109
2020-10-30,ACEH,21,2,0,19,7394,4988,278,2128
2020-10-31,ACEH,11,1,0,10,7405,4988,279,2138
2020-11-01,ACEH,20,0,0,20,7425,4988,279,2158
2020-11-02,ACEH,30,0,137,-107,7455,5125,279,2051
2020-11-03,ACEH,24,3,176,-155,7479,5301,282,1896
2020-11-04,ACEH,44,5,174,-135,7523,5475,287,1761
2020-11-05,ACEH,35,1,1,33,7558,5476,288,1794
2020-11-06,ACEH,71,0,185,-114,7629,5661,288,1680
2020-11-07,ACEH,27,3,80,-56,7656,5741,291,1624
2020-11-08,ACEH,26,0,251,-225,7682,5992,291,1399
2020-11-09,ACEH,3,0,201,-198,7685,6193,291,1201
2020-11-10,ACEH,29,1,3,25,7714,6196,292,1226
2020-11-11,ACEH,51,1,0,50,7765,6196,293,1276
2020-11-12,ACEH,32,0,0,32,7797,6196,293,1308
2020-11-13,ACEH,45,0,0,45,7842,6196,293,1353
2020-11-14,ACEH,20,0,2,18,7862,6198,293,1371
2020-11-15,ACEH,49,0,0,49,7911,6198,293,1420
2020-11-16,ACEH,21,0,13,8,7932,6211,293,1428
2020-11-17,ACEH,43,3,28,12,7975,6239,296,1440
2020-11-18,ACEH,18,22,115,-119,7993,6354,318,1321
2020-11-19,ACEH,50,1,0,49,8043,6354,319,1370
2020-11-20,ACEH,21,0,0,21,8064,6354,319,1391
2020-11-21,ACEH,42,0,0,42,8106,6354,319,1433
2020-11-22,ACEH,18,0,0,18,8124,6354,319,1451
2020-11-23,ACEH,30,0,2,28,8154,6356,319,1479
2020-11-24,ACEH,6,0,0,6,8160,6356,319,1485
2020-11-25,ACEH,39,5,139,-105,8199,6495,324,1380
2020-11-26,ACEH,24,5,27,-8,8223,6522,329,1372
2020-11-27,ACEH,21,1,4,16,8244,6526,330,1388
2020-11-28,ACEH,11,1,0,10,8255,6526,331,1398
2020-11-29,ACEH,27,4,25,-2,8282,6551,335,1396
2020-11-30,ACEH,10,1,9,0,8292,6560,336,1396
2020-12-01,ACEH,9,2,14,-7,8301,6574,338,1389
2020-12-02,ACEH,10,0,28,-18,8311,6602,338,1371
2020-12-03,ACEH,44,0,6,38,8355,6608,338,1409
2020-12-04,ACEH,14,6,3,5,8369,6611,344,1414
2020-12-05,ACEH,15,0,8,7,8384,6619,344,1421
2020-12-06,ACEH,38,0,119,-81,8422,6738,344,1340
2020-12-07,ACEH,4,0,5,-1,8426,6743,344,1339
2020-12-08,ACEH,18,1,7,10,8444,6750,345,1349
2020-12-09,ACEH,6,0,4,2,8450,6754,345,1351
2020-12-10,ACEH,8,1,8,-1,8458,6762,346,1350
2020-12-11,ACEH,20,4,62,-46,8478,6824,350,1304
2020-12-12,ACEH,29,0,11,18,8507,6835,350,1322
2020-12-13,ACEH,15,0,4,11,8522,6839,350,1333
2020-12-14,ACEH,4,2,54,-52,8526,6893,352,1281
2020-12-15,ACEH,12,2,86,-76,8538,6979,354,1205
2020-12-16,ACEH,8,0,6,2,8546,6985,354,1207
2020-12-17,ACEH,8,0,8,0,8554,6993,354,1207
2020-12-18,ACEH,3,0,55,-52,8557,7048,354,1155
2020-12-19,ACEH,12,0,6,6,8569,7054,354,1161
2020-12-20,ACEH,4,1,13,-10,8573,7067,355,1151
2020-12-21,ACEH,18,0,4,14,8591,7071,355,1165
2020-12-22,ACEH,29,0,9,20,8620,7080,355,1185
2020-12-23,ACEH,30,1,9,20,8650,7089,356,1205
2020-12-24,ACEH,14,1,13,0,8664,7102,357,1205
2020-12-25,ACEH,15,0,1,14,8679,7103,357,1219
2020-12-26,ACEH,19,1,6,12,8698,7109,358,1231
2020-12-27,ACEH,13,0,0,13,8711,7109,358,1244
2020-12-28,ACEH,16,0,16,0,8727,7125,358,1244
2020-12-29,ACEH,9,0,4,5,8736,7129,358,1249
2020-12-30,ACEH,6,0,2,4,8742,7131,358,1253
2020-12-31,ACEH,4,0,9,-5,8746,7140,358,1248
2021-01-01,ACEH,7,0,10,-3,8753,7150,358,1245
2021-01-02,ACEH,8,0,7,1,8761,7157,358,1246
2021-01-03,ACEH,2,0,0,2,8763,7157,358,1248
2021-01-04,ACEH,5,0,10,-5,8768,7167,358,1243
2021-01-05,ACEH,8,2,17,-11,8776,7184,360,1232
2021-01-06,ACEH,29,0,14,15,8805,7198,360,1247
2021-01-07,ACEH,31,3,84,-56,8836,7282,363,1191
2021-01-08,ACEH,42,0,5,37,8878,7287,363,1228
2021-01-09,ACEH,16,1,7,8,8894,7294,364,1236
2021-01-10,ACEH,15,1,14,0,8909,7308,365,1236
2021-01-11,ACEH,10,0,1,9,8919,7309,365,1245
2021-01-12,ACEH,48,4,0,44,8967,7309,369,1289
2021-01-13,ACEH,24,2,5,17,8991,7314,371,1306
2021-01-14,ACEH,11,2,13,-4,9002,7327,373,1302
2021-01-15,ACEH,16,1,36,-21,9018,7363,374,1281
2021-01-16,ACEH,17,1,1,15,9035,7364,375,1296
2021-01-17,ACEH,18,0,0,18,9053,7364,375,1314
2021-01-18,ACEH,2,3,26,-27,9055,7390,378,1287
2021-01-19,ACEH,16,0,143,-127,9071,7533,378,1160
2021-01-20,ACEH,18,1,28,-11,9089,7561,379,1149
2021-01-21,ACEH,11,0,36,-25,9100,7597,379,1124
2021-01-22,ACEH,15,0,6,9,9115,7603,379,1133
2021-01-23,ACEH,11,0,2,9,9126,7605,379,1142
2021-01-24,ACEH,18,0,2,16,9144,7607,379,1158
2021-01-25,ACEH,0,0,5,-5,9144,7612,379,1153
2021-01-26,ACEH,5,0,4,1,9149,7616,379,1154
2021-01-27,ACEH,14,0,9,5,9163,7625,379,1159
2021-01-28,ACEH,18,0,0,18,9181,7625,379,1177
2021-01-29,ACEH,21,0,8,13,9202,7633,379,1190
2021-01-30,ACEH,22,0,7,15,9224,7640,379,1205
2021-01-31,ACEH,4,0,3,1,9228,7643,379,1206
2021-02-01,ACEH,2,0,5,-3,9230,7648,379,1203
2021-02-02,ACEH,22,1,11,10,9252,7659,380,1213
2021-02-03,ACEH,14,0,20,-6,9266,7679,380,1207
2021-02-04,ACEH,10,0,4,6,9276,7683,380,1213
2021-02-05,ACEH,9,0,0,9,9285,7683,380,1222
2021-02-06,ACEH,13,0,8,5,9298,7691,380,1227
2021-02-07,ACEH,14,0,2,12,9312,7693,380,1239
2021-02-08,ACEH,11,1,31,-21,9323,7724,381,1218
2021-02-09,ACEH,47,0,1,46,9370,7725,381,1264
2021-02-10,ACEH,3,0,21,-18,9373,7746,381,1246
2021-02-11,ACEH,17,0,5,12,9390,7751,381,1258
2021-02-12,ACEH,8,0,0,8,9398,7751,381,1266
2021-02-13,ACEH,1,2,3,-4,9399,7754,383,1262
2021-02-14,ACEH,4,0,0,4,9403,7754,383,1266
2021-02-15,ACEH,0,0,0,0,9403,7754,383,1266
2021-02-16,ACEH,0,0,0,0,9403,7754,383,1266
2021-02-17,ACEH,0,0,0,0,9403,7754,383,1266
2021-02-18,ACEH,32,0,5,27,9435,7759,383,1293
2021-02-19,ACEH,13,0,9,4,9448,7768,383,1297
2021-02-20,ACEH,8,0,18,-10,9456,7786,383,1287
2021-02-21,ACEH,1,0,0,1,9457,7786,383,1288
2021-02-22,ACEH,1,0,5,-4,9458,7791,383,1284
2021-02-23,ACEH,29,0,7,22,9487,7798,383,1306
2021-02-24,ACEH,26,0,8,18,9513,7806,383,1324
2021-02-25,ACEH,10,1,0,9,9523,7806,384,1333
2021-02-26,ACEH,8,0,21,-13,9531,7827,384,1320
2021-02-27,ACEH,3,1,8,-6,9534,7835,385,1314
2021-02-28,ACEH,7,0,0,7,9541,7835,385,1321
2021-03-01,ACEH,2,0,16,-14,9543,7851,385,1307
2021-03-02,ACEH,14,0,4,10,9557,7855,385,1317
2021-03-03,ACEH,13,3,6,4,9570,7861,388,1321
2021-03-04,ACEH,10,0,2,8,9580,7863,388,1329
2021-03-05,ACEH,9,0,4,5,9589,7867,388,1334
2021-03-06,ACEH,16,0,18,-2,9605,7885,388,1332
2021-03-07,ACEH,4,0,0,4,9609,7885,388,1336
2021-03-08,ACEH,7,0,4,3,9616,7889,388,1339
2021-03-09,ACEH,26,0,26,0,9642,7915,388,1339
2021-03-10,ACEH,0,0,4,-4,9642,7919,388,1335
2021-03-11,ACEH,19,0,0,19,9661,7919,388,1354
2021-03-12,ACEH,6,1,7,-2,9667,7926,389,1352
2021-03-13,ACEH,14,0,0,14,9681,7926,389,1366
2021-03-14,ACEH,5,0,28,-23,9686,7954,389,1343
2021-03-15,ACEH,0,0,6,-6,9686,7960,389,1337
2021-03-16,ACEH,10,0,21,-11,9696,7981,389,1326
2021-03-17,ACEH,6,0,3,3,9702,7984,389,1329
2021-03-18,ACEH,10,0,3,7,9712,7987,389,1336
2021-03-19,ACEH,16,0,0,16,9728,7987,389,1352
2021-03-20,ACEH,15,0,23,-8,9743,8010,389,1344
2021-03-21,ACEH,0,0,0,0,9743,8010,389,1344
2021-03-22,ACEH,20,0,3,17,9763,8013,389,1361
2021-03-23,ACEH,15,1,8,6,9778,8021,390,1367
2021-03-24,ACEH,13,1,0,12,9791,8021,391,1379
2021-03-25,ACEH,6,3,2,1,9797,8023,394,1380
2021-03-26,ACEH,15,0,16,-1,9812,8039,394,1379
2021-03-27,ACEH,21,2,6,13,9833,8045,396,1392
2021-03-28,ACEH,12,0,19,-7,9845,8064,396,1385
2021-03-29,ACEH,8,1,6,1,9853,8070,397,1386
2021-03-30,ACEH,9,0,0,9,9862,8070,397,1395
2021-03-31,ACEH,30,0,2,28,9892,8072,397,1423
2021-04-01,ACEH,11,0,1,10,9903,8073,397,1433
2021-04-02,ACEH,9,0,6,3,9912,8079,397,1436
2021-04-03,ACEH,6,0,6,0,9918,8085,397,1436
2021-04-04,ACEH,4,0,2,2,9922,8087,397,1438
2021-04-05,ACEH,11,1,0,10,9933,8087,398,1448
2021-04-06,ACEH,13,1,31,-19,9946,8118,399,1429
2021-04-07,ACEH,39,0,21,18,9985,8139,399,1447
2021-04-08,ACEH,42,1,7,34,10027,8146,400,1481
2021-04-09,ACEH,28,1,6,21,10055,8152,401,1502
2021-04-10,ACEH,20,3,5,12,10075,8157,404,1514
2021-04-11,ACEH,7,0,0,7,10082,8157,404,1521
2021-04-12,ACEH,24,2,17,5,10106,8174,406,1526
2021-04-13,ACEH,28,0,35,-7,10134,8209,406,1519
2021-04-14,ACEH,26,0,21,5,10160,8230,406,1524
2021-04-15,ACEH,40,1,101,-62,10200,8331,407,1462
2021-04-16,ACEH,22,0,121,-99,10222,8452,407,1363
2021-04-17,ACEH,35,1,113,-79,10257,8565,408,1284
2021-04-18,ACEH,43,1,100,-58,10300,8665,409,1226
2021-04-19,ACEH,13,1,101,-89,10313,8766,410,1137
2021-04-20,ACEH,52,6,113,-67,10365,8879,416,1070
2021-04-21,ACEH,64,2,114,-52,10429,8993,418,1018
2021-04-22,ACEH,87,2,105,-20,10516,9098,420,998
2021-04-23,ACEH,91,2,9,80,10607,9107,422,1078
2021-04-24,ACEH,46,5,107,-66,10653,9214,427,1012
2021-04-25,ACEH,24,2,111,-89,10677,9325,429,923
2021-04-26,ACEH,67,3,33,31,10744,9358,432,954
2021-04-27,ACEH,70,0,10,60,10814,9368,432,1014
2021-04-28,ACEH,71,4,107,-40,10885,9475,436,974
2021-04-29,ACEH,82,3,56,23,10967,9531,439,997
2021-04-30,ACEH,78,1,83,-6,11045,9614,440,991
2021-05-01,ACEH,124,2,119,3,11169,9733,442,994
2021-05-02,ACEH,68,7,53,8,11237,9786,449,1002
2021-05-03,ACEH,56,1,14,41,11293,9800,450,1043
2021-05-04,ACEH,98,5,9,84,11391,9809,455,1127
2021-05-05,ACEH,91,6,18,67,11482,9827,461,1194
2021-05-06,ACEH,107,1,38,68,11589,9865,462,1262
2021-05-07,ACEH,113,4,114,-5,11702,9979,466,1257
2021-05-08,ACEH,100,4,5,91,11802,9984,470,1348
2021-05-09,ACEH,28,6,93,-71,11830,10077,476,1277
2021-05-10,ACEH,68,5,87,-24,11898,10164,481,1253
2021-05-11,ACEH,100,2,32,66,11998,10196,483,1319
2021-05-12,ACEH,128,3,32,93,12126,10228,486,1412
2021-05-13,ACEH,26,1,22,3,12152,10250,487,1415
2021-05-14,ACEH,5,3,18,-16,12157,10268,490,1399
2021-05-15,ACEH,57,2,12,43,12214,10280,492,1442
2021-05-16,ACEH,35,2,74,-41,12249,10354,494,1401
2021-05-17,ACEH,91,5,22,64,12340,10376,499,1465
2021-05-18,ACEH,128,4,74,50,12468,10450,503,1515
2021-05-19,ACEH,147,9,62,76,12615,10512,512,1591
2021-05-20,ACEH,199,3,2,194,12814,10514,515,1785
2021-05-21,ACEH,176,9,102,65,12990,10616,524,1850
2021-05-22,ACEH,135,6,9,120,13125,10625,530,1970
2021-05-23,ACEH,104,6,92,6,13229,10717,536,1976
2021-05-24,ACEH,167,8,257,-98,13396,10974,544,1878
2021-05-25,ACEH,185,9,151,25,13581,11125,553,1903
2021-05-26,ACEH,267,4,38,225,13848,11163,557,2128
2021-05-27,ACEH,230,7,128,95,14078,11291,564,2223
2021-05-28,ACEH,260,8,145,107,14338,11436,572,2330
2021-05-29,ACEH,293,7,126,160,14631,11562,579,2490
2021-05-30,ACEH,270,3,117,150,14901,11679,582,2640
2021-05-31,ACEH,116,15,132,-31,15017,11811,597,2609
2021-06-01,ACEH,122,1,120,1,15139,11931,598,2610
2021-06-02,ACEH,101,2,1,98,15240,11932,600,2708
2021-06-03,ACEH,214,7,48,159,15454,11980,607,2867
2021-06-04,ACEH,209,9,39,161,15663,12019,616,3028
2021-06-05,ACEH,206,3,122,81,15869,12141,619,3109
2021-06-06,ACEH,196,2,139,55,16065,12280,621,3164
2021-06-07,ACEH,130,8,189,-67,16195,12469,629,3097
2021-06-08,ACEH,157,5,68,84,16352,12537,634,3181
2021-06-09,ACEH,226,15,114,97,16578,12651,649,3278
2021-06-10,ACEH,247,8,35,204,16825,12686,657,3482
2021-06-11,ACEH,284,7,87,190,17109,12773,664,3672
2021-06-12,ACEH,108,14,189,-95,17217,12962,678,3577
2021-06-13,ACEH,159,6,38,115,17376,13000,684,3692
2021-06-14,ACEH,166,6,47,113,17542,13047,690,3805
2021-06-15,ACEH,155,8,281,-134,17697,13328,698,3671
2021-06-16,ACEH,133,9,50,74,17830,13378,707,3745
2021-06-17,ACEH,140,4,88,48,17970,13466,711,3793
2021-06-18,ACEH,150,2,67,81,18120,13533,713,3874
2021-06-19,ACEH,116,7,78,31,18236,13611,720,3905
2021-06-20,ACEH,93,3,20,70,18329,13631,723,3975
2021-06-21,ACEH,47,12,198,-163,18376,13829,735,3812
2021-06-22,ACEH,63,10,79,-26,18439,13908,745,3786
2021-06-23,ACEH,156,6,224,-74,18595,14132,751,3712
2021-06-24,ACEH,73,6,111,-44,18668,14243,757,3668
2021-06-25,ACEH,103,6,57,40,18771,14300,763,3708
2021-06-26,ACEH,81,6,90,-15,18852,14390,769,3693
2021-06-27,ACEH,59,4,40,15,18911,14430,773,3708
2021-06-28,ACEH,104,14,30,60,19015,14460,787,3768
2021-06-29,ACEH,133,10,87,36,19148,14547,797,3804
2021-06-30,ACEH,98,11,116,-29,19246,14663,808,3775
2021-07-01,ACEH,92,3,54,35,19338,14717,811,3810
2021-07-02,ACEH,94,8,259,-173,19432,14976,819,3637
2021-07-03,ACEH,72,6,209,-143,19504,15185,825,3494
2021-07-04,ACEH,72,1,67,4,19576,15252,826,3498
2021-07-05,ACEH,34,7,21,6,19610,15273,833,3504
2021-07-06,ACEH,174,2,72,100,19784,15345,835,3604
2021-07-07,ACEH,114,7,31,76,19898,15376,842,3680
2021-07-08,ACEH,162,7,52,103,20060,15428,849,3783
2021-07-09,ACEH,80,13,108,-41,20140,15536,862,3742
2021-07-10,ACEH,133,2,16,115,20273,15552,864,3857
2021-07-11,ACEH,67,3,43,21,20340,15595,867,3878
2021-07-12,ACEH,36,6,181,-151,20376,15776,873,3727
2021-07-13,ACEH,162,7,138,17,20538,15914,880,3744
2021-07-14,ACEH,116,8,20,88,20654,15934,888,3832
2021-07-15,ACEH,100,9,82,9,20754,16016,897,3841
2021-07-16,ACEH,64,5,50,9,20818,16066,902,3850
2021-07-17,ACEH,69,13,39,17,20887,16105,915,3867
2021-07-18,ACEH,63,8,86,-31,20950,16191,923,3836
2021-07-19,ACEH,11,3,49,-41,20961,16240,926,3795
2021-07-20,ACEH,52,0,11,41,21013,16251,926,3836
2021-07-21,ACEH,51,4,36,11,21064,16287,930,3847
2021-07-22,ACEH,103,1,57,45,21167,16344,931,3892
2021-07-23,ACEH,145,3,33,109,21312,16377,934,4001
2021-07-24,ACEH,212,3,41,168,21524,16418,937,4169
2021-07-25,ACEH,200,5,47,148,21724,16465,942,4317
2021-07-26,ACEH,160,5,56,99,21884,16521,947,4416
2021-07-27,ACEH,226,8,70,148,22110,16591,955,4564
2021-07-28,ACEH,237,5,40,192,22347,16631,960,4756
2021-07-29,ACEH,231,10,40,181,22578,16671,970,4937
2021-07-30,ACEH,240,10,66,164,22818,16737,980,5101
2021-07-31,ACEH,228,8,161,59,23046,16898,988,5160
2021-08-01,ACEH,204,6,67,131,23250,16965,994,5291
2021-08-02,ACEH,62,2,188,-128,23312,17153,996,5163
2021-08-03,ACEH,259,14,165,80,23571,17318,1010,5243
2021-08-04,ACEH,351,10,99,242,23922,17417,1020,5485
2021-08-05,ACEH,285,18,134,133,24207,17551,1038,5618
2021-08-06,ACEH,383,4,193,186,24590,17744,1042,5804
2021-08-07,ACEH,343,13,184,146,24933,17928,1055,5950
2021-08-08,ACEH,285,11,327,-53,25218,18255,1066,5897
2021-08-09,ACEH,152,20,137,-5,25370,18392,1086,5892
2021-08-10,ACEH,379,7,95,277,25749,18487,1093,6169
2021-08-11,ACEH,385,5,151,229,26134,18638,1098,6398
2021-08-12,ACEH,181,30,375,-224,26315,19013,1128,6174
2021-08-13,ACEH,411,9,383,19,26726,19396,1137,6193
2021-08-14,ACEH,397,16,562,-181,27123,19958,1153,6012
2021-08-15,ACEH,310,10,1033,-733,27433,20991,1163,5279
2021-08-16,ACEH,341,27,136,178,27774,21127,1190,5457
2021-08-17,ACEH,390,12,218,160,28164,21345,1202,5617
2021-08-18,ACEH,383,10,176,197,28547,21521,1212,5814
2020-03-31,BENGKULU,1,1,0,0,1,0,1,0
2020-04-01,BENGKULU,0,0,0,0,1,0,1,0
2020-04-02,BENGKULU,0,0,0,0,1,0,1,0
2020-04-03,BENGKULU,1,0,0,1,2,0,1,1
2020-04-04,BENGKULU,0,0,0,0,2,0,1,1
2020-04-05,BENGKULU,0,0,0,0,2,0,1,1
2020-04-06,BENGKULU,0,0,0,0,2,0,1,1
2020-04-07,BENGKULU,0,0,0,0,2,0,1,1
2020-04-08,BENGKULU,0,0,0,0,2,0,1,1
2020-04-09,BENGKULU,2,0,0,2,4,0,1,3
2020-04-10,BENGKULU,0,0,0,0,4,0,1,3
2020-04-11,BENGKULU,0,0,0,0,4,0,1,3
2020-04-12,BENGKULU,0,0,0,0,4,0,1,3
2020-04-13,BENGKULU,0,0,0,0,4,0,1,3
2020-04-14,BENGKULU,0,0,0,0,4,0,1,3
2020-04-15,BENGKULU,0,0,0,0,4,0,1,3
2020-04-16,BENGKULU,0,0,0,0,4,0,1,3
2020-04-17,BENGKULU,0,0,0,0,4,0,1,3
2020-04-18,BENGKULU,0,0,1,-1,4,1,1,2
2020-04-19,BENGKULU,0,0,0,0,4,1,1,2
2020-04-20,BENGKULU,0,0,0,0,4,1,1,2
2020-04-21,BENGKULU,4,0,0,4,8,1,1,6
2020-04-22,BENGKULU,0,0,0,0,8,1,1,6
2020-04-23,BENGKULU,0,0,0,0,8,1,1,6
2020-04-24,BENGKULU,0,0,0,0,8,1,1,6
2020-04-25,BENGKULU,0,0,0,0,8,1,1,6
2020-04-26,BENGKULU,0,0,0,0,8,1,1,6
2020-04-27,BENGKULU,0,0,0,0,8,1,1,6
2020-04-28,BENGKULU,0,1,0,-1,8,1,2,5
2020-04-29,BENGKULU,4,0,0,4,12,1,2,9
2020-04-30,BENGKULU,0,0,0,0,12,1,2,9
2020-05-01,BENGKULU,0,0,0,0,12,1,2,9
2020-05-02,BENGKULU,0,0,0,0,12,1,2,9
2020-05-03,BENGKULU,0,0,0,0,12,1,2,9
2020-05-04,BENGKULU,0,0,0,0,12,1,2,9
2020-05-05,BENGKULU,0,0,0,0,12,1,2,9
2020-05-06,BENGKULU,2,0,0,2,14,1,2,11
2020-05-07,BENGKULU,0,0,0,0,14,1,2,11
2020-05-08,BENGKULU,0,0,0,0,14,1,2,11
2020-05-09,BENGKULU,23,0,0,23,37,1,2,34
2020-05-10,BENGKULU,0,0,0,0,37,1,2,34
2020-05-11,BENGKULU,0,0,0,0,37,1,2,34
2020-05-12,BENGKULU,3,0,0,3,40,1,2,37
2020-05-13,BENGKULU,0,0,0,0,40,1,2,37
2020-05-14,BENGKULU,2,0,0,2,42,1,2,39
2020-05-15,BENGKULU,11,0,0,11,53,1,2,50
2020-05-16,BENGKULU,3,0,0,3,56,1,2,53
2020-05-17,BENGKULU,9,0,0,9,65,1,2,62
2020-05-18,BENGKULU,1,0,0,1,66,1,2,63
2020-05-19,BENGKULU,1,0,0,1,67,1,2,64
2020-05-20,BENGKULU,0,0,6,-6,67,7,2,58
2020-05-21,BENGKULU,2,0,2,0,69,9,2,58
2020-05-22,BENGKULU,0,0,0,0,69,9,2,58
2020-05-23,BENGKULU,0,0,0,0,69,9,2,58
2020-05-24,BENGKULU,0,0,0,0,69,9,2,58
2020-05-25,BENGKULU,0,0,0,0,69,9,2,58
2020-05-26,BENGKULU,0,1,2,-3,69,11,3,55
2020-05-27,BENGKULU,0,0,8,-8,69,19,3,47
2020-05-28,BENGKULU,2,0,1,1,71,20,3,48
2020-05-29,BENGKULU,1,0,2,-1,72,22,3,47
2020-05-30,BENGKULU,14,0,0,14,86,22,3,61
2020-05-31,BENGKULU,5,0,0,5,91,22,3,66
2020-06-01,BENGKULU,0,0,3,-3,91,25,3,63
2020-06-02,BENGKULU,1,0,0,1,92,25,3,64
2020-06-03,BENGKULU,0,0,0,0,92,25,3,64
2020-06-04,BENGKULU,0,0,0,0,92,25,3,64
2020-06-05,BENGKULU,0,1,0,-1,92,25,4,63
2020-06-06,BENGKULU,0,0,12,-12,92,37,4,51
2020-06-07,BENGKULU,0,0,3,-3,92,40,4,48
2020-06-08,BENGKULU,0,0,0,0,92,40,4,48
2020-06-09,BENGKULU,0,0,6,-6,92,46,4,42
2020-06-10,BENGKULU,0,0,1,-1,92,47,4,41
2020-06-11,BENGKULU,0,0,1,-1,92,48,4,40
2020-06-12,BENGKULU,3,1,1,1,95,49,5,41
2020-06-13,BENGKULU,3,1,9,-7,98,58,6,34
2020-06-14,BENGKULU,3,0,0,3,101,58,6,37
2020-06-15,BENGKULU,0,0,4,-4,101,62,6,33
2020-06-16,BENGKULU,3,0,1,2,104,63,6,35
2020-06-17,BENGKULU,1,0,2,-1,105,65,6,34
2020-06-18,BENGKULU,0,2,0,-2,105,65,8,32
2020-06-19,BENGKULU,2,0,3,-1,107,68,8,31
2020-06-20,BENGKULU,9,0,3,6,116,71,8,37
2020-06-21,BENGKULU,0,1,1,-2,116,72,9,35
2020-06-22,BENGKULU,0,0,0,0,116,72,9,35
2020-06-23,BENGKULU,2,1,0,1,118,72,10,36
2020-06-24,BENGKULU,0,0,1,-1,118,73,10,35
2020-06-25,BENGKULU,2,0,5,-3,120,78,10,32
2020-06-26,BENGKULU,4,0,10,-6,124,88,10,26
2020-06-27,BENGKULU,1,0,1,0,125,89,10,26
2020-06-28,BENGKULU,0,1,0,-1,125,89,11,25
2020-06-29,BENGKULU,0,1,0,-1,125,89,12,24
2020-06-30,BENGKULU,0,0,0,0,125,89,12,24
2020-07-01,BENGKULU,4,0,1,3,129,90,12,27
2020-07-02,BENGKULU,1,0,1,0,130,91,12,27
2020-07-03,BENGKULU,6,1,3,2,136,94,13,29
2020-07-04,BENGKULU,1,0,0,1,137,94,13,30
2020-07-05,BENGKULU,4,0,1,3,141,95,13,33
2020-07-06,BENGKULU,0,0,0,0,141,95,13,33
2020-07-07,BENGKULU,3,0,1,2,144,96,13,35
2020-07-08,BENGKULU,7,1,2,4,151,98,14,39
2020-07-09,BENGKULU,4,0,1,3,155,99,14,42
2020-07-10,BENGKULU,3,2,2,-1,158,101,16,41
2020-07-11,BENGKULU,4,0,1,3,162,102,16,44
2020-07-12,BENGKULU,1,0,0,1,163,102,16,45
2020-07-13,BENGKULU,0,0,1,-1,163,103,16,44
2020-07-14,BENGKULU,5,0,1,4,168,104,16,48
2020-07-15,BENGKULU,2,0,1,1,170,105,16,49
2020-07-16,BENGKULU,1,0,1,0,171,106,16,49
2020-07-17,BENGKULU,2,0,1,1,173,107,16,50
2020-07-18,BENGKULU,6,0,0,6,179,107,16,56
2020-07-19,BENGKULU,2,0,3,-1,181,110,16,55
2020-07-20,BENGKULU,0,0,0,0,181,110,16,55
2020-07-21,BENGKULU,0,0,1,-1,181,111,16,54
2020-07-22,BENGKULU,4,0,0,4,185,111,16,58
2020-07-23,BENGKULU,10,0,5,5,195,116,16,63
2020-07-24,BENGKULU,1,0,1,0,196,117,16,63
2020-07-25,BENGKULU,4,0,0,4,200,117,16,67
2020-07-26,BENGKULU,0,0,0,0,200,117,16,67
2020-07-27,BENGKULU,0,0,0,0,200,117,16,67
2020-07-28,BENGKULU,10,0,0,10,210,117,16,77
2020-07-29,BENGKULU,2,2,1,-1,212,118,18,76
2020-07-30,BENGKULU,2,0,0,2,214,118,18,78
2020-07-31,BENGKULU,3,0,0,3,217,118,18,81
2020-08-01,BENGKULU,1,1,0,0,218,118,19,81
2020-08-02,BENGKULU,17,0,0,17,235,118,19,98
2020-08-03,BENGKULU,0,0,0,0,235,118,19,98
2020-08-04,BENGKULU,3,1,0,2,238,118,20,100
2020-08-05,BENGKULU,1,0,17,-16,239,135,20,84
2020-08-06,BENGKULU,1,0,0,1,240,135,20,85
2020-08-07,BENGKULU,0,0,13,-13,240,148,20,72
2020-08-08,BENGKULU,3,1,0,2,243,148,21,74
2020-08-09,BENGKULU,9,0,0,9,252,148,21,83
2020-08-10,BENGKULU,1,1,1,-1,253,149,22,82
2020-08-11,BENGKULU,5,0,2,3,258,151,22,85
2020-08-12,BENGKULU,2,2,0,0,260,151,24,85
2020-08-13,BENGKULU,4,0,7,-3,264,158,24,82
2020-08-14,BENGKULU,10,0,0,10,274,158,24,92
2020-08-15,BENGKULU,3,0,0,3,277,158,24,95
2020-08-16,BENGKULU,2,0,0,2,279,158,24,97
2020-08-17,BENGKULU,0,0,0,0,279,158,24,97
2020-08-18,BENGKULU,1,0,0,1,280,158,24,98
2020-08-19,BENGKULU,6,0,0,6,286,158,24,104
2020-08-20,BENGKULU,0,0,1,-1,286,159,24,103
2020-08-21,BENGKULU,1,0,1,0,287,160,24,103
2020-08-22,BENGKULU,1,0,0,1,288,160,24,104
2020-08-23,BENGKULU,0,0,4,-4,288,164,24,100
2020-08-24,BENGKULU,1,0,1,0,289,165,24,100
2020-08-25,BENGKULU,11,0,1,10,300,166,24,110
2020-08-26,BENGKULU,3,0,5,-2,303,171,24,108
2020-08-27,BENGKULU,2,1,0,1,305,171,25,109
2020-08-28,BENGKULU,24,0,2,22,329,173,25,131
2020-08-29,BENGKULU,3,0,0,3,332,173,25,134
2020-08-30,BENGKULU,11,0,9,2,343,182,25,136
2020-08-31,BENGKULU,0,0,4,-4,343,186,25,132
2020-09-01,BENGKULU,6,0,0,6,349,186,25,138
2020-09-02,BENGKULU,4,0,0,4,353,186,25,142
2020-09-03,BENGKULU,8,0,0,8,361,186,25,150
2020-09-04,BENGKULU,3,0,0,3,364,186,25,153
2020-09-05,BENGKULU,5,1,1,3,369,187,26,156
2020-09-06,BENGKULU,22,0,0,22,391,187,26,178
2020-09-07,BENGKULU,0,0,10,-10,391,197,26,168
2020-09-08,BENGKULU,3,0,0,3,394,197,26,171
2020-09-09,BENGKULU,3,0,5,-2,397,202,26,169
2020-09-10,BENGKULU,3,1,8,-6,400,210,27,163
2020-09-11,BENGKULU,30,1,0,29,430,210,28,192
2020-09-12,BENGKULU,28,2,0,26,458,210,30,218
2020-09-13,BENGKULU,8,0,0,8,466,210,30,226
2020-09-14,BENGKULU,1,0,0,1,467,210,30,227
2020-09-15,BENGKULU,9,0,27,-18,476,237,30,209
2020-09-16,BENGKULU,4,0,16,-12,480,253,30,197
2020-09-17,BENGKULU,30,0,18,12,510,271,30,209
2020-09-18,BENGKULU,13,0,4,9,523,275,30,218
2020-09-19,BENGKULU,7,1,1,5,530,276,31,223
2020-09-20,BENGKULU,6,0,4,2,536,280,31,225
2020-09-21,BENGKULU,0,0,27,-27,536,307,31,198
2020-09-22,BENGKULU,5,0,28,-23,541,335,31,175
2020-09-23,BENGKULU,31,0,18,13,572,353,31,188
2020-09-24,BENGKULU,7,0,14,-7,579,367,31,181
2020-09-25,BENGKULU,11,1,12,-2,590,379,32,179
2020-09-26,BENGKULU,10,2,12,-4,600,391,34,175
2020-09-27,BENGKULU,45,0,11,34,645,402,34,209
2020-09-28,BENGKULU,2,0,0,2,647,402,34,211
2020-09-29,BENGKULU,18,0,19,-1,665,421,34,210
2020-09-30,BENGKULU,28,0,20,8,693,441,34,218
2020-10-01,BENGKULU,20,2,15,3,713,456,36,221
2020-10-02,BENGKULU,9,1,10,-2,722,466,37,219
2020-10-03,BENGKULU,2,0,0,2,724,466,37,221
2020-10-04,BENGKULU,4,0,6,-2,728,472,37,219
2020-10-05,BENGKULU,24,0,29,-5,752,501,37,214
2020-10-06,BENGKULU,6,0,30,-24,758,531,37,190
2020-10-07,BENGKULU,4,0,20,-16,762,551,37,174
2020-10-08,BENGKULU,12,0,20,-8,774,571,37,166
2020-10-09,BENGKULU,11,1,14,-4,785,585,38,162
2020-10-10,BENGKULU,11,0,25,-14,796,610,38,148
2020-10-11,BENGKULU,7,1,30,-24,803,640,39,124
2020-10-12,BENGKULU,1,0,30,-29,804,670,39,95
2020-10-13,BENGKULU,3,0,0,3,807,670,39,98
2020-10-14,BENGKULU,18,0,14,4,825,684,39,102
2020-10-15,BENGKULU,7,0,0,7,832,684,39,109
2020-10-16,BENGKULU,7,1,15,-9,839,699,40,100
2020-10-17,BENGKULU,23,3,2,18,862,701,43,118
2020-10-18,BENGKULU,15,1,20,-6,877,721,44,112
2020-10-19,BENGKULU,3,0,0,3,880,721,44,115
2020-10-20,BENGKULU,35,1,6,28,915,727,45,143
2020-10-21,BENGKULU,2,0,0,2,917,727,45,145
2020-10-22,BENGKULU,11,1,20,-10,928,747,46,135
2020-10-23,BENGKULU,33,0,13,20,961,760,46,155
2020-10-24,BENGKULU,8,1,0,7,969,760,47,162
2020-10-25,BENGKULU,26,1,8,17,995,768,48,179
2020-10-26,BENGKULU,0,0,5,-5,995,773,48,174
2020-10-27,BENGKULU,22,0,12,10,1017,785,48,184
2020-10-28,BENGKULU,23,0,3,20,1040,788,48,204
2020-10-29,BENGKULU,9,0,5,4,1049,793,48,208
2020-10-30,BENGKULU,32,0,10,22,1081,803,48,230
2020-10-31,BENGKULU,0,1,0,-1,1081,803,49,229
2020-11-01,BENGKULU,1,0,0,1,1082,803,49,230
2020-11-02,BENGKULU,5,3,30,-28,1087,833,52,202
2020-11-03,BENGKULU,12,2,9,1,1099,842,54,203
2020-11-04,BENGKULU,18,0,13,5,1117,855,54,208
2020-11-05,BENGKULU,23,0,33,-10,1140,888,54,198
2020-11-06,BENGKULU,17,0,5,12,1157,893,54,210
2020-11-07,BENGKULU,40,2,8,30,1197,901,56,240
2020-11-08,BENGKULU,38,0,25,13,1235,926,56,253
2020-11-09,BENGKULU,4,2,22,-20,1239,948,58,233
2020-11-10,BENGKULU,24,0,27,-3,1263,975,58,230
2020-11-11,BENGKULU,18,0,16,2,1281,991,58,232
2020-11-12,BENGKULU,13,0,11,2,1294,1002,58,234
2020-11-13,BENGKULU,61,1,15,45,1355,1017,59,279
2020-11-14,BENGKULU,37,1,29,7,1392,1046,60,286
2020-11-15,BENGKULU,11,2,13,-4,1403,1059,62,282
2020-11-16,BENGKULU,2,0,4,-2,1405,1063,62,280
2020-11-17,BENGKULU,14,1,25,-12,1419,1088,63,268
2020-11-18,BENGKULU,21,1,20,0,1440,1108,64,268
2020-11-19,BENGKULU,21,2,15,4,1461,1123,66,272
2020-11-20,BENGKULU,15,0,41,-26,1476,1164,66,246
2020-11-21,BENGKULU,62,0,15,47,1538,1179,66,293
2020-11-22,BENGKULU,31,1,25,5,1569,1204,67,298
2020-11-23,BENGKULU,5,4,43,-42,1574,1247,71,256
2020-11-24,BENGKULU,13,0,19,-6,1587,1266,71,250
2020-11-25,BENGKULU,48,1,20,27,1635,1286,72,277
2020-11-26,BENGKULU,30,1,23,6,1665,1309,73,283
2020-11-27,BENGKULU,42,1,25,16,1707,1334,74,299
2020-11-28,BENGKULU,43,3,30,10,1750,1364,77,309
2020-11-29,BENGKULU,71,0,35,36,1821,1399,77,345
2020-11-30,BENGKULU,2,0,32,-30,1823,1431,77,315
2020-12-01,BENGKULU,19,1,18,0,1842,1449,78,315
2020-12-02,BENGKULU,12,0,29,-17,1854,1478,78,298
2020-12-03,BENGKULU,59,2,1,56,1913,1479,80,354
2020-12-04,BENGKULU,90,3,30,57,2003,1509,83,411
2020-12-05,BENGKULU,35,2,39,-6,2038,1548,85,405
2020-12-06,BENGKULU,60,3,39,18,2098,1587,88,423
2020-12-07,BENGKULU,11,1,26,-16,2109,1613,89,407
2020-12-08,BENGKULU,65,0,29,36,2174,1642,89,443
2020-12-09,BENGKULU,8,2,0,6,2182,1642,91,449
2020-12-10,BENGKULU,62,1,19,42,2244,1661,92,491
2020-12-11,BENGKULU,50,1,30,19,2294,1691,93,510
2020-12-12,BENGKULU,90,1,20,69,2384,1711,94,579
2020-12-13,BENGKULU,51,1,32,18,2435,1743,95,597
2020-12-14,BENGKULU,28,3,38,-13,2463,1781,98,584
2020-12-15,BENGKULU,80,4,30,46,2543,1811,102,630
2020-12-16,BENGKULU,156,0,0,156,2699,1811,102,786
2020-12-17,BENGKULU,80,1,50,29,2779,1861,103,815
2020-12-18,BENGKULU,171,0,50,121,2950,1911,103,936
2020-12-19,BENGKULU,51,1,64,-14,3001,1975,104,922
2020-12-20,BENGKULU,75,2,46,27,3076,2021,106,949
2020-12-21,BENGKULU,54,0,61,-7,3130,2082,106,942
2020-12-22,BENGKULU,22,0,2,20,3152,2084,106,962
2020-12-23,BENGKULU,31,0,28,3,3183,2112,106,965
2020-12-24,BENGKULU,60,0,50,10,3243,2162,106,975
2020-12-25,BENGKULU,109,1,62,46,3352,2224,107,1021
2020-12-26,BENGKULU,2,0,6,-4,3354,2230,107,1017
2020-12-27,BENGKULU,100,1,73,26,3454,2303,108,1043
2020-12-28,BENGKULU,20,1,61,-42,3474,2364,109,1001
2020-12-29,BENGKULU,17,1,65,-49,3491,2429,110,952
2020-12-30,BENGKULU,40,0,4,36,3531,2433,110,988
2020-12-31,BENGKULU,72,2,126,-56,3603,2559,112,932
2021-01-01,BENGKULU,68,5,98,-35,3671,2657,117,897
2021-01-02,BENGKULU,19,1,71,-53,3690,2728,118,844
2021-01-03,BENGKULU,45,0,91,-46,3735,2819,118,798
2021-01-04,BENGKULU,24,1,81,-58,3759,2900,119,740
2021-01-05,BENGKULU,20,0,75,-55,3779,2975,119,685
2021-01-06,BENGKULU,42,2,70,-30,3821,3045,121,655
2021-01-07,BENGKULU,121,2,75,44,3942,3120,123,699
2021-01-08,BENGKULU,32,1,62,-31,3974,3182,124,668
2021-01-09,BENGKULU,39,2,91,-54,4013,3273,126,614
2021-01-10,BENGKULU,49,1,102,-54,4062,3375,127,560
2021-01-11,BENGKULU,7,2,101,-96,4069,3476,129,464
2021-01-12,BENGKULU,27,1,71,-45,4096,3547,130,419
2021-01-13,BENGKULU,51,0,70,-19,4147,3617,130,400
2021-01-14,BENGKULU,17,3,81,-67,4164,3698,133,333
2021-01-15,BENGKULU,27,0,75,-48,4191,3773,133,285
2021-01-16,BENGKULU,35,0,50,-15,4226,3823,133,270
2021-01-17,BENGKULU,40,1,60,-21,4266,3883,134,249
2021-01-18,BENGKULU,2,1,41,-40,4268,3924,135,209
2021-01-19,BENGKULU,25,0,24,1,4293,3948,135,210
2021-01-20,BENGKULU,20,1,0,19,4313,3948,136,229
2021-01-21,BENGKULU,50,0,0,50,4363,3948,136,279
2021-01-22,BENGKULU,15,0,39,-24,4378,3987,136,255
2021-01-23,BENGKULU,55,1,35,19,4433,4022,137,274
2021-01-24,BENGKULU,15,1,31,-17,4448,4053,138,257
2021-01-25,BENGKULU,15,1,30,-16,4463,4083,139,241
2021-01-26,BENGKULU,18,0,25,-7,4481,4108,139,234
2021-01-27,BENGKULU,17,0,18,-1,4498,4126,139,233
2021-01-28,BENGKULU,13,1,32,-20,4511,4158,140,213
2021-01-29,BENGKULU,16,0,30,-14,4527,4188,140,199
2021-01-30,BENGKULU,30,0,15,15,4557,4203,140,214
2021-01-31,BENGKULU,22,1,25,-4,4579,4228,141,210
2021-02-01,BENGKULU,4,0,24,-20,4583,4252,141,190
2021-02-02,BENGKULU,13,0,15,-2,4596,4267,141,188
2021-02-03,BENGKULU,12,0,25,-13,4608,4292,141,175
2021-02-04,BENGKULU,13,0,20,-7,4621,4312,141,168
2021-02-05,BENGKULU,6,1,15,-10,4627,4327,142,158
2021-02-06,BENGKULU,6,0,15,-9,4633,4342,142,149
2021-02-07,BENGKULU,8,1,15,-8,4641,4357,143,141
2021-02-08,BENGKULU,6,0,15,-9,4647,4372,143,132
2021-02-09,BENGKULU,12,0,15,-3,4659,4387,143,129
2021-02-10,BENGKULU,7,0,15,-8,4666,4402,143,121
2021-02-11,BENGKULU,11,1,20,-10,4677,4422,144,111
2021-02-12,BENGKULU,17,0,15,2,4694,4437,144,113
2021-02-13,BENGKULU,9,0,3,6,4703,4440,144,119
2021-02-14,BENGKULU,18,0,9,9,4721,4449,144,128
2021-02-15,BENGKULU,5,0,15,-10,4726,4464,144,118
2021-02-16,BENGKULU,17,0,0,17,4743,4464,144,135
2021-02-17,BENGKULU,9,0,0,9,4752,4464,144,144
2021-02-18,BENGKULU,5,0,0,5,4757,4464,144,149
2021-02-19,BENGKULU,14,0,0,14,4771,4464,144,163
2021-02-20,BENGKULU,19,0,0,19,4790,4464,144,182
2021-02-21,BENGKULU,13,1,69,-57,4803,4533,145,125
2021-02-22,BENGKULU,22,0,6,16,4825,4539,145,141
2021-02-23,BENGKULU,42,0,10,32,4867,4549,145,173
2021-02-24,BENGKULU,16,0,10,6,4883,4559,145,179
2021-02-25,BENGKULU,11,0,1,10,4894,4560,145,189
2021-02-26,BENGKULU,20,1,15,4,4914,4575,146,193
2021-02-27,BENGKULU,13,1,12,0,4927,4587,147,193
2021-02-28,BENGKULU,6,0,11,-5,4933,4598,147,188
2021-03-01,BENGKULU,3,0,10,-7,4936,4608,147,181
2021-03-02,BENGKULU,13,0,10,3,4949,4618,147,184
2021-03-03,BENGKULU,33,0,14,19,4982,4632,147,203
2021-03-04,BENGKULU,12,0,0,12,4994,4632,147,215
2021-03-05,BENGKULU,15,0,10,5,5009,4642,147,220
2021-03-06,BENGKULU,8,0,0,8,5017,4642,147,228
2021-03-07,BENGKULU,10,0,21,-11,5027,4663,147,217
2021-03-08,BENGKULU,40,3,12,25,5067,4675,150,242
2021-03-09,BENGKULU,8,0,10,-2,5075,4685,150,240
2021-03-10,BENGKULU,9,0,10,-1,5084,4695,150,239
2021-03-11,BENGKULU,11,0,15,-4,5095,4710,150,235
2021-03-12,BENGKULU,27,0,13,14,5122,4723,150,249
2021-03-13,BENGKULU,3,0,10,-7,5125,4733,150,242
2021-03-14,BENGKULU,20,0,13,7,5145,4746,150,249
2021-03-15,BENGKULU,9,0,20,-11,5154,4766,150,238
2021-03-16,BENGKULU,15,0,15,0,5169,4781,150,238
2021-03-17,BENGKULU,35,0,25,10,5204,4806,150,248
2021-03-18,BENGKULU,8,1,21,-14,5212,4827,151,234
2021-03-19,BENGKULU,20,1,20,-1,5232,4847,152,233
2021-03-20,BENGKULU,10,1,10,-1,5242,4857,153,232
2021-03-21,BENGKULU,13,0,15,-2,5255,4872,153,230
2021-03-22,BENGKULU,3,0,15,-12,5258,4887,153,218
2021-03-23,BENGKULU,35,0,15,20,5293,4902,153,238
2021-03-24,BENGKULU,24,0,15,9,5317,4917,153,247
2021-03-25,BENGKULU,7,0,15,-8,5324,4932,153,239
2021-03-26,BENGKULU,8,1,15,-8,5332,4947,154,231
2021-03-27,BENGKULU,5,0,0,5,5337,4947,154,236
2021-03-28,BENGKULU,27,0,0,27,5364,4947,154,263
2021-03-29,BENGKULU,10,0,42,-32,5374,4989,154,231
2021-03-30,BENGKULU,52,0,18,34,5426,5007,154,265
2021-03-31,BENGKULU,35,0,17,18,5461,5024,154,283
2021-04-01,BENGKULU,23,0,18,5,5484,5042,154,288
2021-04-02,BENGKULU,7,0,15,-8,5491,5057,154,280
2021-04-03,BENGKULU,6,0,15,-9,5497,5072,154,271
2021-04-04,BENGKULU,38,0,0,38,5535,5072,154,309
2021-04-05,BENGKULU,14,3,40,-29,5549,5112,157,280
2021-04-06,BENGKULU,28,1,18,9,5577,5130,158,289
2021-04-07,BENGKULU,42,0,20,22,5619,5150,158,311
2021-04-08,BENGKULU,68,0,15,53,5687,5165,158,364
2021-04-09,BENGKULU,47,0,32,15,5734,5197,158,379
2021-04-10,BENGKULU,16,0,19,-3,5750,5216,158,376
2021-04-11,BENGKULU,45,0,30,15,5795,5246,158,391
2021-04-12,BENGKULU,6,2,27,-23,5801,5273,160,368
2021-04-13,BENGKULU,25,0,20,5,5826,5293,160,373
2021-04-14,BENGKULU,15,0,26,-11,5841,5319,160,362
2021-04-15,BENGKULU,46,2,20,24,5887,5339,162,386
2021-04-16,BENGKULU,55,0,30,25,5942,5369,162,411
2021-04-17,BENGKULU,54,1,29,24,5996,5398,163,435
2021-04-18,BENGKULU,95,1,35,59,6091,5433,164,494
2021-04-19,BENGKULU,27,1,34,-8,6118,5467,165,486
2021-04-20,BENGKULU,50,0,31,19,6168,5498,165,505
2021-04-21,BENGKULU,86,1,40,45,6254,5538,166,550
2021-04-22,BENGKULU,20,0,21,-1,6274,5559,166,549
2021-04-23,BENGKULU,90,0,31,59,6364,5590,166,608
2021-04-24,BENGKULU,40,0,25,15,6404,5615,166,623
2021-04-25,BENGKULU,114,0,51,63,6518,5666,166,686
2021-04-26,BENGKULU,42,5,40,-3,6560,5706,171,683
2021-04-27,BENGKULU,70,1,40,29,6630,5746,172,712
2021-04-28,BENGKULU,65,0,40,25,6695,5786,172,737
2021-04-29,BENGKULU,44,0,30,14,6739,5816,172,751
2021-04-30,BENGKULU,43,0,36,7,6782,5852,172,758
2021-05-01,BENGKULU,102,0,40,62,6884,5892,172,820
2021-05-02,BENGKULU,75,1,47,27,6959,5939,173,847
2021-05-03,BENGKULU,7,1,15,-9,6966,5954,174,838
2021-05-04,BENGKULU,54,0,38,16,7020,5992,174,854
2021-05-05,BENGKULU,35,0,41,-6,7055,6033,174,848
2021-05-06,BENGKULU,50,1,45,4,7105,6078,175,852
2021-05-07,BENGKULU,65,0,35,30,7170,6113,175,882
2021-05-08,BENGKULU,76,0,48,28,7246,6161,175,910
2021-05-09,BENGKULU,37,0,61,-24,7283,6222,175,886
2021-05-10,BENGKULU,18,0,53,-35,7301,6275,175,851
2021-05-11,BENGKULU,16,0,40,-24,7317,6315,175,827
2021-05-12,BENGKULU,50,0,51,-1,7367,6366,175,826
2021-05-13,BENGKULU,35,0,61,-26,7402,6427,175,800
2021-05-14,BENGKULU,29,0,40,-11,7431,6467,175,789
2021-05-15,BENGKULU,4,0,52,-48,7435,6519,175,741
2021-05-16,BENGKULU,8,0,35,-27,7443,6554,175,714
2021-05-17,BENGKULU,4,0,17,-13,7447,6571,175,701
2021-05-18,BENGKULU,26,0,51,-25,7473,6622,175,676
2021-05-19,BENGKULU,35,0,12,23,7508,6634,175,699
2021-05-20,BENGKULU,37,0,3,34,7545,6637,175,733
2021-05-21,BENGKULU,80,0,56,24,7625,6693,175,757
2021-05-22,BENGKULU,60,0,50,10,7685,6743,175,767
2021-05-23,BENGKULU,70,0,51,19,7755,6794,175,786
2021-05-24,BENGKULU,8,1,40,-33,7763,6834,176,753
2021-05-25,BENGKULU,30,1,55,-26,7793,6889,177,727
2021-05-26,BENGKULU,27,0,31,-4,7820,6920,177,723
2021-05-27,BENGKULU,19,0,42,-23,7839,6962,177,700
2021-05-28,BENGKULU,66,0,41,25,7905,7003,177,725
2021-05-29,BENGKULU,81,1,63,17,7986,7066,178,742
2021-05-30,BENGKULU,70,1,62,7,8056,7128,179,749
2021-05-31,BENGKULU,18,1,20,-3,8074,7148,180,746
2021-06-01,BENGKULU,40,0,48,-8,8114,7196,180,738
2021-06-02,BENGKULU,13,0,40,-27,8127,7236,180,711
2021-06-03,BENGKULU,30,0,36,-6,8157,7272,180,705
2021-06-04,BENGKULU,67,1,55,11,8224,7327,181,716
2021-06-05,BENGKULU,53,0,0,53,8277,7327,181,769
2021-06-06,BENGKULU,63,0,46,17,8340,7373,181,786
2021-06-07,BENGKULU,35,0,54,-19,8375,7427,181,767
2021-06-08,BENGKULU,26,0,64,-38,8401,7491,181,729
2021-06-09,BENGKULU,24,0,77,-53,8425,7568,181,676
2021-06-10,BENGKULU,33,0,34,-1,8458,7602,181,675
2021-06-11,BENGKULU,64,1,42,21,8522,7644,182,696
2021-06-12,BENGKULU,43,1,35,7,8565,7679,183,703
2021-06-13,BENGKULU,103,1,50,52,8668,7729,184,755
2021-06-14,BENGKULU,15,0,28,-13,8683,7757,184,742
2021-06-15,BENGKULU,34,1,79,-46,8717,7836,185,696
2021-06-16,BENGKULU,49,0,36,13,8766,7872,185,709
2021-06-17,BENGKULU,30,0,30,0,8796,7902,185,709
2021-06-18,BENGKULU,70,2,68,0,8866,7970,187,709
2021-06-19,BENGKULU,81,0,64,17,8947,8034,187,726
2021-06-20,BENGKULU,85,0,73,12,9032,8107,187,738
2021-06-21,BENGKULU,46,0,65,-19,9078,8172,187,719
2021-06-22,BENGKULU,101,0,0,101,9179,8172,187,820
2021-06-23,BENGKULU,106,0,106,0,9285,8278,187,820
2021-06-24,BENGKULU,141,0,80,61,9426,8358,187,881
2021-06-25,BENGKULU,196,2,93,101,9622,8451,189,982
2021-06-26,BENGKULU,109,0,75,34,9731,8526,189,1016
2021-06-27,BENGKULU,16,0,70,-54,9747,8596,189,962
2021-06-28,BENGKULU,10,1,54,-45,9757,8650,190,917
2021-06-29,BENGKULU,110,0,82,28,9867,8732,190,945
2021-06-30,BENGKULU,264,1,92,171,10131,8824,191,1116
2021-07-01,BENGKULU,178,0,84,94,10309,8908,191,1210
2021-07-02,BENGKULU,139,0,74,65,10448,8982,191,1275
2021-07-03,BENGKULU,140,0,89,51,10588,9071,191,1326
2021-07-04,BENGKULU,190,0,67,123,10778,9138,191,1449
2021-07-05,BENGKULU,100,2,89,9,10878,9227,193,1458
2021-07-06,BENGKULU,201,0,0,201,11079,9227,193,1659
2021-07-07,BENGKULU,227,0,144,83,11306,9371,193,1742
2021-07-08,BENGKULU,264,1,92,171,11570,9463,194,1913
2021-07-09,BENGKULU,101,0,67,34,11671,9530,194,1947
2021-07-10,BENGKULU,212,7,91,114,11883,9621,201,2061
2021-07-11,BENGKULU,161,17,111,33,12044,9732,218,2094
2021-07-12,BENGKULU,147,0,105,42,12191,9837,218,2136
2021-07-13,BENGKULU,154,0,92,62,12345,9929,218,2198
2021-07-14,BENGKULU,247,0,93,154,12592,10022,218,2352
2021-07-15,BENGKULU,372,0,124,248,12964,10146,218,2600
2021-07-16,BENGKULU,354,0,93,261,13318,10239,218,2861
2021-07-17,BENGKULU,217,3,98,116,13535,10337,221,2977
2021-07-18,BENGKULU,468,3,232,233,14003,10569,224,3210
2021-07-19,BENGKULU,116,2,133,-19,14119,10702,226,3191
2021-07-20,BENGKULU,101,0,167,-66,14220,10869,226,3125
2021-07-21,BENGKULU,197,0,94,103,14417,10963,226,3228
2021-07-22,BENGKULU,214,1,95,118,14631,11058,227,3346
2021-07-23,BENGKULU,444,5,208,231,15075,11266,232,3577
2021-07-24,BENGKULU,259,4,155,100,15334,11421,236,3677
2021-07-25,BENGKULU,275,8,190,77,15609,11611,244,3754
2021-07-26,BENGKULU,267,3,121,143,15876,11732,247,3897
2021-07-27,BENGKULU,274,2,190,82,16150,11922,249,3979
2021-07-28,BENGKULU,383,0,149,234,16533,12071,249,4213
2021-07-29,BENGKULU,365,1,127,237,16898,12198,250,4450
2021-07-30,BENGKULU,399,11,169,219,17297,12367,261,4669
2021-07-31,BENGKULU,520,1,388,131,17817,12755,262,4800
2021-08-01,BENGKULU,311,11,437,-137,18128,13192,273,4663
2021-08-02,BENGKULU,314,5,434,-125,18442,13626,278,4538
2021-08-03,BENGKULU,331,2,470,-141,18773,14096,280,4397
2021-08-04,BENGKULU,397,4,480,-87,19170,14576,284,4310
2021-08-05,BENGKULU,248,5,342,-99,19418,14918,289,4211
2021-08-06,BENGKULU,402,10,369,23,19820,15287,299,4234
2021-08-07,BENGKULU,231,3,400,-172,20051,15687,302,4062
2021-08-08,BENGKULU,107,1,300,-194,20158,15987,303,3868
2021-08-09,BENGKULU,221,7,300,-86,20379,16287,310,3782
2021-08-10,BENGKULU,120,11,200,-91,20499,16487,321,3691
2021-08-11,BENGKULU,206,7,200,-1,20705,16687,328,3690
2021-08-12,BENGKULU,117,3,200,-86,20822,16887,331,3604
2021-08-13,BENGKULU,197,8,200,-11,21019,17087,339,3593
2021-08-14,BENGKULU,265,0,200,65,21284,17287,339,3658
2021-08-15,BENGKULU,77,4,200,-127,21361,17487,343,3531
2021-08-16,BENGKULU,75,5,100,-30,21436,17587,348,3501
2021-08-17,BENGKULU,110,2,100,8,21546,17687,350,3509
2021-08-18,BENGKULU,28,0,100,-72,21574,17787,350,3437
2020-04-09,NUSA TENGGARA TIMUR,1,0,0,1,1,0,0,1
2020-04-10,NUSA TENGGARA TIMUR,0,0,0,0,1,0,0,1
2020-04-11,NUSA TENGGARA TIMUR,0,0,0,0,1,0,0,1
2020-04-12,NUSA TENGGARA TIMUR,0,0,0,0,1,0,0,1
2020-04-13,NUSA TENGGARA TIMUR,0,0,0,0,1,0,0,1
2020-04-14,NUSA TENGGARA TIMUR,0,0,0,0,1,0,0,1
2020-04-15,NUSA TENGGARA TIMUR,0,0,0,0,1,0,0,1
2020-04-16,NUSA TENGGARA TIMUR,0,0,0,0,1,0,0,1
2020-04-17,NUSA TENGGARA TIMUR,0,0,0,0,1,0,0,1
2020-04-18,NUSA TENGGARA TIMUR,0,0,0,0,1,0,0,1
2020-04-19,NUSA TENGGARA TIMUR,0,0,0,0,1,0,0,1
2020-04-20,NUSA TENGGARA TIMUR,0,0,0,0,1,0,0,1
2020-04-21,NUSA TENGGARA TIMUR,0,0,0,0,1,0,0,1
2020-04-22,NUSA TENGGARA TIMUR,0,0,0,0,1,0,0,1
2020-04-23,NUSA TENGGARA TIMUR,0,0,0,0,1,0,0,1
2020-04-24,NUSA TENGGARA TIMUR,0,0,1,-1,1,1,0,0
2020-04-25,NUSA TENGGARA TIMUR,0,0,0,0,1,1,0,0
2020-04-26,NUSA TENGGARA TIMUR,0,0,0,0,1,1,0,0
2020-04-27,NUSA TENGGARA TIMUR,0,0,0,0,1,1,0,0
2020-04-28,NUSA TENGGARA TIMUR,0,0,0,0,1,1,0,0
2020-04-29,NUSA TENGGARA TIMUR,0,0,0,0,1,1,0,0
2020-04-30,NUSA TENGGARA TIMUR,2,0,0,2,3,1,0,2
2020-05-01,NUSA TENGGARA TIMUR,0,0,0,0,3,1,0,2
2020-05-02,NUSA TENGGARA TIMUR,0,0,0,0,3,1,0,2
2020-05-03,NUSA TENGGARA TIMUR,7,0,0,7,10,1,0,9
2020-05-04,NUSA TENGGARA TIMUR,0,0,0,0,10,1,0,9
2020-05-05,NUSA TENGGARA TIMUR,3,0,0,3,13,1,0,12
2020-05-06,NUSA TENGGARA TIMUR,0,0,0,0,13,1,0,12
2020-05-07,NUSA TENGGARA TIMUR,0,0,0,0,13,1,0,12
2020-05-08,NUSA TENGGARA TIMUR,0,0,0,0,13,1,0,12
2020-05-09,NUSA TENGGARA TIMUR,0,0,0,0,13,1,0,12
2020-05-10,NUSA TENGGARA TIMUR,1,0,0,1,14,1,0,13
2020-05-11,NUSA TENGGARA TIMUR,0,0,0,0,14,1,0,13
2020-05-12,NUSA TENGGARA TIMUR,1,0,0,1,15,1,0,14
2020-05-13,NUSA TENGGARA TIMUR,6,0,0,6,21,1,0,20
2020-05-14,NUSA TENGGARA TIMUR,2,1,0,1,23,1,1,21
2020-05-15,NUSA TENGGARA TIMUR,0,0,0,0,23,1,1,21
2020-05-16,NUSA TENGGARA TIMUR,27,0,1,26,50,2,1,47
2020-05-17,NUSA TENGGARA TIMUR,12,0,4,8,62,6,1,55
2020-05-18,NUSA TENGGARA TIMUR,14,0,0,14,76,6,1,69
2020-05-19,NUSA TENGGARA TIMUR,3,0,0,3,79,6,1,72
2020-05-20,NUSA TENGGARA TIMUR,2,0,0,2,81,6,1,74
2020-05-21,NUSA TENGGARA TIMUR,3,0,0,3,84,6,1,77
2020-05-22,NUSA TENGGARA TIMUR,0,0,0,0,84,6,1,77
2020-05-23,NUSA TENGGARA TIMUR,0,0,0,0,84,6,1,77
2020-05-24,NUSA TENGGARA TIMUR,0,0,0,0,84,6,1,77
2020-05-25,NUSA TENGGARA TIMUR,1,0,0,1,85,6,1,78
2020-05-26,NUSA TENGGARA TIMUR,3,0,1,2,88,7,1,80
2020-05-27,NUSA TENGGARA TIMUR,0,0,2,-2,88,9,1,78
2020-05-28,NUSA TENGGARA TIMUR,0,0,0,0,88,9,1,78
2020-05-29,NUSA TENGGARA TIMUR,2,0,3,-1,90,12,1,77
2020-05-30,NUSA TENGGARA TIMUR,1,0,0,1,91,12,1,78
2020-05-31,NUSA TENGGARA TIMUR,1,0,2,-1,92,14,1,77
2020-06-01,NUSA TENGGARA TIMUR,5,0,0,5,97,14,1,82
2020-06-02,NUSA TENGGARA TIMUR,0,0,0,0,97,14,1,82
2020-06-03,NUSA TENGGARA TIMUR,1,0,0,1,98,14,1,83
2020-06-04,NUSA TENGGARA TIMUR,0,0,0,0,98,14,1,83
2020-06-05,NUSA TENGGARA TIMUR,0,0,0,0,98,14,1,83
2020-06-06,NUSA TENGGARA TIMUR,0,0,0,0,98,14,1,83
2020-06-07,NUSA TENGGARA TIMUR,0,0,0,0,98,14,1,83
2020-06-08,NUSA TENGGARA TIMUR,5,0,16,-11,103,30,1,72
2020-06-09,NUSA TENGGARA TIMUR,0,0,0,0,103,30,1,72
2020-06-10,NUSA TENGGARA TIMUR,2,0,7,-5,105,37,1,67
2020-06-11,NUSA TENGGARA TIMUR,0,0,0,0,105,37,1,67
2020-06-12,NUSA TENGGARA TIMUR,1,0,5,-4,106,42,1,63
2020-06-13,NUSA TENGGARA TIMUR,0,0,0,0,106,42,1,63
2020-06-14,NUSA TENGGARA TIMUR,2,0,0,2,108,42,1,65
2020-06-15,NUSA TENGGARA TIMUR,0,0,0,0,108,42,1,65
2020-06-16,NUSA TENGGARA TIMUR,0,0,0,0,108,42,1,65
2020-06-17,NUSA TENGGARA TIMUR,0,0,2,-2,108,44,1,63
2020-06-18,NUSA TENGGARA TIMUR,0,0,0,0,108,44,1,63
2020-06-19,NUSA TENGGARA TIMUR,0,0,0,0,108,44,1,63
2020-06-20,NUSA TENGGARA TIMUR,0,0,0,0,108,44,1,63
2020-06-21,NUSA TENGGARA TIMUR,3,0,0,3,111,44,1,66
2020-06-22,NUSA TENGGARA TIMUR,0,0,1,-1,111,45,1,65
2020-06-23,NUSA TENGGARA TIMUR,1,0,1,0,112,46,1,65
2020-06-24,NUSA TENGGARA TIMUR,0,0,0,0,112,46,1,65
2020-06-25,NUSA TENGGARA TIMUR,0,0,1,-1,112,47,1,64
2020-06-26,NUSA TENGGARA TIMUR,1,0,0,1,113,47,1,65
2020-06-27,NUSA TENGGARA TIMUR,0,0,0,0,113,47,1,65
2020-06-28,NUSA TENGGARA TIMUR,0,0,0,0,113,47,1,65
2020-06-29,NUSA TENGGARA TIMUR,0,0,0,0,113,47,1,65
2020-06-30,NUSA TENGGARA TIMUR,0,0,0,0,113,47,1,65
2020-07-01,NUSA TENGGARA TIMUR,0,0,0,0,113,47,1,65
2020-07-02,NUSA TENGGARA TIMUR,5,0,10,-5,118,57,1,60
2020-07-03,NUSA TENGGARA TIMUR,0,0,0,0,118,57,1,60
2020-07-04,NUSA TENGGARA TIMUR,0,0,0,0,118,57,1,60
2020-07-05,NUSA TENGGARA TIMUR,0,0,0,0,118,57,1,60
2020-07-06,NUSA TENGGARA TIMUR,0,0,0,0,118,57,1,60
2020-07-07,NUSA TENGGARA TIMUR,0,0,0,0,118,57,1,60
2020-07-08,NUSA TENGGARA TIMUR,3,0,34,-31,121,91,1,29
2020-07-09,NUSA TENGGARA TIMUR,0,0,0,0,121,91,1,29
2020-07-10,NUSA TENGGARA TIMUR,0,0,0,0,121,91,1,29
2020-07-11,NUSA TENGGARA TIMUR,0,0,0,0,121,91,1,29
2020-07-12,NUSA TENGGARA TIMUR,0,0,0,0,121,91,1,29
2020-07-13,NUSA TENGGARA TIMUR,0,0,0,0,121,91,1,29
2020-07-14,NUSA TENGGARA TIMUR,0,0,0,0,121,91,1,29
2020-07-15,NUSA TENGGARA TIMUR,0,0,0,0,121,91,1,29
2020-07-16,NUSA TENGGARA TIMUR,0,0,1,-1,121,92,1,28
2020-07-17,NUSA TENGGARA TIMUR,0,0,0,0,121,92,1,28
2020-07-18,NUSA TENGGARA TIMUR,10,0,12,-2,131,104,1,26
2020-07-19,NUSA TENGGARA TIMUR,0,0,0,0,131,104,1,26
2020-07-20,NUSA TENGGARA TIMUR,3,0,3,0,134,107,1,26
2020-07-21,NUSA TENGGARA TIMUR,3,0,4,-1,137,111,1,25
2020-07-22,NUSA TENGGARA TIMUR,0,0,0,0,137,111,1,25
2020-07-23,NUSA TENGGARA TIMUR,0,0,0,0,137,111,1,25
2020-07-24,NUSA TENGGARA TIMUR,0,0,0,0,137,111,1,25
2020-07-25,NUSA TENGGARA TIMUR,0,0,0,0,137,111,1,25
2020-07-26,NUSA TENGGARA TIMUR,8,0,0,8,145,111,1,33
2020-07-27,NUSA TENGGARA TIMUR,0,0,0,0,145,111,1,33
2020-07-28,NUSA TENGGARA TIMUR,0,0,0,0,145,111,1,33
2020-07-29,NUSA TENGGARA TIMUR,0,0,0,0,145,111,1,33
2020-07-30,NUSA TENGGARA TIMUR,0,0,0,0,145,111,1,33
2020-07-31,NUSA TENGGARA TIMUR,0,0,0,0,145,111,1,33
2020-08-01,NUSA TENGGARA TIMUR,0,0,0,0,145,111,1,33
2020-08-02,NUSA TENGGARA TIMUR,6,0,9,-3,151,120,1,30
2020-08-03,NUSA TENGGARA TIMUR,0,0,0,0,151,120,1,30
2020-08-04,NUSA TENGGARA TIMUR,0,0,0,0,151,120,1,30
2020-08-05,NUSA TENGGARA TIMUR,1,0,9,-8,152,129,1,22
2020-08-06,NUSA TENGGARA TIMUR,0,0,0,0,152,129,1,22
2020-08-07,NUSA TENGGARA TIMUR,0,0,1,-1,152,130,1,21
2020-08-08,NUSA TENGGARA TIMUR,0,0,0,0,152,130,1,21
2020-08-09,NUSA TENGGARA TIMUR,0,0,0,0,152,130,1,21
2020-08-10,NUSA TENGGARA TIMUR,0,0,0,0,152,130,1,21
2020-08-11,NUSA TENGGARA TIMUR,3,0,1,2,155,131,1,23
2020-08-12,NUSA TENGGARA TIMUR,7,0,6,1,162,137,1,24
2020-08-13,NUSA TENGGARA TIMUR,0,0,0,0,162,137,1,24
2020-08-14,NUSA TENGGARA TIMUR,0,0,0,0,162,137,1,24
2020-08-15,NUSA TENGGARA TIMUR,3,0,1,2,165,138,1,26
2020-08-16,NUSA TENGGARA TIMUR,0,0,0,0,165,138,1,26
2020-08-17,NUSA TENGGARA TIMUR,0,0,0,0,165,138,1,26
2020-08-18,NUSA TENGGARA TIMUR,0,0,0,0,165,138,1,26
2020-08-19,NUSA TENGGARA TIMUR,0,0,0,0,165,138,1,26
2020-08-20,NUSA TENGGARA TIMUR,0,0,0,0,165,138,1,26
2020-08-21,NUSA TENGGARA TIMUR,0,0,0,0,165,138,1,26
2020-08-22,NUSA TENGGARA TIMUR,6,1,10,-5,171,148,2,21
2020-08-23,NUSA TENGGARA TIMUR,0,0,1,-1,171,149,2,20
2020-08-24,NUSA TENGGARA TIMUR,0,0,0,0,171,149,2,20
2020-08-25,NUSA TENGGARA TIMUR,1,0,0,1,172,149,2,21
2020-08-26,NUSA TENGGARA TIMUR,1,0,0,1,173,149,2,22
2020-08-27,NUSA TENGGARA TIMUR,1,0,6,-5,174,155,2,17
2020-08-28,NUSA TENGGARA TIMUR,2,0,1,1,176,156,2,18
2020-08-29,NUSA TENGGARA TIMUR,0,0,0,0,176,156,2,18
2020-08-30,NUSA TENGGARA TIMUR,1,0,0,1,177,156,2,19
2020-08-31,NUSA TENGGARA TIMUR,0,0,0,0,177,156,2,19
2020-09-01,NUSA TENGGARA TIMUR,2,0,0,2,179,156,2,21
2020-09-02,NUSA TENGGARA TIMUR,12,0,3,9,191,159,2,30
2020-09-03,NUSA TENGGARA TIMUR,9,0,4,5,200,163,2,35
2020-09-04,NUSA TENGGARA TIMUR,2,0,0,2,202,163,2,37
2020-09-05,NUSA TENGGARA TIMUR,2,0,6,-4,204,169,2,33
2020-09-06,NUSA TENGGARA TIMUR,2,0,1,1,206,170,2,34
2020-09-07,NUSA TENGGARA TIMUR,0,1,0,-1,206,170,3,33
2020-09-08,NUSA TENGGARA TIMUR,3,0,0,3,209,170,3,36
2020-09-09,NUSA TENGGARA TIMUR,4,1,0,3,213,170,4,39
2020-09-10,NUSA TENGGARA TIMUR,0,0,0,0,213,170,4,39
2020-09-11,NUSA TENGGARA TIMUR,0,0,0,0,213,170,4,39
2020-09-12,NUSA TENGGARA TIMUR,4,1,0,3,217,170,5,42
2020-09-13,NUSA TENGGARA TIMUR,20,0,2,18,237,172,5,60
2020-09-14,NUSA TENGGARA TIMUR,0,0,0,0,237,172,5,60
2020-09-15,NUSA TENGGARA TIMUR,39,0,0,39,276,172,5,99
2020-09-16,NUSA TENGGARA TIMUR,13,0,1,12,289,173,5,111
2020-09-17,NUSA TENGGARA TIMUR,13,0,2,11,302,175,5,122
2020-09-18,NUSA TENGGARA TIMUR,11,0,4,7,313,179,5,129
2020-09-19,NUSA TENGGARA TIMUR,2,0,1,1,315,180,5,130
2020-09-20,NUSA TENGGARA TIMUR,6,0,51,-45,321,231,5,85
2020-09-21,NUSA TENGGARA TIMUR,0,0,0,0,321,231,5,85
2020-09-22,NUSA TENGGARA TIMUR,11,0,0,11,332,231,5,96
2020-09-23,NUSA TENGGARA TIMUR,17,1,9,7,349,240,6,103
2020-09-24,NUSA TENGGARA TIMUR,18,0,0,18,367,240,6,121
2020-09-25,NUSA TENGGARA TIMUR,21,0,0,21,388,240,6,142
2020-09-26,NUSA TENGGARA TIMUR,6,0,10,-4,394,250,6,138
2020-09-27,NUSA TENGGARA TIMUR,8,0,0,8,402,250,6,146
2020-09-28,NUSA TENGGARA TIMUR,0,0,13,-13,402,263,6,133
2020-09-29,NUSA TENGGARA TIMUR,4,0,5,-1,406,268,6,132
2020-09-30,NUSA TENGGARA TIMUR,18,0,6,12,424,274,6,144
2020-10-01,NUSA TENGGARA TIMUR,5,0,8,-3,429,282,6,141
2020-10-02,NUSA TENGGARA TIMUR,10,0,3,7,439,285,6,148
2020-10-03,NUSA TENGGARA TIMUR,9,0,0,9,448,285,6,157
2020-10-04,NUSA TENGGARA TIMUR,16,0,21,-5,464,306,6,152
2020-10-05,NUSA TENGGARA TIMUR,1,0,13,-12,465,319,6,140
2020-10-06,NUSA TENGGARA TIMUR,2,0,14,-12,467,333,6,128
2020-10-07,NUSA TENGGARA TIMUR,18,0,3,15,485,336,6,143
2020-10-08,NUSA TENGGARA TIMUR,47,1,7,39,532,343,7,182
2020-10-09,NUSA TENGGARA TIMUR,19,0,6,13,551,349,7,195
2020-10-10,NUSA TENGGARA TIMUR,7,0,3,4,558,352,7,199
2020-10-11,NUSA TENGGARA TIMUR,7,0,0,7,565,352,7,206
2020-10-12,NUSA TENGGARA TIMUR,0,0,1,-1,565,353,7,205
2020-10-13,NUSA TENGGARA TIMUR,7,0,9,-2,572,362,7,203
2020-10-14,NUSA TENGGARA TIMUR,2,0,7,-5,574,369,7,198
2020-10-15,NUSA TENGGARA TIMUR,1,0,0,1,575,369,7,199
2020-10-16,NUSA TENGGARA TIMUR,7,0,31,-24,582,400,7,175
2020-10-17,NUSA TENGGARA TIMUR,2,0,6,-4,584,406,7,171
2020-10-18,NUSA TENGGARA TIMUR,3,0,0,3,587,406,7,174
2020-10-19,NUSA TENGGARA TIMUR,1,0,0,1,588,406,7,175
2020-10-20,NUSA TENGGARA TIMUR,4,0,5,-1,592,411,7,174
2020-10-21,NUSA TENGGARA TIMUR,13,0,5,8,605,416,7,182
2020-10-22,NUSA TENGGARA TIMUR,10,0,6,4,615,422,7,186
2020-10-23,NUSA TENGGARA TIMUR,19,0,12,7,634,434,7,193
2020-10-24,NUSA TENGGARA TIMUR,15,0,9,6,649,443,7,199
2020-10-25,NUSA TENGGARA TIMUR,3,0,0,3,652,443,7,202
2020-10-26,NUSA TENGGARA TIMUR,1,0,0,1,653,443,7,203
2020-10-27,NUSA TENGGARA TIMUR,14,0,6,8,667,449,7,211
2020-10-28,NUSA TENGGARA TIMUR,2,0,14,-12,669,463,7,199
2020-10-29,NUSA TENGGARA TIMUR,10,0,2,8,679,465,7,207
2020-10-30,NUSA TENGGARA TIMUR,0,0,33,-33,679,498,7,174
2020-10-31,NUSA TENGGARA TIMUR,2,0,0,2,681,498,7,176
2020-11-01,NUSA TENGGARA TIMUR,9,0,1,8,690,499,7,184
2020-11-02,NUSA TENGGARA TIMUR,4,0,1,3,694,500,7,187
2020-11-03,NUSA TENGGARA TIMUR,24,2,18,4,718,518,9,191
2020-11-04,NUSA TENGGARA TIMUR,10,0,5,5,728,523,9,196
2020-11-05,NUSA TENGGARA TIMUR,15,2,9,4,743,532,11,200
2020-11-06,NUSA TENGGARA TIMUR,8,0,21,-13,751,553,11,187
2020-11-07,NUSA TENGGARA TIMUR,17,0,4,13,768,557,11,200
2020-11-08,NUSA TENGGARA TIMUR,10,0,15,-5,778,572,11,195
2020-11-09,NUSA TENGGARA TIMUR,1,0,8,-7,779,580,11,188
2020-11-10,NUSA TENGGARA TIMUR,8,0,5,3,787,585,11,191
2020-11-11,NUSA TENGGARA TIMUR,6,0,0,6,793,585,11,197
2020-11-12,NUSA TENGGARA TIMUR,12,0,2,10,805,587,11,207
2020-11-13,NUSA TENGGARA TIMUR,18,3,8,7,823,595,14,214
2020-11-14,NUSA TENGGARA TIMUR,7,0,13,-6,830,608,14,208
2020-11-15,NUSA TENGGARA TIMUR,0,0,1,-1,830,609,14,207
2020-11-16,NUSA TENGGARA TIMUR,11,0,14,-3,841,623,14,204
2020-11-17,NUSA TENGGARA TIMUR,25,1,4,20,866,627,15,224
2020-11-18,NUSA TENGGARA TIMUR,33,0,6,27,899,633,15,251
2020-11-19,NUSA TENGGARA TIMUR,0,0,0,0,899,633,15,251
2020-11-20,NUSA TENGGARA TIMUR,13,0,21,-8,912,654,15,243
2020-11-21,NUSA TENGGARA TIMUR,25,0,2,23,937,656,15,266
2020-11-22,NUSA TENGGARA TIMUR,14,2,6,6,951,662,17,272
2020-11-23,NUSA TENGGARA TIMUR,8,0,14,-6,959,676,17,266
2020-11-24,NUSA TENGGARA TIMUR,1,0,1,0,960,677,17,266
2020-11-25,NUSA TENGGARA TIMUR,42,1,9,32,1002,686,18,298
2020-11-26,NUSA TENGGARA TIMUR,75,0,2,73,1077,688,18,371
2020-11-27,NUSA TENGGARA TIMUR,33,0,0,33,1110,688,18,404
2020-11-28,NUSA TENGGARA TIMUR,27,0,12,15,1137,700,18,419
2020-11-29,NUSA TENGGARA TIMUR,52,0,1,51,1189,701,18,470
2020-11-30,NUSA TENGGARA TIMUR,20,0,20,0,1209,721,18,470
2020-12-01,NUSA TENGGARA TIMUR,33,2,2,29,1242,723,20,499
2020-12-02,NUSA TENGGARA TIMUR,29,2,2,25,1271,725,22,524
2020-12-03,NUSA TENGGARA TIMUR,26,1,6,19,1297,731,23,543
2020-12-04,NUSA TENGGARA TIMUR,29,1,7,21,1326,738,24,564
2020-12-05,NUSA TENGGARA TIMUR,18,1,0,17,1344,738,25,581
2020-12-06,NUSA TENGGARA TIMUR,25,1,3,21,1369,741,26,602
2020-12-07,NUSA TENGGARA TIMUR,59,0,0,59,1428,741,26,661
2020-12-08,NUSA TENGGARA TIMUR,21,0,13,8,1449,754,26,669
2020-12-09,NUSA TENGGARA TIMUR,27,3,7,17,1476,761,29,686
2020-12-10,NUSA TENGGARA TIMUR,33,1,12,20,1509,773,30,706
2020-12-11,NUSA TENGGARA TIMUR,6,1,20,-15,1515,793,31,691
2020-12-12,NUSA TENGGARA TIMUR,22,2,19,1,1537,812,33,692
2020-12-13,NUSA TENGGARA TIMUR,10,1,19,-10,1547,831,34,682
2020-12-14,NUSA TENGGARA TIMUR,1,0,0,1,1548,831,34,683
2020-12-15,NUSA TENGGARA TIMUR,12,0,1,11,1560,832,34,694
2020-12-16,NUSA TENGGARA TIMUR,40,2,37,1,1600,869,36,695
2020-12-17,NUSA TENGGARA TIMUR,43,0,16,27,1643,885,36,722
2020-12-18,NUSA TENGGARA TIMUR,65,0,35,30,1708,920,36,752
2020-12-19,NUSA TENGGARA TIMUR,71,0,7,64,1779,927,36,816
2020-12-20,NUSA TENGGARA TIMUR,29,2,38,-11,1808,965,38,805
2020-12-21,NUSA TENGGARA TIMUR,13,2,8,3,1821,973,40,808
2020-12-22,NUSA TENGGARA TIMUR,86,1,15,70,1907,988,41,878
2020-12-23,NUSA TENGGARA TIMUR,52,0,83,-31,1959,1071,41,847
2020-12-24,NUSA TENGGARA TIMUR,37,0,14,23,1996,1085,41,870
2020-12-25,NUSA TENGGARA TIMUR,16,0,31,-15,2012,1116,41,855
2020-12-26,NUSA TENGGARA TIMUR,0,1,3,-4,2012,1119,42,851
2020-12-27,NUSA TENGGARA TIMUR,29,0,4,25,2041,1123,42,876
2020-12-28,NUSA TENGGARA TIMUR,17,1,3,13,2058,1126,43,889
2020-12-29,NUSA TENGGARA TIMUR,30,0,7,23,2088,1133,43,912
2020-12-30,NUSA TENGGARA TIMUR,53,4,66,-17,2141,1199,47,895
2020-12-31,NUSA TENGGARA TIMUR,26,2,4,20,2167,1203,49,915
2021-01-01,NUSA TENGGARA TIMUR,14,0,1,13,2181,1204,49,928
2021-01-02,NUSA TENGGARA TIMUR,35,0,3,32,2216,1207,49,960
2021-01-03,NUSA TENGGARA TIMUR,19,3,66,-50,2235,1273,52,910
2021-01-04,NUSA TENGGARA TIMUR,4,0,16,-12,2239,1289,52,898
2021-01-05,NUSA TENGGARA TIMUR,57,2,14,41,2296,1303,54,939
2021-01-06,NUSA TENGGARA TIMUR,24,1,38,-15,2320,1341,55,924
2021-01-07,NUSA TENGGARA TIMUR,79,0,52,27,2399,1393,55,951
2021-01-08,NUSA TENGGARA TIMUR,51,0,85,-34,2450,1478,55,917
2021-01-09,NUSA TENGGARA TIMUR,31,1,16,14,2481,1494,56,931
2021-01-10,NUSA TENGGARA TIMUR,45,3,14,28,2526,1508,59,959
2021-01-11,NUSA TENGGARA TIMUR,12,1,63,-52,2538,1571,60,907
2021-01-12,NUSA TENGGARA TIMUR,37,7,0,30,2575,1571,67,937
2021-01-13,NUSA TENGGARA TIMUR,171,4,18,149,2746,1589,71,1086
2021-01-14,NUSA TENGGARA TIMUR,56,6,9,41,2802,1598,77,1127
2021-01-15,NUSA TENGGARA TIMUR,57,1,24,32,2859,1622,78,1159
2021-01-16,NUSA TENGGARA TIMUR,118,6,30,82,2977,1652,84,1241
2021-01-17,NUSA TENGGARA TIMUR,67,1,28,38,3044,1680,85,1279
2021-01-18,NUSA TENGGARA TIMUR,101,3,27,71,3145,1707,88,1350
2021-01-19,NUSA TENGGARA TIMUR,7,0,0,7,3152,1707,88,1357
2021-01-20,NUSA TENGGARA TIMUR,192,4,34,154,3344,1741,92,1511
2021-01-21,NUSA TENGGARA TIMUR,44,0,25,19,3388,1766,92,1530
2021-01-22,NUSA TENGGARA TIMUR,275,10,68,197,3663,1834,102,1727
2021-01-23,NUSA TENGGARA TIMUR,271,5,83,183,3934,1917,107,1910
2021-01-24,NUSA TENGGARA TIMUR,74,1,85,-12,4008,2002,108,1898
2021-01-25,NUSA TENGGARA TIMUR,121,4,40,77,4129,2042,112,1975
2021-01-26,NUSA TENGGARA TIMUR,221,8,88,125,4350,2130,120,2100
2021-01-27,NUSA TENGGARA TIMUR,127,3,26,98,4477,2156,123,2198
2021-01-28,NUSA TENGGARA TIMUR,116,5,69,42,4593,2225,128,2240
2021-01-29,NUSA TENGGARA TIMUR,93,4,93,-4,4686,2318,132,2236
2021-01-30,NUSA TENGGARA TIMUR,163,7,21,135,4849,2339,139,2371
2021-01-31,NUSA TENGGARA TIMUR,56,3,44,9,4905,2383,142,2380
2021-02-01,NUSA TENGGARA TIMUR,134,1,20,113,5039,2403,143,2493
2021-02-02,NUSA TENGGARA TIMUR,173,2,14,157,5212,2417,145,2650
2021-02-03,NUSA TENGGARA TIMUR,112,2,97,13,5324,2514,147,2663
2021-02-04,NUSA TENGGARA TIMUR,158,2,11,145,5482,2525,149,2808
2021-02-05,NUSA TENGGARA TIMUR,389,0,123,266,5871,2648,149,3074
2021-02-06,NUSA TENGGARA TIMUR,198,1,14,183,6069,2662,150,3257
2021-02-07,NUSA TENGGARA TIMUR,213,5,89,119,6282,2751,155,3376
2021-02-08,NUSA TENGGARA TIMUR,83,5,106,-28,6365,2857,160,3348
2021-02-09,NUSA TENGGARA TIMUR,113,1,69,43,6478,2926,161,3391
2021-02-10,NUSA TENGGARA TIMUR,90,0,59,31,6568,2985,161,3422
2021-02-11,NUSA TENGGARA TIMUR,32,1,209,-178,6600,3194,162,3244
2021-02-12,NUSA TENGGARA TIMUR,185,10,559,-384,6785,3753,172,2860
2021-02-13,NUSA TENGGARA TIMUR,235,6,71,158,7020,3824,178,3018
2021-02-14,NUSA TENGGARA TIMUR,252,5,72,175,7272,3896,183,3193
2021-02-15,NUSA TENGGARA TIMUR,115,3,355,-243,7387,4251,186,2950
2021-02-16,NUSA TENGGARA TIMUR,130,1,298,-169,7517,4549,187,2781
2021-02-17,NUSA TENGGARA TIMUR,103,3,90,10,7620,4639,190,2791
2021-02-18,NUSA TENGGARA TIMUR,224,2,197,25,7844,4836,192,2816
2021-02-19,NUSA TENGGARA TIMUR,133,3,144,-14,7977,4980,195,2802
2021-02-20,NUSA TENGGARA TIMUR,176,3,351,-178,8153,5331,198,2624
2021-02-21,NUSA TENGGARA TIMUR,100,2,103,-5,8253,5434,200,2619
2021-02-22,NUSA TENGGARA TIMUR,138,17,281,-160,8391,5715,217,2459
2021-02-23,NUSA TENGGARA TIMUR,195,6,149,40,8586,5864,223,2499
2021-02-24,NUSA TENGGARA TIMUR,95,21,280,-206,8681,6144,244,2293
2021-02-25,NUSA TENGGARA TIMUR,202,1,97,104,8883,6241,245,2397
2021-02-26,NUSA TENGGARA TIMUR,116,4,104,8,8999,6345,249,2405
2021-02-27,NUSA TENGGARA TIMUR,140,7,97,36,9139,6442,256,2441
2021-02-28,NUSA TENGGARA TIMUR,108,1,61,46,9247,6503,257,2487
2021-03-01,NUSA TENGGARA TIMUR,40,5,180,-145,9287,6683,262,2342
2021-03-02,NUSA TENGGARA TIMUR,117,3,171,-57,9404,6854,265,2285
2021-03-03,NUSA TENGGARA TIMUR,141,2,188,-49,9545,7042,267,2236
2021-03-04,NUSA TENGGARA TIMUR,103,2,116,-15,9648,7158,269,2221
2021-03-05,NUSA TENGGARA TIMUR,150,3,167,-20,9798,7325,272,2201
2021-03-06,NUSA TENGGARA TIMUR,130,8,211,-89,9928,7536,280,2112
2021-03-07,NUSA TENGGARA TIMUR,43,1,55,-13,9971,7591,281,2099
2021-03-08,NUSA TENGGARA TIMUR,134,4,121,9,10105,7712,285,2108
2021-03-09,NUSA TENGGARA TIMUR,136,3,173,-40,10241,7885,288,2068
2021-03-10,NUSA TENGGARA TIMUR,114,0,75,39,10355,7960,288,2107
2021-03-11,NUSA TENGGARA TIMUR,66,1,126,-61,10421,8086,289,2046
2021-03-12,NUSA TENGGARA TIMUR,128,1,29,98,10549,8115,290,2144
2021-03-13,NUSA TENGGARA TIMUR,141,6,9,126,10690,8124,296,2270
2021-03-14,NUSA TENGGARA TIMUR,23,1,232,-210,10713,8356,297,2060
2021-03-15,NUSA TENGGARA TIMUR,83,0,9,74,10796,8365,297,2134
2021-03-16,NUSA TENGGARA TIMUR,193,0,193,0,10989,8558,297,2134
2021-03-17,NUSA TENGGARA TIMUR,220,7,105,108,11209,8663,304,2242
2021-03-18,NUSA TENGGARA TIMUR,167,0,210,-43,11376,8873,304,2199
2021-03-19,NUSA TENGGARA TIMUR,96,0,0,96,11472,8873,304,2295
2021-03-20,NUSA TENGGARA TIMUR,160,1,34,125,11632,8907,305,2420
2021-03-21,NUSA TENGGARA TIMUR,37,4,90,-57,11669,8997,309,2363
2021-03-22,NUSA TENGGARA TIMUR,76,1,56,19,11745,9053,310,2382
2021-03-23,NUSA TENGGARA TIMUR,169,10,73,86,11914,9126,320,2468
2021-03-24,NUSA TENGGARA TIMUR,98,3,152,-57,12012,9278,323,2411
2021-03-25,NUSA TENGGARA TIMUR,54,1,108,-55,12066,9386,324,2356
2021-03-26,NUSA TENGGARA TIMUR,43,0,37,6,12109,9423,324,2362
2021-03-27,NUSA TENGGARA TIMUR,53,0,56,-3,12162,9479,324,2359
2021-03-28,NUSA TENGGARA TIMUR,20,0,13,7,12182,9492,324,2366
2021-03-29,NUSA TENGGARA TIMUR,27,2,498,-473,12209,9990,326,1893
2021-03-30,NUSA TENGGARA TIMUR,116,4,18,94,12325,10008,330,1987
2021-03-31,NUSA TENGGARA TIMUR,90,3,270,-183,12415,10278,333,1804
2021-04-01,NUSA TENGGARA TIMUR,86,2,154,-70,12501,10432,335,1734
2021-04-02,NUSA TENGGARA TIMUR,79,0,7,72,12580,10439,335,1806
2021-04-03,NUSA TENGGARA TIMUR,30,2,50,-22,12610,10489,337,1784
2021-04-04,NUSA TENGGARA TIMUR,32,3,34,-5,12642,10523,340,1779
2021-04-05,NUSA TENGGARA TIMUR,0,2,20,-22,12642,10543,342,1757
2021-04-06,NUSA TENGGARA TIMUR,27,2,36,-11,12669,10579,344,1746
2021-04-07,NUSA TENGGARA TIMUR,15,1,6,8,12684,10585,345,1754
2021-04-08,NUSA TENGGARA TIMUR,29,3,5,21,12713,10590,348,1775
2021-04-09,NUSA TENGGARA TIMUR,42,1,611,-570,12755,11201,349,1205
2021-04-10,NUSA TENGGARA TIMUR,45,0,3,42,12800,11204,349,1247
2021-04-11,NUSA TENGGARA TIMUR,0,0,2,-2,12800,11206,349,1245
2021-04-12,NUSA TENGGARA TIMUR,42,0,158,-116,12842,11364,349,1129
2021-04-13,NUSA TENGGARA TIMUR,116,0,9,107,12958,11373,349,1236
2021-04-14,NUSA TENGGARA TIMUR,55,1,5,49,13013,11378,350,1285
2021-04-15,NUSA TENGGARA TIMUR,52,5,120,-73,13065,11498,355,1212
2021-04-16,NUSA TENGGARA TIMUR,131,0,45,86,13196,11543,355,1298
2021-04-17,NUSA TENGGARA TIMUR,24,2,57,-35,13220,11600,357,1263
2021-04-18,NUSA TENGGARA TIMUR,4,1,9,-6,13224,11609,358,1257
2021-04-19,NUSA TENGGARA TIMUR,26,0,47,-21,13250,11656,358,1236
2021-04-20,NUSA TENGGARA TIMUR,248,3,338,-93,13498,11994,361,1143
2021-04-21,NUSA TENGGARA TIMUR,284,0,0,284,13782,11994,361,1427
2021-04-22,NUSA TENGGARA TIMUR,125,1,64,60,13907,12058,362,1487
2021-04-23,NUSA TENGGARA TIMUR,27,0,2,25,13934,12060,362,1512
2021-04-24,NUSA TENGGARA TIMUR,53,1,43,9,13987,12103,363,1521
2021-04-25,NUSA TENGGARA TIMUR,14,0,52,-38,14001,12155,363,1483
2021-04-26,NUSA TENGGARA TIMUR,71,0,29,42,14072,12184,363,1525
2021-04-27,NUSA TENGGARA TIMUR,128,3,284,-159,14200,12468,366,1366
2021-04-28,NUSA TENGGARA TIMUR,31,0,12,19,14231,12480,366,1385
2021-04-29,NUSA TENGGARA TIMUR,32,3,45,-16,14263,12525,369,1369
2021-04-30,NUSA TENGGARA TIMUR,90,5,17,68,14353,12542,374,1437
2021-05-01,NUSA TENGGARA TIMUR,31,0,20,11,14384,12562,374,1448
2021-05-02,NUSA TENGGARA TIMUR,252,3,173,76,14636,12735,377,1524
2021-05-03,NUSA TENGGARA TIMUR,61,1,62,-2,14697,12797,378,1522
2021-05-04,NUSA TENGGARA TIMUR,59,0,25,34,14756,12822,378,1556
2021-05-05,NUSA TENGGARA TIMUR,55,2,133,-80,14811,12955,380,1476
2021-05-06,NUSA TENGGARA TIMUR,273,3,61,209,15084,13016,383,1685
2021-05-07,NUSA TENGGARA TIMUR,89,6,116,-33,15173,13132,389,1652
2021-05-08,NUSA TENGGARA TIMUR,77,4,151,-78,15250,13283,393,1574
2021-05-09,NUSA TENGGARA TIMUR,52,2,13,37,15302,13296,395,1611
2021-05-10,NUSA TENGGARA TIMUR,60,0,68,-8,15362,13364,395,1603
2021-05-11,NUSA TENGGARA TIMUR,125,1,167,-43,15487,13531,396,1560
2021-05-12,NUSA TENGGARA TIMUR,9,1,1,7,15496,13532,397,1567
2021-05-13,NUSA TENGGARA TIMUR,4,6,49,-51,15500,13581,403,1516
2021-05-14,NUSA TENGGARA TIMUR,77,1,75,1,15577,13656,404,1517
2021-05-15,NUSA TENGGARA TIMUR,5,0,32,-27,15582,13688,404,1490
2021-05-16,NUSA TENGGARA TIMUR,0,0,43,-43,15582,13731,404,1447
2021-05-17,NUSA TENGGARA TIMUR,53,2,372,-321,15635,14103,406,1126
2021-05-18,NUSA TENGGARA TIMUR,50,2,90,-42,15685,14193,408,1084
2021-05-19,NUSA TENGGARA TIMUR,10,0,78,-68,15695,14271,408,1016
2021-05-20,NUSA TENGGARA TIMUR,12,1,57,-46,15707,14328,409,970
2021-05-21,NUSA TENGGARA TIMUR,16,2,17,-3,15723,14345,411,967
2021-05-22,NUSA TENGGARA TIMUR,36,0,43,-7,15759,14388,411,960
2021-05-23,NUSA TENGGARA TIMUR,50,2,119,-71,15809,14507,413,889
2021-05-24,NUSA TENGGARA TIMUR,67,1,118,-52,15876,14625,414,837
2021-05-25,NUSA TENGGARA TIMUR,10,0,72,-62,15886,14697,414,775
2021-05-26,NUSA TENGGARA TIMUR,21,1,4,16,15907,14701,415,791
2021-05-27,NUSA TENGGARA TIMUR,1,0,1,0,15908,14702,415,791
2021-05-28,NUSA TENGGARA TIMUR,175,2,170,3,16083,14872,417,794
2021-05-29,NUSA TENGGARA TIMUR,2,0,1,1,16085,14873,417,795
2021-05-30,NUSA TENGGARA TIMUR,25,1,11,13,16110,14884,418,808
2021-05-31,NUSA TENGGARA TIMUR,150,3,123,24,16260,15007,421,832
2021-06-01,NUSA TENGGARA TIMUR,8,0,49,-41,16268,15056,421,791
2021-06-02,NUSA TENGGARA TIMUR,61,0,6,55,16329,15062,421,846
2021-06-03,NUSA TENGGARA TIMUR,33,1,99,-67,16362,15161,422,779
2021-06-04,NUSA TENGGARA TIMUR,233,3,271,-41,16595,15432,425,738
2021-06-05,NUSA TENGGARA TIMUR,29,2,43,-16,16624,15475,427,722
2021-06-06,NUSA TENGGARA TIMUR,70,3,55,12,16694,15530,430,734
2021-06-07,NUSA TENGGARA TIMUR,177,2,181,-6,16871,15711,432,728
2021-06-08,NUSA TENGGARA TIMUR,84,7,128,-51,16955,15839,439,677
2021-06-09,NUSA TENGGARA TIMUR,26,1,24,1,16981,15863,440,678
2021-06-10,NUSA TENGGARA TIMUR,63,2,13,48,17044,15876,442,726
2021-06-11,NUSA TENGGARA TIMUR,10,1,7,2,17054,15883,443,728
2021-06-12,NUSA TENGGARA TIMUR,50,3,43,4,17104,15926,446,732
2021-06-13,NUSA TENGGARA TIMUR,60,2,74,-16,17164,16000,448,716
2021-06-14,NUSA TENGGARA TIMUR,70,3,30,37,17234,16030,451,753
2021-06-15,NUSA TENGGARA TIMUR,14,0,4,10,17248,16034,451,763
2021-06-16,NUSA TENGGARA TIMUR,47,0,44,3,17295,16078,451,766
2021-06-17,NUSA TENGGARA TIMUR,9,0,6,3,17304,16084,451,769
2021-06-18,NUSA TENGGARA TIMUR,20,0,6,14,17324,16090,451,783
2021-06-19,NUSA TENGGARA TIMUR,6,0,14,-8,17330,16104,451,775
2021-06-20,NUSA TENGGARA TIMUR,34,0,17,17,17364,16121,451,792
2021-06-21,NUSA TENGGARA TIMUR,7,1,9,-3,17371,16130,452,789
2021-06-22,NUSA TENGGARA TIMUR,97,0,21,76,17468,16151,452,865
2021-06-23,NUSA TENGGARA TIMUR,71,0,5,66,17539,16156,452,931
2021-06-24,NUSA TENGGARA TIMUR,104,4,50,50,17643,16206,456,981
2021-06-25,NUSA TENGGARA TIMUR,172,0,54,118,17815,16260,456,1099
2021-06-26,NUSA TENGGARA TIMUR,106,0,0,106,17921,16260,456,1205
2021-06-27,NUSA TENGGARA TIMUR,114,3,18,93,18035,16278,459,1298
2021-06-28,NUSA TENGGARA TIMUR,78,0,31,47,18113,16309,459,1345
2021-06-29,NUSA TENGGARA TIMUR,125,0,22,103,18238,16331,459,1448
2021-06-30,NUSA TENGGARA TIMUR,178,1,10,167,18416,16341,460,1615
2021-07-01,NUSA TENGGARA TIMUR,349,3,196,150,18765,16537,463,1765
2021-07-02,NUSA TENGGARA TIMUR,487,3,10,474,19252,16547,466,2239
2021-07-03,NUSA TENGGARA TIMUR,383,1,7,375,19635,16554,467,2614
2021-07-04,NUSA TENGGARA TIMUR,340,3,41,296,19975,16595,470,2910
2021-07-05,NUSA TENGGARA TIMUR,461,6,417,38,20436,17012,476,2948
2021-07-06,NUSA TENGGARA TIMUR,632,4,212,416,21068,17224,480,3364
2021-07-07,NUSA TENGGARA TIMUR,731,4,28,699,21799,17252,484,4063
2021-07-08,NUSA TENGGARA TIMUR,914,5,43,866,22713,17295,489,4929
2021-07-09,NUSA TENGGARA TIMUR,220,5,90,125,22933,17385,494,5054
2021-07-10,NUSA TENGGARA TIMUR,353,0,115,238,23286,17500,494,5292
2021-07-11,NUSA TENGGARA TIMUR,474,3,57,414,23760,17557,497,5706
2021-07-12,NUSA TENGGARA TIMUR,697,2,47,648,24457,17604,499,6354
2021-07-13,NUSA TENGGARA TIMUR,1128,3,54,1071,25585,17658,502,7425
2021-07-14,NUSA TENGGARA TIMUR,537,3,165,369,26122,17823,505,7794
2021-07-15,NUSA TENGGARA TIMUR,639,4,35,600,26761,17858,509,8394
2021-07-16,NUSA TENGGARA TIMUR,547,10,160,377,27308,18018,519,8771
2021-07-17,NUSA TENGGARA TIMUR,488,17,254,217,27796,18272,536,8988
2021-07-18,NUSA TENGGARA TIMUR,565,2,141,422,28361,18413,538,9410
2021-07-19,NUSA TENGGARA TIMUR,749,9,241,499,29110,18654,547,9909
2021-07-20,NUSA TENGGARA TIMUR,731,6,471,254,29841,19125,553,10163
2021-07-21,NUSA TENGGARA TIMUR,1249,5,678,566,31090,19803,558,10729
2021-07-22,NUSA TENGGARA TIMUR,779,9,216,554,31869,20019,567,11283
2021-07-23,NUSA TENGGARA TIMUR,807,12,880,-85,32676,20899,579,11198
2021-07-24,NUSA TENGGARA TIMUR,509,18,429,62,33185,21328,597,11260
2021-07-25,NUSA TENGGARA TIMUR,1080,13,173,894,34265,21501,610,12154
2021-07-26,NUSA TENGGARA TIMUR,320,8,1121,-809,34585,22622,618,11345
2021-07-27,NUSA TENGGARA TIMUR,1244,43,1250,-49,35829,23872,661,11296
2021-07-28,NUSA TENGGARA TIMUR,1127,13,848,266,36956,24720,674,11562
2021-07-29,NUSA TENGGARA TIMUR,781,15,617,149,37737,25337,689,11711
2021-07-30,NUSA TENGGARA TIMUR,722,28,570,124,38459,25907,717,11835
2021-07-31,NUSA TENGGARA TIMUR,647,10,660,-23,39106,26567,727,11812
2021-08-01,NUSA TENGGARA TIMUR,886,5,553,328,39992,27120,732,12140
2021-08-02,NUSA TENGGARA TIMUR,410,20,274,116,40402,27394,752,12256
2021-08-03,NUSA TENGGARA TIMUR,607,16,1479,-888,41009,28873,768,11368
2021-08-04,NUSA TENGGARA TIMUR,530,15,982,-467,41539,29855,783,10901
2021-08-05,NUSA TENGGARA TIMUR,1136,11,476,649,42675,30331,794,11550
2021-08-06,NUSA TENGGARA TIMUR,3598,19,910,2669,46273,31241,813,14219
2021-08-07,NUSA TENGGARA TIMUR,1027,56,3000,-2029,47300,34241,869,12190
2021-08-08,NUSA TENGGARA TIMUR,721,20,1168,-467,48021,35409,889,11723
2021-08-09,NUSA TENGGARA TIMUR,636,7,1095,-466,48657,36504,896,11257
2021-08-10,NUSA TENGGARA TIMUR,912,36,1347,-471,49569,37851,932,10786
2021-08-11,NUSA TENGGARA TIMUR,867,30,1514,-677,50436,39365,962,10109
2021-08-12,NUSA TENGGARA TIMUR,716,15,1285,-584,51152,40650,977,9525
2021-08-13,NUSA TENGGARA TIMUR,885,18,708,159,52037,41358,995,9684
2021-08-14,NUSA TENGGARA TIMUR,649,21,892,-264,52686,42250,1016,9420
2021-08-15,NUSA TENGGARA TIMUR,498,7,1421,-930,53184,43671,1023,8490
2021-08-16,NUSA TENGGARA TIMUR,438,18,969,-549,53622,44640,1041,7941
2021-08-17,NUSA TENGGARA TIMUR,657,15,633,9,54279,45273,1056,7950
2021-08-18,NUSA TENGGARA TIMUR,527,8,949,-430,54806,46222,1064,7520